Vd Vg Vs Vb Idnorm  
0.05 0.0 0 0 7.75041197191e-09
0.7 0.0 0 0 2.79006240697e-08
0.05 0.00707070707071 0 0 9.46418511845e-09
0.7 0.00707070707071 0 0 3.39973059705e-08
0.05 0.0141414141414 0 0 1.15564758457e-08
0.7 0.0141414141414 0 0 4.14223197109e-08
0.05 0.0212121212121 0 0 1.41106861876e-08
0.7 0.0212121212121 0 0 5.0463421723e-08
0.05 0.0282828282828 0 0 1.72285049198e-08
0.7 0.0282828282828 0 0 6.14700273464e-08
0.05 0.0353535353535 0 0 2.10338784586e-08
0.7 0.0353535353535 0 0 7.48661564016e-08
0.05 0.0424242424242 0 0 2.56778283275e-08
0.7 0.0424242424242 0 0 9.11659938967e-08
0.05 0.0494949494949 0 0 3.13442896199e-08
0.7 0.0494949494949 0 0 1.10992553517e-07
0.05 0.0565656565657 0 0 3.82571784908e-08
0.7 0.0565656565657 0 0 1.35100006271e-07
0.05 0.0636363636364 0 0 4.66889359122e-08
0.7 0.0636363636364 0 0 1.64400315366e-07
0.05 0.0707070707071 0 0 5.69708400206e-08
0.7 0.0707070707071 0 0 1.99994898873e-07
0.05 0.0777777777778 0 0 6.95054308681e-08
0.7 0.0777777777778 0 0 2.43212118874e-07
0.05 0.0848484848485 0 0 8.47814488321e-08
0.7 0.0848484848485 0 0 2.9565146194e-07
0.05 0.0919191919192 0 0 1.03391751416e-07
0.7 0.0919191919192 0 0 3.59235321387e-07
0.05 0.0989898989899 0 0 1.26054740499e-07
0.7 0.0989898989899 0 0 4.36269301239e-07
0.05 0.106060606061 0 0 1.53639901762e-07
0.7 0.106060606061 0 0 5.29511917232e-07
0.05 0.113131313131 0 0 1.87198125627e-07
0.7 0.113131313131 0 0 6.42254445819e-07
0.05 0.120202020202 0 0 2.2799753823e-07
0.7 0.120202020202 0 0 7.78411439828e-07
0.05 0.127272727273 0 0 2.77565613734e-07
0.7 0.127272727273 0 0 9.4262205359e-07
0.05 0.134343434343 0 0 3.37738351793e-07
0.7 0.134343434343 0 0 1.14036176654e-06
0.05 0.141414141414 0 0 4.10717270401e-07
0.7 0.141414141414 0 0 1.37806332834e-06
0.05 0.148484848485 0 0 4.991348608e-07
0.7 0.148484848485 0 0 1.66324474677e-06
0.05 0.155555555556 0 0 6.06128950668e-07
0.7 0.155555555556 0 0 2.00464089965e-06
0.05 0.162626262626 0 0 7.35426089804e-07
0.7 0.162626262626 0 0 2.41233390223e-06
0.05 0.169696969697 0 0 8.9143357078e-07
0.7 0.169696969697 0 0 2.89787578073e-06
0.05 0.176767676768 0 0 1.07933898735e-06
0.7 0.176767676768 0 0 3.47439542811e-06
0.05 0.183838383838 0 0 1.3052152802e-06
0.7 0.183838383838 0 0 4.15668045476e-06
0.05 0.190909090909 0 0 1.5761280032e-06
0.7 0.190909090909 0 0 4.96122366029e-06
0.05 0.19797979798 0 0 1.90024006832e-06
0.7 0.19797979798 0 0 5.90622374454e-06
0.05 0.205050505051 0 0 2.28690754103e-06
0.7 0.205050505051 0 0 7.01153083736e-06
0.05 0.212121212121 0 0 2.74675826446e-06
0.7 0.212121212121 0 0 8.29852967462e-06
0.05 0.219191919192 0 0 3.29174336452e-06
0.7 0.219191919192 0 0 9.78995684597e-06
0.05 0.226262626263 0 0 3.93515027806e-06
0.7 0.226262626263 0 0 1.15096533342e-05
0.05 0.233333333333 0 0 4.69156516222e-06
0.7 0.233333333333 0 0 1.34822591462e-05
0.05 0.240404040404 0 0 5.5767727192e-06
0.7 0.240404040404 0 0 1.57328625421e-05
0.05 0.247474747475 0 0 6.6075829083e-06
0.7 0.247474747475 0 0 1.82866213765e-05
0.05 0.254545454545 0 0 7.8015769028e-06
0.7 0.254545454545 0 0 2.11683775097e-05
0.05 0.261616161616 0 0 9.17676898044e-06
0.7 0.261616161616 0 0 2.44022864167e-05
0.05 0.268686868687 0 0 1.07511865658e-05
0.7 0.268686868687 0 0 2.80114826375e-05
0.05 0.275757575758 0 0 1.25423768843e-05
0.7 0.275757575758 0 0 3.20177976762e-05
0.05 0.282828282828 0 0 1.45668549878e-05
0.7 0.282828282828 0 0 3.64415409632e-05
0.05 0.289898989899 0 0 1.68395135823e-05
0.7 0.289898989899 0 0 4.13013475432e-05
0.05 0.29696969697 0 0 1.93730195897e-05
0.7 0.29696969697 0 0 4.66140894068e-05
0.05 0.30404040404 0 0 2.21772253987e-05
0.7 0.30404040404 0 0 5.23948419006e-05
0.05 0.311111111111 0 0 2.52586242881e-05
0.7 0.311111111111 0 0 5.86568931322e-05
0.05 0.318181818182 0 0 2.86198796738e-05
0.7 0.318181818182 0 0 6.54117829685e-05
0.05 0.325252525253 0 0 3.22594567422e-05
0.7 0.325252525253 0 0 7.26693588876e-05
0.05 0.332323232323 0 0 3.61713825907e-05
0.7 0.332323232323 0 0 8.0437838059e-05
0.05 0.339393939394 0 0 4.03451568726e-05
0.7 0.339393939394 0 0 8.8723867925e-05
0.05 0.346464646465 0 0 4.47658286883e-05
0.7 0.346464646465 0 0 9.75325806197e-05
0.05 0.353535353535 0 0 4.94142468395e-05
0.7 0.353535353535 0 0 0.000106867639307
0.05 0.360606060606 0 0 5.42674797732e-05
0.7 0.360606060606 0 0 0.000116731276671
0.05 0.367676767677 0 0 5.92993894329e-05
0.7 0.367676767677 0 0 0.000127124327248
0.05 0.374747474747 0 0 6.44813312082e-05
0.7 0.374747474747 0 0 0.000138046256055
0.05 0.381818181818 0 0 6.9782941936e-05
0.7 0.381818181818 0 0 0.000149495186239
0.05 0.388888888889 0 0 7.51729710421e-05
0.7 0.388888888889 0 0 0.000161467928241
0.05 0.39595959596 0 0 8.0620107515e-05
0.7 0.39595959596 0 0 0.000173960012594
0.05 0.40303030303 0 0 8.60937577957e-05
0.7 0.40303030303 0 0 0.000186965727876
0.05 0.410101010101 0 0 9.15647363369e-05
0.7 0.410101010101 0 0 0.00020047816476
0.05 0.417171717172 0 0 9.70058403708e-05
0.7 0.417171717172 0 0 0.000214489266565
0.05 0.424242424242 0 0 0.000102392291792
0.7 0.424242424242 0 0 0.000228989886207
0.05 0.431313131313 0 0 0.000107702040479
0.7 0.431313131313 0 0 0.000243969849093
0.05 0.438383838384 0 0 0.000112915933524
0.7 0.438383838384 0 0 0.00025941802123
0.05 0.445454545455 0 0 0.000118017762935
0.7 0.445454545455 0 0 0.000275322381617
0.05 0.452525252525 0 0 0.000122994209826
0.7 0.452525252525 0 0 0.00029167009791
0.05 0.459595959596 0 0 0.000127834706163
0.7 0.459595959596 0 0 0.000308447604318
0.05 0.466666666667 0 0 0.000132531235793
0.7 0.466666666667 0 0 0.000325640680694
0.05 0.473737373737 0 0 0.000137078095407
0.7 0.473737373737 0 0 0.000343234531879
0.05 0.480808080808 0 0 0.000141471633773
0.7 0.480808080808 0 0 0.00036121386639
0.05 0.487878787879 0 0 0.000145709984469
0.7 0.487878787879 0 0 0.00037956297371
0.05 0.494949494949 0 0 0.00014979280403
0.7 0.494949494949 0 0 0.000398265799482
0.05 0.50202020202 0 0 0.00015372102416
0.7 0.50202020202 0 0 0.000417306018071
0.05 0.509090909091 0 0 0.000157496623722
0.7 0.509090909091 0 0 0.000436667102022
0.05 0.516161616162 0 0 0.000161122423764
0.7 0.516161616162 0 0 0.000456332388066
0.05 0.523232323232 0 0 0.000164601906874
0.7 0.523232323232 0 0 0.000476285139416
0.05 0.530303030303 0 0 0.00016793906069
0.7 0.530303030303 0 0 0.00049650860416
0.05 0.537373737374 0 0 0.000171138244409
0.7 0.537373737374 0 0 0.000516986069641
0.05 0.544444444444 0 0 0.000174204076472
0.7 0.544444444444 0 0 0.000537700912786
0.05 0.551515151515 0 0 0.000177141341277
0.7 0.551515151515 0 0 0.000558636646375
0.05 0.558585858586 0 0 0.000179954912648
0.7 0.558585858586 0 0 0.000579776961299
0.05 0.565656565657 0 0 0.000182649691807
0.7 0.565656565657 0 0 0.000601105764908
0.05 0.572727272727 0 0 0.00018523055775
0.7 0.572727272727 0 0 0.000622607215544
0.05 0.579797979798 0 0 0.000187702328073
0.7 0.579797979798 0 0 0.000644265753397
0.05 0.586868686869 0 0 0.000190069728558
0.7 0.586868686869 0 0 0.00066606612786
0.05 0.593939393939 0 0 0.000192337370005
0.7 0.593939393939 0 0 0.000687993421517
0.05 0.60101010101 0 0 0.000194509731029
0.7 0.60101010101 0 0 0.000710033070964
0.05 0.608080808081 0 0 0.000196591145734
0.7 0.608080808081 0 0 0.000732170884626
0.05 0.615151515152 0 0 0.000198585795342
0.7 0.615151515152 0 0 0.000754393057758
0.05 0.622222222222 0 0 0.000200497703014
0.7 0.622222222222 0 0 0.000776686184804
0.05 0.629292929293 0 0 0.000202330731231
0.7 0.629292929293 0 0 0.000799037269285
0.05 0.636363636364 0 0 0.000204088581203
0.7 0.636363636364 0 0 0.000821433731392
0.05 0.643434343434 0 0 0.000205774793892
0.7 0.643434343434 0 0 0.000843863413442
0.05 0.650505050505 0 0 0.000207392752281
0.7 0.650505050505 0 0 0.00086631458335
0.05 0.657575757576 0 0 0.000208945684608
0.7 0.657575757576 0 0 0.00088877593627
0.05 0.664646464646 0 0 0.00021043666834
0.7 0.664646464646 0 0 0.000911236594528
0.05 0.671717171717 0 0 0.000211868634677
0.7 0.671717171717 0 0 0.000933686105997
0.05 0.678787878788 0 0 0.000213244373447
0.7 0.678787878788 0 0 0.000956114441017
0.05 0.685858585859 0 0 0.000214566538266
0.7 0.685858585859 0 0 0.000978511987982
0.05 0.692929292929 0 0 0.00021583765185
0.7 0.692929292929 0 0 0.00100086954771
0.05 0.7 0 0 0.000217060111411
0.7 0.7 0 0 0.00102317832669
