
-2.778390E-01	-3.643480E-16	2.317730E-08
-2.478390E-01	-3.443300E-16	2.462590E-08
-2.178390E-01	-3.246550E-16	2.258930E-08
-1.878390E-01	-3.052290E-16	1.809260E-08
-1.578390E-01	-2.860010E-16	1.524370E-08
-1.278390E-01	-2.669370E-16	1.230360E-08
-9.783880E-02	-2.480160E-16	9.978860E-09
-6.783880E-02	-2.292180E-16	7.659270E-09
-3.783880E-02	-2.105320E-16	5.182580E-09
-7.838780E-03	-1.919440E-16	3.238920E-09
2.216120E-02	-1.734470E-16	2.312890E-09
5.216120E-02	-1.550310E-16	1.802950E-09
8.216120E-02	-1.366900E-16	1.466710E-09
1.121610E-01	-1.184160E-16	1.231310E-09
1.421610E-01	-1.002050E-16	9.675980E-10
1.721610E-01	-8.205220E-17	7.780760E-10
2.021610E-01	-6.395250E-17	6.584020E-10
2.321610E-01	-4.590230E-17	6.400570E-10
2.621610E-01	-2.789770E-17	8.382850E-10
2.921610E-01	-9.934100E-18	1.610570E-09
3.221610E-01	7.995630E-18	4.059810E-09
3.521610E-01	2.590600E-17	1.151030E-08
3.821610E-01	4.383330E-17	3.393910E-08
4.121610E-01	6.187500E-17	1.010980E-07
4.421610E-01	8.030030E-17	3.007020E-07
4.721610E-01	9.983090E-17	8.838100E-07
5.021610E-01	1.222230E-16	2.517740E-06
5.321610E-01	1.508270E-16	6.710740E-06
5.621610E-01	1.896350E-16	1.597480E-05
5.921610E-01	2.403920E-16	3.301500E-05
6.221610E-01	3.016300E-16	5.956970E-05
6.521610E-01	3.705590E-16	9.616030E-05
6.821610E-01	4.446870E-16	1.425200E-04
7.121610E-01	5.222250E-16	1.980210E-04
7.421610E-01	6.019720E-16	2.619250E-04
7.721610E-01	6.831040E-16	3.335020E-04
8.021610E-01	7.650830E-16	4.120720E-04
8.321610E-01	8.490950E-16	4.965640E-04
8.621610E-01	9.340810E-16	5.865980E-04
8.921610E-01	1.020630E-15	6.814080E-04
9.221610E-01	1.109770E-15	7.800870E-04
9.521610E-01	1.203350E-15	8.813670E-04
9.821610E-01	1.303900E-15	9.834810E-04
1.000000E+00	1.367980E-15	1.043740E-03
1.030000E+00	1.484050E-15	1.142890E-03
1.060000E+00	1.610710E-15	1.237940E-03
1.090000E+00	1.747280E-15	1.327870E-03
1.120000E+00	1.892520E-15	1.412210E-03
1.150000E+00	2.045060E-15	1.490920E-03
1.180000E+00	2.203640E-15	1.564190E-03
1.210000E+00	2.367190E-15	1.632310E-03
1.240000E+00	2.534850E-15	1.695660E-03
1.270000E+00	2.705900E-15	1.754620E-03
1.300000E+00	2.879770E-15	1.809530E-03
1.330000E+00	3.056020E-15	1.860760E-03
1.360000E+00	3.234270E-15	1.908620E-03
1.390000E+00	3.414240E-15	1.953400E-03
1.420000E+00	3.595680E-15	1.995380E-03
1.450000E+00	3.778400E-15	2.034790E-03
1.480000E+00	3.962230E-15	2.071840E-03
1.510000E+00	4.147040E-15	2.106740E-03
1.540000E+00	4.332720E-15	2.139660E-03
1.570000E+00	4.519160E-15	2.170760E-03
1.600000E+00	4.706300E-15	2.200190E-03
1.630000E+00	4.894060E-15	2.228060E-03
1.660000E+00	5.082390E-15	2.254500E-03
1.690000E+00	5.271220E-15	2.279620E-03
1.720000E+00	5.460520E-15	2.303510E-03
1.750000E+00	5.650250E-15	2.326250E-03
1.780000E+00	5.840370E-15	2.347930E-03
1.810000E+00	6.030860E-15	2.368620E-03
1.840000E+00	6.221680E-15	2.388390E-03
1.870000E+00	6.412810E-15	2.407290E-03
1.900000E+00	6.604240E-15	2.425380E-03
1.930000E+00	6.795940E-15	2.442720E-03
1.960000E+00	6.987900E-15	2.459340E-03
1.990000E+00	7.180100E-15	2.475290E-03
2.020000E+00	7.372520E-15	2.490620E-03
2.050000E+00	7.565160E-15	2.505350E-03
2.080000E+00	7.758000E-15	2.519530E-03
2.110000E+00	7.951030E-15	2.533170E-03
2.140000E+00	8.144250E-15	2.546320E-03
2.170000E+00	8.337640E-15	2.559000E-03
2.200000E+00	8.531200E-15	2.571230E-03
2.230000E+00	8.724910E-15	2.583040E-03
2.260000E+00	8.918780E-15	2.594440E-03
2.290000E+00	9.112790E-15	2.605470E-03
2.320000E+00	9.306940E-15	2.616130E-03
2.350000E+00	9.501230E-15	2.626450E-03
2.380000E+00	9.695650E-15	2.636440E-03
2.410000E+00	9.890180E-15	2.646120E-03
2.440000E+00	1.008480E-14	2.655500E-03
2.470000E+00	1.027960E-14	2.664600E-03
2.500000E+00	1.047450E-14	2.673430E-03
2.530000E+00	1.066950E-14	2.682000E-03
2.560000E+00	1.086460E-14	2.690310E-03
2.590000E+00	1.105980E-14	2.698400E-03
2.620000E+00	1.125500E-14	2.706250E-03
2.650000E+00	1.145040E-14	2.713890E-03
2.680000E+00	1.164580E-14	2.721310E-03
2.710000E+00	1.184130E-14	2.728540E-03
2.740000E+00	1.203700E-14	2.735580E-03
2.770000E+00	1.223260E-14	2.742430E-03
2.800000E+00	1.242840E-14	2.749100E-03
2.830000E+00	1.262420E-14	2.755610E-03
2.860000E+00	1.282020E-14	2.761950E-03
2.890000E+00	1.301610E-14	2.768130E-03
2.920000E+00	1.321220E-14	2.774160E-03
2.950000E+00	1.340830E-14	2.780040E-03
2.980000E+00	1.360450E-14	2.785790E-03
3.010000E+00	1.380070E-14	2.791400E-03
3.040000E+00	1.399700E-14	2.796870E-03
3.070000E+00	1.419340E-14	2.802230E-03
3.100000E+00	1.438980E-14	2.807460E-03
3.130000E+00	1.458630E-14	2.812570E-03
3.160000E+00	1.478280E-14	2.817570E-03
3.190000E+00	1.497940E-14	2.822450E-03
3.220000E+00	1.517610E-14	2.827240E-03
3.250000E+00	1.537280E-14	2.831920E-03
3.280000E+00	1.556950E-14	2.836500E-03
3.310000E+00	1.576630E-14	2.840980E-03
3.340000E+00	1.596320E-14	2.845370E-03
3.370000E+00	1.616010E-14	2.849670E-03
3.400000E+00	1.635700E-14	2.853890E-03
3.430000E+00	1.655400E-14	2.858010E-03
3.460000E+00	1.675110E-14	2.862060E-03
3.490000E+00	1.694820E-14	2.866030E-03
3.520000E+00	1.714530E-14	2.869920E-03
3.550000E+00	1.734250E-14	2.873730E-03
3.580000E+00	1.753970E-14	2.877470E-03
3.610000E+00	1.773690E-14	2.881140E-03
3.640000E+00	1.793420E-14	2.884740E-03
3.670000E+00	1.813160E-14	2.888280E-03
3.700000E+00	1.832900E-14	2.891750E-03
3.730000E+00	1.852640E-14	2.895160E-03
3.760000E+00	1.872380E-14	2.898500E-03
3.790000E+00	1.892130E-14	2.901790E-03
3.820000E+00	1.911890E-14	2.905020E-03
3.850000E+00	1.931640E-14	2.908190E-03
3.880000E+00	1.951400E-14	2.911300E-03
3.910000E+00	1.971170E-14	2.914370E-03
3.940000E+00	1.990930E-14	2.917380E-03
3.970000E+00	2.010710E-14	2.920340E-03
4.000000E+00	2.030480E-14	2.923250E-03
4.030000E+00	2.050260E-14	2.926110E-03
4.060000E+00	2.070040E-14	2.928920E-03
4.090000E+00	2.089820E-14	2.931690E-03
4.120000E+00	2.109610E-14	2.934420E-03
4.150000E+00	2.129400E-14	2.937100E-03
4.180000E+00	2.149190E-14	2.939740E-03
4.210000E+00	2.168990E-14	2.942330E-03
4.240000E+00	2.188790E-14	2.944890E-03
4.270000E+00	2.208590E-14	2.947410E-03
4.300000E+00	2.228400E-14	2.949880E-03
4.330000E+00	2.248210E-14	2.952320E-03
4.360000E+00	2.268020E-14	2.954730E-03
4.390000E+00	2.287830E-14	2.957090E-03
4.420000E+00	2.307650E-14	2.959430E-03
4.450000E+00	2.327470E-14	2.961720E-03
4.480000E+00	2.347290E-14	2.963990E-03
4.510000E+00	2.367120E-14	2.966220E-03
4.540000E+00	2.386950E-14	2.968420E-03
4.570000E+00	2.406780E-14	2.970580E-03
4.600000E+00	2.426610E-14	2.972720E-03
4.630000E+00	2.446450E-14	2.974820E-03
4.660000E+00	2.466280E-14	2.976900E-03
4.690000E+00	2.486120E-14	2.978950E-03
4.720000E+00	2.505970E-14	2.980970E-03
4.750000E+00	2.525810E-14	2.982960E-03
4.780000E+00	2.545660E-14	2.984920E-03
4.810000E+00	2.565510E-14	2.986860E-03
4.840000E+00	2.585360E-14	2.988770E-03
4.870000E+00	2.605220E-14	2.990660E-03
4.900000E+00	2.625080E-14	2.992520E-03
4.930000E+00	2.644930E-14	2.994360E-03
4.960000E+00	2.664800E-14	2.996170E-03
4.990000E+00	2.684660E-14	2.997960E-03
5.020000E+00	2.704530E-14	2.999730E-03
5.050000E+00	2.724400E-14	3.001470E-03
5.080000E+00	2.744270E-14	3.003200E-03
5.110000E+00	2.764140E-14	3.004900E-03
5.140000E+00	2.784010E-14	3.006570E-03
5.170000E+00	2.803890E-14	3.008230E-03
5.200000E+00	2.823770E-14	3.009870E-03
5.230000E+00	2.843650E-14	3.011490E-03
5.260000E+00	2.863530E-14	3.013080E-03
5.290000E+00	2.883420E-14	3.014660E-03
5.320000E+00	2.903300E-14	3.016220E-03
5.350000E+00	2.923190E-14	3.017760E-03
5.380000E+00	2.943080E-14	3.019280E-03
5.410000E+00	2.962980E-14	3.020790E-03
5.440000E+00	2.982870E-14	3.022270E-03
5.470000E+00	3.002770E-14	3.023740E-03
5.500000E+00	3.022670E-14	3.025190E-03
5.530000E+00	3.042570E-14	3.026630E-03
5.560000E+00	3.062470E-14	3.028050E-03
5.590000E+00	3.082370E-14	3.029450E-03
5.620000E+00	3.102280E-14	3.030840E-03
5.650000E+00	3.122190E-14	3.032210E-03
5.680000E+00	3.142100E-14	3.033560E-03
5.710000E+00	3.162010E-14	3.034900E-03
5.740000E+00	3.181920E-14	3.036230E-03
5.770000E+00	3.201830E-14	3.037540E-03
5.800000E+00	3.221750E-14	3.038830E-03
5.830000E+00	3.241670E-14	3.040120E-03
5.860000E+00	3.261590E-14	3.041380E-03
5.890000E+00	3.281510E-14	3.042640E-03
5.920000E+00	3.301430E-14	3.043880E-03
5.950000E+00	3.321360E-14	3.045110E-03
5.980000E+00	3.341280E-14	3.046320E-03
6.010000E+00	3.361210E-14	3.047530E-03
6.040000E+00	3.381140E-14	3.048710E-03
6.070000E+00	3.401070E-14	3.049890E-03
6.100000E+00	3.421000E-14	3.051060E-03
6.130000E+00	3.440940E-14	3.052210E-03
6.160000E+00	3.460870E-14	3.053350E-03
6.190000E+00	3.480810E-14	3.054480E-03
6.220000E+00	3.500750E-14	3.055600E-03
6.250000E+00	3.520690E-14	3.056700E-03
6.280000E+00	3.540630E-14	3.057800E-03
6.310000E+00	3.560580E-14	3.058880E-03
6.340000E+00	3.580520E-14	3.059960E-03
6.370000E+00	3.600470E-14	3.061020E-03
6.400000E+00	3.620410E-14	3.062070E-03
6.430000E+00	3.640360E-14	3.063110E-03
6.460000E+00	3.660310E-14	3.064140E-03
6.490000E+00	3.680270E-14	3.065170E-03
6.520000E+00	3.700220E-14	3.066180E-03
6.550000E+00	3.720170E-14	3.067180E-03
6.580000E+00	3.740130E-14	3.068170E-03
6.610000E+00	3.760090E-14	3.069160E-03
6.640000E+00	3.780050E-14	3.070130E-03
6.670000E+00	3.800010E-14	3.071090E-03
6.700000E+00	3.819970E-14	3.072050E-03
6.730000E+00	3.839930E-14	3.073000E-03
6.760000E+00	3.859890E-14	3.073930E-03
6.790000E+00	3.879860E-14	3.074860E-03
6.820000E+00	3.899830E-14	3.075780E-03
6.850000E+00	3.919790E-14	3.076700E-03
6.880000E+00	3.939760E-14	3.077600E-03
6.910000E+00	3.959730E-14	3.078500E-03
6.940000E+00	3.979710E-14	3.079380E-03
6.970000E+00	3.999680E-14	3.080260E-03
7.000000E+00	4.019650E-14	3.081130E-03
7.030000E+00	4.039630E-14	3.082000E-03
7.060000E+00	4.059610E-14	3.082850E-03
7.090000E+00	4.079580E-14	3.083700E-03
7.120000E+00	4.099560E-14	3.084540E-03
7.150000E+00	4.119540E-14	3.085380E-03
7.180000E+00	4.139530E-14	3.086200E-03
7.210000E+00	4.159510E-14	3.087020E-03
7.240000E+00	4.179490E-14	3.087830E-03
7.270000E+00	4.199480E-14	3.088640E-03
7.300000E+00	4.219460E-14	3.089440E-03
7.330000E+00	4.239450E-14	3.090230E-03
7.360000E+00	4.259440E-14	3.091010E-03
7.390000E+00	4.279430E-14	3.091790E-03
7.420000E+00	4.299420E-14	3.092560E-03
7.450000E+00	4.319410E-14	3.093330E-03
7.480000E+00	4.339410E-14	3.094080E-03
7.510000E+00	4.359400E-14	3.094840E-03
7.540000E+00	4.379400E-14	3.095580E-03
7.570000E+00	4.399390E-14	3.096320E-03
7.600000E+00	4.419390E-14	3.097060E-03
7.630000E+00	4.439390E-14	3.097780E-03
7.660000E+00	4.459390E-14	3.098500E-03
7.690000E+00	4.479390E-14	3.099220E-03
7.720000E+00	4.499390E-14	3.099930E-03
7.750000E+00	4.519400E-14	3.100630E-03
7.780000E+00	4.539400E-14	3.101330E-03
7.810000E+00	4.559410E-14	3.102030E-03
7.840000E+00	4.579410E-14	3.102710E-03
7.870000E+00	4.599420E-14	3.103390E-03
7.900000E+00	4.619430E-14	3.104070E-03
7.930000E+00	4.639440E-14	3.104740E-03
7.960000E+00	4.659450E-14	3.105410E-03
7.990000E+00	4.679460E-14	3.106070E-03
8.020000E+00	4.699470E-14	3.106720E-03
8.050000E+00	4.719480E-14	3.107370E-03
8.080000E+00	4.739500E-14	3.108020E-03
8.110000E+00	4.759510E-14	3.108660E-03
8.140000E+00	4.779530E-14	3.109300E-03
8.170000E+00	4.799550E-14	3.109930E-03
8.200000E+00	4.819570E-14	3.110550E-03
8.230000E+00	4.839590E-14	3.111170E-03
8.260000E+00	4.859610E-14	3.111790E-03
8.290000E+00	4.879630E-14	3.112400E-03
8.320000E+00	4.899650E-14	3.113010E-03
8.350000E+00	4.919670E-14	3.113610E-03
8.380000E+00	4.939700E-14	3.114210E-03
8.410000E+00	4.959720E-14	3.114800E-03
8.440000E+00	4.979750E-14	3.115390E-03
8.470000E+00	4.999770E-14	3.115980E-03
8.500000E+00	5.019800E-14	3.116560E-03
8.530000E+00	5.039830E-14	3.117130E-03
8.560000E+00	5.059860E-14	3.117700E-03
8.590000E+00	5.079890E-14	3.118270E-03
8.620000E+00	5.099920E-14	3.118840E-03
8.650000E+00	5.119950E-14	3.119400E-03
8.680000E+00	5.139990E-14	3.119950E-03
8.710000E+00	5.160020E-14	3.120500E-03
8.740000E+00	5.180060E-14	3.121050E-03
8.770000E+00	5.200090E-14	3.121590E-03
8.800000E+00	5.220130E-14	3.122130E-03
8.830000E+00	5.240170E-14	3.122670E-03
8.860000E+00	5.260210E-14	3.123200E-03
8.890000E+00	5.280240E-14	3.123730E-03
8.920000E+00	5.300290E-14	3.124260E-03
8.950000E+00	5.320330E-14	3.124780E-03
8.980000E+00	5.340370E-14	3.125290E-03
9.010000E+00	5.360410E-14	3.125810E-03
9.040000E+00	5.380450E-14	3.126320E-03
9.070000E+00	5.400500E-14	3.126830E-03
9.100000E+00	5.420540E-14	3.127330E-03
9.130000E+00	5.440590E-14	3.127830E-03
9.160000E+00	5.460640E-14	3.128320E-03
9.190000E+00	5.480680E-14	3.128820E-03
9.220000E+00	5.500730E-14	3.129310E-03
9.250000E+00	5.520780E-14	3.129790E-03
9.280000E+00	5.540830E-14	3.130280E-03
9.310000E+00	5.560880E-14	3.130760E-03
9.340000E+00	5.580930E-14	3.131230E-03
9.370000E+00	5.600990E-14	3.131710E-03
9.400000E+00	5.621040E-14	3.132180E-03
9.430000E+00	5.641090E-14	3.132640E-03
9.460000E+00	5.661150E-14	3.133110E-03
9.490000E+00	5.681200E-14	3.133570E-03
9.520000E+00	5.701260E-14	3.134030E-03
9.550000E+00	5.721320E-14	3.134480E-03
9.580000E+00	5.741380E-14	3.134930E-03
9.610000E+00	5.761430E-14	3.135380E-03
9.640000E+00	5.781490E-14	3.135830E-03
9.670000E+00	5.801550E-14	3.136270E-03
9.700000E+00	5.821620E-14	3.136710E-03
9.730000E+00	5.841680E-14	3.137150E-03
9.760000E+00	5.861740E-14	3.137580E-03
9.790000E+00	5.881800E-14	3.138020E-03
9.820000E+00	5.901870E-14	3.138450E-03
9.850000E+00	5.921930E-14	3.138870E-03
9.880000E+00	5.942000E-14	3.139300E-03
9.910000E+00	5.962060E-14	3.139720E-03
9.940000E+00	5.982130E-14	3.140130E-03
9.970000E+00	6.002200E-14	3.140550E-03
1.000000E+01	6.022270E-14	3.140960E-03
