vinaux(voltage) x1.d(voltage) x1:ids(unknown) vout(voltage) sweepvar(time) x1.d(current) vin(voltage)
0.3297 0.4559 1.100e-06 0.4559 0. 1.100e-06 0.
0.3297 0.4559 1.100e-06 0.4559 2.0000e-10 1.100e-06 0.
0.3297 0.4559 1.100e-06 0.4559 4.0000e-10 1.100e-06 0.
0.3297 0.4559 1.100e-06 0.4559 6.0000e-10 1.100e-06 0.
0.3297 0.4559 1.100e-06 0.4559 8.0000e-10 1.100e-06 0.
0.3297 0.4559 1.100e-06 0.4559 1.0000e-09 1.100e-06 0.
0.3761 0.3131 2.179e-06 0.3131 1.2000e-09 2.164e-06 5.000e-02
0.4186 2.301e-02 7.603e-07 2.301e-02 1.4000e-09 7.421e-07 0.1000
0.4642 2.603e-03 1.233e-07 2.603e-03 1.6000e-09 1.242e-07 0.1500
0.5101 7.615e-04 4.166e-08 7.615e-04 1.8000e-09 3.290e-08 0.2000
0.5560 2.133e-04 1.448e-08 2.133e-04 2.0000e-09 1.104e-08 0.2500
0.6018 2.473e-04 1.865e-08 2.473e-04 2.2000e-09 1.120e-10 0.3000
0.6473 2.036e-04 1.581e-08 2.036e-04 2.4000e-09 2.249e-09 0.3500
0.6929 1.587e-04 1.286e-08 1.587e-04 2.6000e-09 4.596e-09 0.4000
0.7385 1.138e-04 9.918e-09 1.138e-04 2.8000e-09 6.943e-09 0.4500
0.7840 6.883e-05 6.971e-09 6.883e-05 3.0000e-09 9.290e-09 0.5000
0.7840 -4.729e-06 8.750e-10 -4.729e-06 3.2000e-09 -4.619e-10 0.5000
0.7840 6.701e-06 8.133e-10 6.701e-06 3.4000e-09 6.543e-10 0.5000
0.7840 4.531e-06 7.995e-10 4.531e-06 3.6000e-09 4.425e-10 0.5000
0.7840 6.268e-07 7.918e-10 6.268e-07 3.8000e-09 6.127e-11 0.5000
0.7840 -3.277e-06 7.840e-10 -3.277e-06 4.0000e-09 -3.199e-10 0.5000
0.7840 -7.181e-06 7.763e-10 -7.181e-06 4.2000e-09 -7.011e-10 0.5000
0.7840 -5.914e-06 7.735e-10 -5.914e-06 4.4000e-09 -5.774e-10 0.5000
0.7840 -3.886e-06 7.714e-10 -3.886e-06 4.6000e-09 -3.794e-10 0.5000
0.7840 -1.858e-06 7.693e-10 -1.858e-06 4.8000e-09 -1.814e-10 0.5000
0.7840 1.695e-07 7.672e-10 0. 5.0000e-09 1.666e-11 0.5000
0.7840 2.197e-06 7.652e-10 2.197e-06 5.2000e-09 2.147e-10 0.5000
0.7840 4.225e-06 7.631e-10 4.225e-06 5.4000e-09 4.127e-10 0.5000
0.7840 6.253e-06 7.610e-10 6.253e-06 5.6000e-09 6.107e-10 0.5000
0.7840 3.669e-06 7.372e-10 3.669e-06 5.8000e-09 3.584e-10 0.5000
0.7840 -6.706e-06 6.769e-10 -6.706e-06 6.0000e-09 -6.549e-10 0.5000
0.7385 -1.336e-04 1.281e-08 -1.336e-04 6.2000e-09 -4.366e-09 0.4500
0.6930 -1.332e-04 1.188e-08 -1.332e-04 6.4000e-09 -3.552e-09 0.4000
0.6473 -1.418e-04 1.158e-08 -1.418e-04 6.6000e-09 -3.390e-09 0.3500
0.6017 -1.504e-04 1.129e-08 -1.504e-04 6.8000e-09 -3.227e-09 0.3000
0.5560 -8.667e-05 9.358e-09 -8.667e-05 7.0000e-09 1.448e-09 0.2500
0.5101 1.437e-04 7.831e-09 1.437e-04 7.2000e-09 1.565e-08 0.2000
0.4642 2.301e-03 9.048e-08 2.301e-03 7.4000e-09 9.833e-08 0.1500
0.4184 2.645e-02 5.449e-07 2.645e-02 7.6000e-09 5.538e-07 0.1000
0.3727 5.060e-02 9.993e-07 5.060e-02 7.8000e-09 1.009e-06 5.000e-02
0.3277 0.2286 9.708e-07 0.2286 8.0000e-09 9.873e-07 0.
0.3296 0.4407 1.092e-06 0.4407 8.2000e-09 1.094e-06 0.
0.3298 0.4561 1.100e-06 0.4561 8.4000e-09 1.100e-06 0.
0.3298 0.4559 1.100e-06 0.4559 8.6000e-09 1.100e-06 0.
0.3298 0.4559 1.100e-06 0.4559 8.8000e-09 1.100e-06 0.
0.3298 0.4559 1.100e-06 0.4559 9.0000e-09 1.100e-06 0.
0.3298 0.4559 1.100e-06 0.4559 9.2000e-09 1.100e-06 0.
0.3298 0.4559 1.100e-06 0.4559 9.4000e-09 1.100e-06 0.
0.3298 0.4559 1.100e-06 0.4559 9.6000e-09 1.100e-06 0.
0.3298 0.4559 1.100e-06 0.4559 9.8000e-09 1.100e-06 0.
0.3298 0.4559 1.100e-06 0.4559 1.0000e-08 1.100e-06 0.
0.3298 0.4559 1.100e-06 0.4559 1.0200e-08 1.100e-06 0.
0.3298 0.4559 1.100e-06 0.4559 1.0400e-08 1.100e-06 0.
0.3298 0.4559 1.100e-06 0.4559 1.0600e-08 1.100e-06 0.
0.3298 0.4559 1.100e-06 0.4559 1.0800e-08 1.100e-06 0.
0.3298 0.4559 1.100e-06 0.4559 1.1000e-08 1.100e-06 0.
0.3761 0.3177 2.156e-06 0.3177 1.1200e-08 2.141e-06 5.000e-02
0.4184 1.559e-02 5.486e-07 1.559e-02 1.1400e-08 5.386e-07 0.1000
0.4642 2.828e-03 1.339e-07 2.828e-03 1.1600e-08 1.269e-07 0.1500
0.5102 8.133e-04 4.267e-08 8.133e-04 1.1800e-08 3.569e-08 0.2000
0.5560 3.084e-04 1.860e-08 3.084e-04 1.2000e-08 1.172e-08 0.2500
0.6017 2.158e-04 1.457e-08 2.158e-04 1.2200e-08 8.125e-09 0.3000
0.6474 1.582e-04 1.229e-08 1.582e-04 1.2400e-08 5.575e-09 0.3500
0.6930 1.437e-04 1.219e-08 1.437e-04 1.2600e-08 4.327e-09 0.4000
0.7385 1.293e-04 1.208e-08 1.293e-04 1.2800e-08 3.079e-09 0.4500
0.7840 1.311e-04 1.324e-08 1.311e-04 1.3000e-08 5.775e-09 0.5000
0.7840 6.071e-06 6.320e-10 6.071e-06 1.3200e-08 5.929e-10 0.5000
0.7840 -6.451e-07 6.022e-10 -6.451e-07 1.3400e-08 -6.293e-11 0.5000
0.7840 -5.203e-06 5.788e-10 -5.203e-06 1.3600e-08 -5.080e-10 0.5000
0.7840 -2.966e-06 5.754e-10 -2.966e-06 1.3800e-08 -2.895e-10 0.5000
0.7840 -7.290e-07 5.719e-10 -7.290e-07 1.4000e-08 -7.108e-11 0.5000
0.7840 1.508e-06 5.685e-10 1.508e-06 1.4200e-08 1.474e-10 0.5000
0.7840 3.745e-06 5.651e-10 3.745e-06 1.4400e-08 3.658e-10 0.5000
0.7840 5.289e-06 5.620e-10 5.289e-06 1.4600e-08 5.166e-10 0.5000
0.7840 3.756e-06 5.602e-10 3.756e-06 1.4800e-08 3.669e-10 0.5000
0.7840 2.222e-06 5.584e-10 2.222e-06 1.5000e-08 2.171e-10 0.5000
0.7840 6.889e-07 5.567e-10 6.889e-07 1.5200e-08 6.732e-11 0.5000
0.7840 -8.446e-07 5.549e-10 -8.446e-07 1.5400e-08 -8.244e-11 0.5000
0.7840 -2.378e-06 5.531e-10 -2.378e-06 1.5600e-08 -2.322e-10 0.5000
0.7840 -3.912e-06 5.514e-10 -3.912e-06 1.5800e-08 -3.820e-10 0.5000
0.7840 -5.445e-06 5.496e-10 -5.445e-06 1.6000e-08 -5.317e-10 0.5000
0.7385 -1.432e-04 1.373e-08 -1.432e-04 1.6200e-08 -5.260e-09 0.4500
0.6930 -1.368e-04 1.232e-08 -1.368e-04 1.6400e-08 -3.986e-09 0.4000
0.6474 -3.464e-05 1.495e-08 -3.464e-05 1.6600e-08 1.786e-09 0.3500
0.6016 5.116e-04 3.631e-08 5.116e-04 1.6800e-08 2.845e-08 0.3000
0.5558 1.058e-03 5.768e-08 1.058e-03 1.7000e-08 5.511e-08 0.2500
0.5100 1.604e-03 7.905e-08 1.604e-03 1.7200e-08 8.176e-08 0.2000
0.4642 2.150e-03 1.004e-07 2.150e-03 1.7400e-08 1.084e-07 0.1500
0.4183 1.328e-02 3.721e-07 1.328e-02 1.7600e-08 3.825e-07 0.1000
0.3727 5.196e-02 9.520e-07 5.196e-02 1.7800e-08 9.631e-07 5.000e-02
0.3276 0.2238 9.677e-07 0.2238 1.8000e-08 9.834e-07 0.
0.3296 0.4414 1.093e-06 0.4414 1.8200e-08 1.095e-06 0.
0.3298 0.4570 1.101e-06 0.4570 1.8400e-08 1.101e-06 0.
0.3298 0.4559 1.101e-06 0.4559 1.8600e-08 1.101e-06 0.
0.3298 0.4559 1.101e-06 0.4559 1.8800e-08 1.101e-06 0.
0.3298 0.4559 1.101e-06 0.4559 1.9000e-08 1.101e-06 0.
0.3298 0.4559 1.101e-06 0.4559 1.9200e-08 1.101e-06 0.
0.3298 0.4559 1.101e-06 0.4559 1.9400e-08 1.101e-06 0.
0.3298 0.4559 1.101e-06 0.4559 1.9600e-08 1.101e-06 0.
0.3298 0.4559 1.101e-06 0.4559 1.9800e-08 1.101e-06 0.
0.3298 0.4559 1.101e-06 0.4559 2.0000e-08 1.101e-06 0.
0.3298 0.4558 1.101e-06 0.4558 2.0200e-08 1.101e-06 0.
0.3298 0.4559 1.101e-06 0.4559 2.0400e-08 1.101e-06 0.
0.3298 0.4559 1.101e-06 0.4559 2.0600e-08 1.101e-06 0.
0.3298 0.4559 1.101e-06 0.4559 2.0800e-08 1.101e-06 0.
0.3298 0.4559 1.101e-06 0.4559 2.1000e-08 1.101e-06 0.
0.3758 0.3000 2.040e-06 0.3000 2.1200e-08 2.025e-06 5.000e-02
0.4186 2.179e-02 7.371e-07 2.179e-02 2.1400e-08 7.233e-07 0.1000
0.4642 2.828e-03 1.342e-07 2.828e-03 2.1600e-08 1.236e-07 0.1500
0.5102 9.804e-04 5.099e-08 9.804e-04 2.1800e-08 4.555e-08 0.2000
0.5560 1.883e-04 1.099e-08 1.883e-04 2.2000e-08 -3.458e-09 0.2500
0.6018 1.900e-04 1.345e-08 1.900e-04 2.2200e-08 7.990e-09 0.3000
0.6475 1.857e-04 1.509e-08 1.857e-04 2.2400e-08 1.567e-08 0.3500
0.6930 1.559e-04 1.330e-08 1.559e-04 2.2600e-08 7.612e-09 0.4000
0.7385 1.261e-04 1.152e-08 1.261e-04 2.2800e-08 -4.453e-10 0.4500
0.7841 9.635e-05 9.731e-09 9.635e-05 2.3000e-08 -8.502e-09 0.5000
0.7840 -4.823e-06 9.949e-10 -4.823e-06 2.3200e-08 -4.710e-10 0.5000
0.7840 8.872e-06 9.118e-10 8.872e-06 2.3400e-08 8.664e-10 0.5000
0.7840 4.096e-06 9.016e-10 4.096e-06 2.3600e-08 4.001e-10 0.5000
0.7840 -6.789e-07 8.914e-10 -6.789e-07 2.3800e-08 -6.619e-11 0.5000
0.7840 -5.454e-06 8.812e-10 -5.454e-06 2.4000e-08 -5.325e-10 0.5000
0.7840 -7.913e-06 8.736e-10 -7.913e-06 2.4200e-08 -7.725e-10 0.5000
0.7840 -5.626e-06 8.712e-10 -5.626e-06 2.4400e-08 -5.493e-10 0.5000
0.7840 -3.339e-06 8.689e-10 -3.339e-06 2.4600e-08 -3.260e-10 0.5000
0.7840 -1.053e-06 8.665e-10 -1.053e-06 2.4800e-08 -1.027e-10 0.5000
0.7840 1.234e-06 8.641e-10 1.234e-06 2.5000e-08 1.206e-10 0.5000
0.7840 3.520e-06 8.617e-10 3.520e-06 2.5200e-08 3.439e-10 0.5000
0.7840 5.807e-06 8.594e-10 5.807e-06 2.5400e-08 5.672e-10 0.5000
0.7840 8.093e-06 8.570e-10 8.093e-06 2.5600e-08 7.905e-10 0.5000
0.7840 1.117e-06 8.244e-10 1.117e-06 2.5800e-08 1.092e-10 0.5000
0.7840 -7.782e-06 7.855e-10 -7.782e-06 2.6000e-08 -7.600e-10 0.5000
0.7386 -1.328e-04 1.274e-08 -1.328e-04 2.6200e-08 -4.299e-09 0.4500
0.6930 -1.304e-04 1.158e-08 -1.304e-04 2.6400e-08 -3.272e-09 0.4000
0.6474 -1.445e-04 1.175e-08 -1.445e-04 2.6600e-08 -3.555e-09 0.3500
0.6017 -1.586e-04 1.192e-08 -1.586e-04 2.6800e-08 -3.837e-09 0.3000
0.5560 -8.836e-05 7.969e-09 -8.836e-05 2.7000e-08 1.384e-09 0.2500
0.5102 2.277e-04 1.155e-08 2.277e-04 2.7200e-08 1.939e-08 0.2000
0.4642 4.760e-03 1.210e-07 4.760e-03 2.7400e-08 1.289e-07 0.1500
0.4186 3.351e-02 5.843e-07 3.351e-02 2.7600e-08 5.934e-07 0.1000
0.3729 6.226e-02 1.048e-06 6.226e-02 2.7800e-08 1.058e-06 5.000e-02
0.3276 0.2225 9.670e-07 0.2225 2.8000e-08 9.824e-07 0.
0.3296 0.4404 1.093e-06 0.4404 2.8200e-08 1.095e-06 0.
0.3298 0.4571 1.102e-06 0.4571 2.8400e-08 1.101e-06 0.
0.3298 0.4558 1.101e-06 0.4558 2.8600e-08 1.101e-06 0.
0.3298 0.4559 1.101e-06 0.4559 2.8800e-08 1.101e-06 0.
0.3298 0.4558 1.101e-06 0.4558 2.9000e-08 1.101e-06 0.
0.3298 0.4559 1.101e-06 0.4559 2.9200e-08 1.101e-06 0.
0.3298 0.4559 1.101e-06 0.4559 2.9400e-08 1.101e-06 0.
0.3298 0.4559 1.101e-06 0.4559 2.9600e-08 1.101e-06 0.
0.3298 0.4558 1.101e-06 0.4558 2.9800e-08 1.101e-06 0.
0.3298 0.4558 1.101e-06 0.4558 3.0000e-08 1.101e-06 0.
