Vd Vgf Vs Vgb L IDS qtotd qtots vbgs  
0.0 -1.0 1 1 1e-06 6.834e-05 3.922e-03 1.736e-02 -2.124e-02 
0.95 -1.0 1 1 1e-06 5.286e-06 1.694e-02 1.769e-02 -1.642e-03 
0.0 -0.979797979798 1 1 1e-06 6.712e-05 3.748e-03 1.708e-02 -2.086e-02 
0.95 -0.979797979798 1 1 1e-06 5.251e-06 1.667e-02 1.741e-02 -1.631e-03 
0.0 -0.959595959596 1 1 1e-06 6.588e-05 3.579e-03 1.681e-02 -2.048e-02 
0.95 -0.959595959596 1 1 1e-06 5.215e-06 1.639e-02 1.713e-02 -1.620e-03 
0.0 -0.939393939394 1 1 1e-06 6.463e-05 3.415e-03 1.654e-02 -2.009e-02 
0.95 -0.939393939394 1 1 1e-06 5.179e-06 1.611e-02 1.685e-02 -1.609e-03 
0.0 -0.919191919192 1 1 1e-06 6.336e-05 3.258e-03 1.627e-02 -1.969e-02 
0.95 -0.919191919192 1 1 1e-06 5.142e-06 1.583e-02 1.657e-02 -1.597e-03 
0.0 -0.89898989899 1 1 1e-06 6.208e-05 3.106e-03 1.600e-02 -1.929e-02 
0.95 -0.89898989899 1 1 1e-06 5.104e-06 1.555e-02 1.630e-02 -1.585e-03 
0.0 -0.878787878788 1 1 1e-06 6.079e-05 2.960e-03 1.573e-02 -1.889e-02 
0.95 -0.878787878788 1 1 1e-06 5.066e-06 1.528e-02 1.602e-02 -1.574e-03 
0.0 -0.858585858586 1 1 1e-06 5.948e-05 2.820e-03 1.546e-02 -1.849e-02 
0.95 -0.858585858586 1 1 1e-06 5.027e-06 1.500e-02 1.574e-02 -1.561e-03 
0.0 -0.838383838384 1 1 1e-06 5.817e-05 2.686e-03 1.519e-02 -1.808e-02 
0.95 -0.838383838384 1 1 1e-06 4.987e-06 1.472e-02 1.547e-02 -1.549e-03 
0.0 -0.818181818182 1 1 1e-06 5.685e-05 2.558e-03 1.492e-02 -1.767e-02 
0.95 -0.818181818182 1 1 1e-06 4.946e-06 1.445e-02 1.519e-02 -1.537e-03 
0.0 -0.79797979798 1 1 1e-06 5.551e-05 2.436e-03 1.465e-02 -1.725e-02 
0.95 -0.79797979798 1 1 1e-06 4.905e-06 1.417e-02 1.491e-02 -1.524e-03 
0.0 -0.777777777778 1 1 1e-06 5.418e-05 2.319e-03 1.438e-02 -1.684e-02 
0.95 -0.777777777778 1 1 1e-06 4.863e-06 1.390e-02 1.464e-02 -1.511e-03 
0.0 -0.757575757576 1 1 1e-06 5.283e-05 2.208e-03 1.411e-02 -1.642e-02 
0.95 -0.757575757576 1 1 1e-06 4.820e-06 1.362e-02 1.436e-02 -1.497e-03 
0.0 -0.737373737374 1 1 1e-06 5.148e-05 2.103e-03 1.384e-02 -1.600e-02 
0.95 -0.737373737374 1 1 1e-06 4.776e-06 1.334e-02 1.409e-02 -1.484e-03 
0.0 -0.717171717172 1 1 1e-06 5.013e-05 2.003e-03 1.357e-02 -1.558e-02 
0.95 -0.717171717172 1 1 1e-06 4.731e-06 1.307e-02 1.381e-02 -1.470e-03 
0.0 -0.69696969697 1 1 1e-06 4.877e-05 1.909e-03 1.331e-02 -1.516e-02 
0.95 -0.69696969697 1 1 1e-06 4.685e-06 1.279e-02 1.353e-02 -1.456e-03 
0.0 -0.676767676768 1 1 1e-06 4.742e-05 1.819e-03 1.304e-02 -1.473e-02 
0.95 -0.676767676768 1 1 1e-06 4.639e-06 1.252e-02 1.326e-02 -1.441e-03 
0.0 -0.656565656566 1 1 1e-06 4.606e-05 1.734e-03 1.277e-02 -1.431e-02 
0.95 -0.656565656566 1 1 1e-06 4.591e-06 1.224e-02 1.299e-02 -1.426e-03 
0.0 -0.636363636364 1 1 1e-06 4.470e-05 1.654e-03 1.250e-02 -1.389e-02 
0.95 -0.636363636364 1 1 1e-06 4.542e-06 1.197e-02 1.271e-02 -1.411e-03 
0.0 -0.616161616162 1 1 1e-06 4.335e-05 1.578e-03 1.224e-02 -1.347e-02 
0.95 -0.616161616162 1 1 1e-06 4.493e-06 1.170e-02 1.244e-02 -1.396e-03 
0.0 -0.59595959596 1 1 1e-06 4.200e-05 1.507e-03 1.197e-02 -1.305e-02 
0.95 -0.59595959596 1 1 1e-06 4.442e-06 1.142e-02 1.216e-02 -1.380e-03 
0.0 -0.575757575758 1 1 1e-06 4.066e-05 1.439e-03 1.170e-02 -1.263e-02 
0.95 -0.575757575758 1 1 1e-06 4.390e-06 1.115e-02 1.189e-02 -1.364e-03 
0.0 -0.555555555556 1 1 1e-06 3.932e-05 1.375e-03 1.144e-02 -1.222e-02 
0.95 -0.555555555556 1 1 1e-06 4.337e-06 1.088e-02 1.162e-02 -1.348e-03 
0.0 -0.535353535354 1 1 1e-06 3.799e-05 1.314e-03 1.117e-02 -1.180e-02 
0.95 -0.535353535354 1 1 1e-06 4.283e-06 1.061e-02 1.134e-02 -1.331e-03 
0.0 -0.515151515152 1 1 1e-06 3.667e-05 1.257e-03 1.090e-02 -1.139e-02 
0.95 -0.515151515152 1 1 1e-06 4.227e-06 1.033e-02 1.107e-02 -1.314e-03 
0.0 -0.494949494949 1 1 1e-06 3.536e-05 1.203e-03 1.064e-02 -1.098e-02 
0.95 -0.494949494949 1 1 1e-06 4.171e-06 1.006e-02 1.080e-02 -1.296e-03 
0.0 -0.474747474747 1 1 1e-06 3.405e-05 1.151e-03 1.037e-02 -1.058e-02 
0.95 -0.474747474747 1 1 1e-06 4.113e-06 9.790e-03 1.053e-02 -1.278e-03 
0.0 -0.454545454545 1 1 1e-06 3.276e-05 1.102e-03 1.011e-02 -1.018e-02 
0.95 -0.454545454545 1 1 1e-06 4.053e-06 9.520e-03 1.026e-02 -1.260e-03 
0.0 -0.434343434343 1 1 1e-06 3.148e-05 1.055e-03 9.844e-03 -9.779e-03 
0.95 -0.434343434343 1 1 1e-06 3.992e-06 9.249e-03 9.985e-03 -1.241e-03 
0.0 -0.414141414141 1 1 1e-06 3.021e-05 1.010e-03 9.580e-03 -9.385e-03 
0.95 -0.414141414141 1 1 1e-06 3.930e-06 8.980e-03 9.715e-03 -1.221e-03 
0.0 -0.393939393939 1 1 1e-06 2.896e-05 9.679e-04 9.317e-03 -8.995e-03 
0.95 -0.393939393939 1 1 1e-06 3.867e-06 8.710e-03 9.445e-03 -1.202e-03 
0.0 -0.373737373737 1 1 1e-06 2.772e-05 9.272e-04 9.053e-03 -8.610e-03 
0.95 -0.373737373737 1 1 1e-06 3.801e-06 8.442e-03 9.176e-03 -1.181e-03 
0.0 -0.353535353535 1 1 1e-06 2.649e-05 8.881e-04 8.791e-03 -8.229e-03 
0.95 -0.353535353535 1 1 1e-06 3.735e-06 8.174e-03 8.907e-03 -1.161e-03 
0.0 -0.333333333333 1 1 1e-06 2.529e-05 8.506e-04 8.528e-03 -7.854e-03 
0.95 -0.333333333333 1 1 1e-06 3.666e-06 7.906e-03 8.639e-03 -1.139e-03 
0.0 -0.313131313131 1 1 1e-06 2.410e-05 8.146e-04 8.266e-03 -7.484e-03 
0.95 -0.313131313131 1 1 1e-06 3.596e-06 7.639e-03 8.371e-03 -1.118e-03 
0.0 -0.292929292929 1 1 1e-06 2.292e-05 7.799e-04 8.005e-03 -7.119e-03 
0.95 -0.292929292929 1 1 1e-06 3.524e-06 7.373e-03 8.103e-03 -1.095e-03 
0.0 -0.272727272727 1 1 1e-06 2.177e-05 7.465e-04 7.744e-03 -6.761e-03 
0.95 -0.272727272727 1 1 1e-06 3.451e-06 7.107e-03 7.837e-03 -1.072e-03 
0.0 -0.252525252525 1 1 1e-06 2.064e-05 7.141e-04 7.483e-03 -6.408e-03 
0.95 -0.252525252525 1 1 1e-06 3.375e-06 6.842e-03 7.571e-03 -1.049e-03 
0.0 -0.232323232323 1 1 1e-06 1.952e-05 6.829e-04 7.223e-03 -6.062e-03 
0.95 -0.232323232323 1 1 1e-06 3.298e-06 6.578e-03 7.306e-03 -1.025e-03 
0.0 -0.212121212121 1 1 1e-06 1.843e-05 6.527e-04 6.964e-03 -5.723e-03 
0.95 -0.212121212121 1 1 1e-06 3.218e-06 6.315e-03 7.041e-03 -1.000e-03 
0.0 -0.191919191919 1 1 1e-06 1.736e-05 6.234e-04 6.705e-03 -5.390e-03 
0.95 -0.191919191919 1 1 1e-06 3.137e-06 6.053e-03 6.777e-03 -9.748e-04 
0.0 -0.171717171717 1 1 1e-06 1.631e-05 5.950e-04 6.448e-03 -5.065e-03 
0.95 -0.171717171717 1 1 1e-06 3.053e-06 5.791e-03 6.514e-03 -9.488e-04 
0.0 -0.151515151515 1 1 1e-06 1.529e-05 5.674e-04 6.190e-03 -4.747e-03 
0.95 -0.151515151515 1 1 1e-06 2.967e-06 5.531e-03 6.252e-03 -9.221e-04 
0.0 -0.131313131313 1 1 1e-06 1.429e-05 5.407e-04 5.934e-03 -4.437e-03 
0.95 -0.131313131313 1 1 1e-06 2.879e-06 5.272e-03 5.991e-03 -8.948e-04 
0.0 -0.111111111111 1 1 1e-06 1.332e-05 5.147e-04 5.678e-03 -4.135e-03 
0.95 -0.111111111111 1 1 1e-06 2.789e-06 5.014e-03 5.731e-03 -8.667e-04 
0.0 -0.0909090909091 1 1 1e-06 1.237e-05 4.894e-04 5.423e-03 -3.841e-03 
0.95 -0.0909090909091 1 1 1e-06 2.696e-06 4.757e-03 5.472e-03 -8.379e-04 
0.0 -0.0707070707071 1 1 1e-06 1.145e-05 4.648e-04 5.170e-03 -3.556e-03 
0.95 -0.0707070707071 1 1 1e-06 2.601e-06 4.501e-03 5.214e-03 -8.083e-04 
0.0 -0.0505050505051 1 1 1e-06 1.056e-05 4.410e-04 4.917e-03 -3.279e-03 
0.95 -0.0505050505051 1 1 1e-06 2.503e-06 4.248e-03 4.957e-03 -7.780e-04 
0.0 -0.030303030303 1 1 1e-06 9.704e-06 4.177e-04 4.665e-03 -3.012e-03 
0.95 -0.030303030303 1 1 1e-06 2.403e-06 3.995e-03 4.702e-03 -7.469e-04 
0.0 -0.010101010101 1 1 1e-06 8.874e-06 3.951e-04 4.415e-03 -2.754e-03 
0.95 -0.010101010101 1 1 1e-06 2.301e-06 3.745e-03 4.448e-03 -7.149e-04 
0.0 0.010101010101 1 1 1e-06 8.076e-06 3.731e-04 4.166e-03 -2.507e-03 
0.95 0.010101010101 1 1 1e-06 2.195e-06 3.496e-03 4.195e-03 -6.822e-04 
0.0 0.030303030303 1 1 1e-06 7.311e-06 3.517e-04 3.919e-03 -2.269e-03 
0.95 0.030303030303 1 1 1e-06 2.087e-06 3.250e-03 3.945e-03 -6.487e-04 
0.0 0.0505050505051 1 1 1e-06 6.580e-06 3.308e-04 3.673e-03 -2.042e-03 
0.95 0.0505050505051 1 1 1e-06 1.977e-06 3.006e-03 3.696e-03 -6.144e-04 
0.0 0.0707070707071 1 1 1e-06 5.883e-06 3.105e-04 3.429e-03 -1.826e-03 
0.95 0.0707070707071 1 1 1e-06 1.864e-06 2.765e-03 3.449e-03 -5.792e-04 
0.0 0.0909090909091 1 1 1e-06 5.223e-06 2.906e-04 3.187e-03 -1.621e-03 
0.95 0.0909090909091 1 1 1e-06 1.748e-06 2.527e-03 3.204e-03 -5.433e-04 
0.0 0.111111111111 1 1 1e-06 4.599e-06 2.712e-04 2.948e-03 -1.427e-03 
0.95 0.111111111111 1 1 1e-06 1.630e-06 2.293e-03 2.962e-03 -5.066e-04 
0.0 0.131313131313 1 1 1e-06 4.013e-06 2.522e-04 2.711e-03 -1.245e-03 
0.95 0.131313131313 1 1 1e-06 1.510e-06 2.062e-03 2.723e-03 -4.693e-04 
0.0 0.151515151515 1 1 1e-06 3.467e-06 2.336e-04 2.477e-03 -1.076e-03 
0.95 0.151515151515 1 1 1e-06 1.388e-06 1.837e-03 2.487e-03 -4.313e-04 
0.0 0.171717171717 1 1 1e-06 2.960e-06 2.154e-04 2.246e-03 -9.187e-04 
0.95 0.171717171717 1 1 1e-06 1.264e-06 1.616e-03 2.255e-03 -3.928e-04 
0.0 0.191919191919 1 1 1e-06 2.495e-06 1.974e-04 2.019e-03 -7.742e-04 
0.95 0.191919191919 1 1 1e-06 1.139e-06 1.402e-03 2.026e-03 -3.539e-04 
0.0 0.212121212121 1 1 1e-06 2.071e-06 1.796e-04 1.797e-03 -6.427e-04 
0.95 0.212121212121 1 1 1e-06 1.013e-06 1.196e-03 1.803e-03 -3.147e-04 
0.0 0.232323232323 1 1 1e-06 1.689e-06 1.620e-04 1.580e-03 -5.243e-04 
0.95 0.232323232323 1 1 1e-06 8.870e-07 9.991e-04 1.585e-03 -2.757e-04 
0.0 0.252525252525 1 1 1e-06 1.350e-06 1.445e-04 1.370e-03 -4.192e-04 
0.95 0.252525252525 1 1 1e-06 7.625e-07 8.134e-04 1.373e-03 -2.370e-04 
0.0 0.272727272727 1 1 1e-06 1.054e-06 1.270e-04 1.167e-03 -3.273e-04 
0.95 0.272727272727 1 1 1e-06 6.407e-07 6.415e-04 1.169e-03 -1.991e-04 
0.0 0.292929292929 1 1 1e-06 8.007e-07 1.097e-04 9.728e-04 -2.486e-04 
0.95 0.292929292929 1 1 1e-06 5.235e-07 4.866e-04 9.747e-04 -1.627e-04 
0.0 0.313131313131 1 1 1e-06 5.889e-07 9.257e-05 7.901e-04 -1.829e-04 
0.95 0.313131313131 1 1 1e-06 4.133e-07 3.520e-04 7.916e-04 -1.284e-04 
0.0 0.333333333333 1 1 1e-06 4.173e-07 7.575e-05 6.213e-04 -1.296e-04 
0.95 0.333333333333 1 1 1e-06 3.125e-07 2.414e-04 6.221e-04 -1.281e-04 
0.0 0.353535353535 1 1 1e-06 2.835e-07 5.959e-05 4.693e-04 -8.807e-05 
0.95 0.353535353535 1 1 1e-06 2.254e-07 1.562e-04 4.700e-04 -8.693e-05 
0.0 0.373737373737 1 1 1e-06 1.839e-07 4.459e-05 3.377e-04 -5.713e-05 
0.95 0.373737373737 1 1 1e-06 1.536e-07 9.596e-05 3.383e-04 -5.634e-05 
0.0 0.393939393939 1 1 1e-06 1.137e-07 3.142e-05 2.296e-04 -3.532e-05 
0.95 0.393939393939 1 1 1e-06 9.874e-08 5.658e-05 2.301e-04 -3.481e-05 
0.0 0.414141414141 1 1 1e-06 6.717e-08 2.070e-05 1.469e-04 -2.088e-05 
0.95 0.414141414141 1 1 1e-06 5.997e-08 3.243e-05 1.472e-04 -2.056e-05 
0.0 0.434343434343 1 1 1e-06 3.821e-08 1.276e-05 8.858e-05 -1.188e-05 
0.95 0.434343434343 1 1 1e-06 3.473e-08 1.818e-05 8.881e-05 -1.169e-05 
0.0 0.454545454545 1 1 1e-06 2.113e-08 7.434e-06 5.082e-05 -6.567e-06 
0.95 0.454545454545 1 1 1e-06 1.941e-08 9.986e-06 5.096e-05 -6.463e-06 
0.0 0.474747474747 1 1 1e-06 1.145e-08 4.148e-06 2.808e-05 -3.029e-05 
0.95 0.474747474747 1 1 1e-06 1.060e-08 5.394e-06 2.820e-05 -3.508e-06 
0.0 0.494949494949 1 1 1e-06 6.151e-09 2.255e-06 1.518e-05 -1.536e-05 
0.95 0.494949494949 1 1 1e-06 5.707e-09 2.877e-06 1.524e-05 -1.883e-06 
0.0 0.515151515152 1 1 1e-06 3.282e-09 1.205e-06 8.089e-06 -7.903e-06 
0.95 0.515151515152 1 1 1e-06 3.050e-09 1.523e-06 8.117e-06 -1.005e-06 
0.0 0.535353535354 1 1 1e-06 1.745e-09 6.387e-07 4.276e-06 -4.116e-06 
0.95 0.535353535354 1 1 1e-06 1.623e-09 8.024e-07 4.291e-06 -5.346e-07 
0.0 0.555555555556 1 1 1e-06 9.264e-10 3.367e-07 2.252e-06 -2.161e-06 
0.95 0.555555555556 1 1 1e-06 8.621e-10 4.218e-07 2.259e-06 -2.842e-07 
0.0 0.575757575758 1 1 1e-06 4.915e-10 1.771e-07 1.183e-06 -1.140e-06 
0.95 0.575757575758 1 1 1e-06 4.575e-10 2.215e-07 1.187e-06 -1.512e-07 
0.0 0.59595959596 1 1 1e-06 2.608e-10 9.305e-08 6.210e-07 -6.043e-07 
0.95 0.59595959596 1 1 1e-06 2.428e-10 1.162e-07 6.232e-07 -8.058e-08 
0.0 0.616161616162 1 1 1e-06 1.384e-10 4.887e-08 3.259e-07 -3.215e-07 
0.95 0.616161616162 1 1 1e-06 1.288e-10 6.099e-08 3.271e-07 -4.311e-08 
0.0 0.636363636364 1 1 1e-06 7.345e-11 2.566e-08 1.710e-07 -1.720e-07 
0.95 0.636363636364 1 1 1e-06 6.839e-11 3.201e-08 1.716e-07 -2.322e-08 
0.0 0.656565656566 1 1 1e-06 3.900e-11 1.348e-08 8.977e-08 -9.269e-08 
0.95 0.656565656566 1 1 1e-06 3.632e-11 1.681e-08 9.009e-08 -1.264e-08 
0.0 0.676767676768 1 1 1e-06 2.072e-11 7.081e-09 4.713e-08 -5.059e-08 
0.95 0.676767676768 1 1 1e-06 1.930e-11 8.826e-09 4.730e-08 -7.012e-09 
0.0 0.69696969697 1 1 1e-06 1.101e-11 3.722e-09 2.475e-08 -2.818e-08 
0.95 0.69696969697 1 1 1e-06 1.026e-11 4.637e-09 2.484e-08 -4.001e-09 
0.0 0.717171717172 1 1 1e-06 5.858e-12 1.957e-09 1.300e-08 -1.619e-08 
0.95 0.717171717172 1 1 1e-06 5.456e-12 2.437e-09 1.305e-08 -2.381e-09 
0.0 0.737373737374 1 1 1e-06 3.118e-12 1.029e-09 6.835e-09 -9.739e-09 
0.95 0.737373737374 1 1 1e-06 2.904e-12 1.281e-09 6.861e-09 -1.499e-09 
0.0 0.757575757576 1 1 1e-06 1.660e-12 5.416e-10 3.594e-09 -6.222e-09 
0.95 0.757575757576 1 1 1e-06 1.546e-12 6.740e-10 3.608e-09 -1.009e-09 
0.0 0.777777777778 1 1 1e-06 8.846e-13 2.852e-10 1.891e-09 -4.263e-09 
0.95 0.777777777778 1 1 1e-06 8.239e-13 3.547e-10 1.898e-09 -7.275e-10 
0.0 0.79797979798 1 1 1e-06 4.716e-13 1.502e-10 9.953e-10 -3.131e-09 
0.95 0.79797979798 1 1 1e-06 4.393e-13 1.868e-10 9.990e-10 -5.557e-10 
0.0 0.818181818182 1 1 1e-06 2.516e-13 7.917e-11 5.241e-10 -2.440e-09 
0.95 0.818181818182 1 1 1e-06 2.344e-13 9.839e-11 5.261e-10 -4.419e-10 
0.0 0.838383838384 1 1 1e-06 1.344e-13 4.175e-11 2.761e-10 -1.982e-09 
0.95 0.838383838384 1 1 1e-06 1.252e-13 5.186e-11 2.772e-10 -3.584e-10 
0.0 0.858585858586 1 1 1e-06 7.178e-14 2.203e-11 1.456e-10 -1.650e-09 
0.95 0.858585858586 1 1 1e-06 6.687e-14 2.735e-11 1.461e-10 -2.902e-10 
0.0 0.878787878788 1 1 1e-06 3.838e-14 1.163e-11 7.678e-11 -1.383e-09 
0.95 0.878787878788 1 1 1e-06 3.576e-14 1.443e-11 7.708e-11 -2.293e-10 
0.0 0.89898989899 1 1 1e-06 2.054e-14 6.142e-12 4.052e-11 -1.152e-09 
0.95 0.89898989899 1 1 1e-06 1.914e-14 7.620e-12 4.068e-11 -1.710e-10 
0.0 0.919191919192 1 1 1e-06 1.100e-14 3.247e-12 2.140e-11 -9.399e-10 
0.95 0.919191919192 1 1 1e-06 1.025e-14 4.026e-12 2.148e-11 -1.130e-10 
0.0 0.939393939394 1 1 1e-06 5.897e-15 1.717e-12 1.131e-11 -7.377e-10 
0.95 0.939393939394 1 1 1e-06 5.494e-15 2.128e-12 1.135e-11 -5.358e-11 
0.0 0.959595959596 1 1 1e-06 3.164e-15 9.090e-13 5.980e-12 -5.409e-10 
0.95 0.959595959596 1 1 1e-06 2.948e-15 1.126e-12 6.003e-12 8.322e-12 
0.0 0.979797979798 1 1 1e-06 1.699e-15 4.815e-13 3.164e-12 -3.469e-10 
0.95 0.979797979798 1 1 1e-06 1.583e-15 5.960e-13 3.176e-12 7.351e-11 
0.0 1.0 1 1 1e-06 9.132e-16 2.552e-13 1.676e-12 -1.545e-10 
0.95 1.0 1 1 1e-06 8.509e-16 3.158e-13 1.682e-12 1.427e-10 
