Vd Vg Vs Vb Lg Ids qd  
0.01 0.0 0 0 1e-06 1.45399318606e-15 -5.16105073893e-07
0.12 0.0 0 0 1e-06 4.42215108529e-15 -7.36769375947e-09
0.23 0.0 0 0 1e-06 4.4637867324e-15 -1.05177955619e-10
0.34 0.0 0 0 1e-06 4.4643809491e-15 -1.50147422091e-12
0.45 0.0 0 0 1e-06 4.46438943186e-15 -2.14343853954e-14
0.56 0.0 0 0 1e-06 4.46438955298e-15 -3.05987855702e-16
0.67 0.0 0 0 1e-06 4.46438955466e-15 -4.36814800673e-18
0.78 0.0 0 0 1e-06 4.46438955468e-15 -6.235775915e-20
0.89 0.0 0 0 1e-06 4.46438955468e-15 -8.9019193494e-22
1.0 0.0 0 0 1e-06 4.46438955468e-15 -1.27079884177e-23
0.01 0.010101010101 0 0 1e-06 2.31808603789e-15 -7.62424492173e-07
0.12 0.010101010101 0 0 1e-06 7.05141424044e-15 -1.08840470656e-08
0.23 0.010101010101 0 0 1e-06 7.11782315418e-15 -1.55375869529e-10
0.34 0.010101010101 0 0 1e-06 7.1187709333e-15 -2.21807755526e-12
0.45 0.010101010101 0 0 1e-06 7.11878446323e-15 -3.16642993226e-14
0.56 0.010101010101 0 0 1e-06 7.11878465654e-15 -4.52025606209e-16
0.67 0.010101010101 0 0 1e-06 7.11878465919e-15 -6.45291868275e-18
0.78 0.010101010101 0 0 1e-06 7.11878465923e-15 -9.21190281131e-20
0.89 0.010101010101 0 0 1e-06 7.11878465923e-15 -1.315050717e-21
1.0 0.010101010101 0 0 1e-06 7.11878465923e-15 -1.87730854711e-23
0.01 0.020202020202 0 0 1e-06 3.69236067575e-15 -1.12630363155e-06
0.12 0.020202020202 0 0 1e-06 1.12340688341e-14 -1.60786379218e-08
0.23 0.020202020202 0 0 1e-06 1.13399023303e-14 -2.29531565722e-10
0.34 0.020202020202 0 0 1e-06 1.13414127765e-14 -3.27669164923e-12
0.45 0.020202020202 0 0 1e-06 1.13414343387e-14 -4.67766083839e-14
0.56 0.020202020202 0 0 1e-06 1.13414346465e-14 -6.67762281612e-16
0.67 0.020202020202 0 0 1e-06 1.13414346511e-14 -9.5326805461e-18
0.78 0.020202020202 0 0 1e-06 1.13414346512e-14 -1.36084353514e-19
0.89 0.020202020202 0 0 1e-06 1.13414346512e-14 -1.9426803596e-21
1.0 0.020202020202 0 0 1e-06 1.13414346512e-14 -2.77328501193e-23
0.01 0.030303030303 0 0 1e-06 5.8754186416e-15 -1.6638494725e-06
0.12 0.030303030303 0 0 1e-06 1.78799982171e-14 -2.37524328057e-08
0.23 0.030303030303 0 0 1e-06 1.80485000342e-14 -3.39079290856e-10
0.34 0.030303030303 0 0 1e-06 1.80509048858e-14 -4.84054677814e-12
0.45 0.030303030303 0 0 1e-06 1.8050939216e-14 -6.91015161775e-14
0.56 0.030303030303 0 0 1e-06 1.80509397063e-14 -9.86462843295e-16
0.67 0.030303030303 0 0 1e-06 1.80509397134e-14 -1.40823095504e-17
0.78 0.030303030303 0 0 1e-06 1.80509397135e-14 -2.01032855541e-19
0.89 0.030303030303 0 0 1e-06 1.80509397135e-14 -2.86985660005e-21
1.0 0.030303030303 0 0 1e-06 1.80509397135e-14 -4.0968810211e-23
0.01 0.040404040404 0 0 1e-06 9.33881426319e-15 -2.457946581e-06
0.12 0.040404040404 0 0 1e-06 2.84265770709e-14 -3.50886725817e-08
0.23 0.040404040404 0 0 1e-06 2.86945718497e-14 -5.00910474431e-10
0.34 0.040404040404 0 0 1e-06 2.86983966753e-14 -7.1507775587e-12
0.45 0.040404040404 0 0 1e-06 2.8698451277e-14 -1.02081354399e-13
0.56 0.040404040404 0 0 1e-06 2.86984520562e-14 -1.45726850408e-15
0.67 0.040404040404 0 0 1e-06 2.86984520671e-14 -2.08033240298e-17
0.78 0.040404040404 0 0 1e-06 2.86984520672e-14 -2.96979101297e-19
0.89 0.040404040404 0 0 1e-06 2.86984520672e-14 -4.23954299231e-21
1.0 0.040404040404 0 0 1e-06 2.86984520672e-14 -6.05218505447e-23
0.01 0.0505050505051 0 0 1e-06 1.48260168691e-14 -3.63103668434e-06
0.12 0.0505050505051 0 0 1e-06 4.5140814535e-14 -5.18353191475e-08
0.23 0.0505050505051 0 0 1e-06 4.55665583959e-14 -7.39978259162e-10
0.34 0.0505050505051 0 0 1e-06 4.55726346445e-14 -1.05636040801e-11
0.45 0.0505050505051 0 0 1e-06 4.55727213847e-14 -1.50801364322e-13
0.56 0.0505050505051 0 0 1e-06 4.55727226231e-14 -2.15277393102e-15
0.67 0.0505050505051 0 0 1e-06 4.55727226411e-14 -3.0732053513e-17
0.78 0.0505050505051 0 0 1e-06 4.55727226413e-14 -4.38717275192e-19
0.89 0.0505050505051 0 0 1e-06 4.55727226413e-14 -6.26293480424e-21
1.0 0.0505050505051 0 0 1e-06 4.55727226413e-14 -8.9406901848e-23
0.01 0.0606060606061 0 0 1e-06 2.3507206598e-14 -5.36399695703e-06
0.12 0.0606060606061 0 0 1e-06 7.15921693204e-14 -7.65745776619e-08
0.23 0.0606060606061 0 0 1e-06 7.22676823275e-14 -1.09314508663e-09
0.34 0.0606060606061 0 0 1e-06 7.22773233435e-14 -1.56052583427e-11
0.45 0.0606060606061 0 0 1e-06 7.22774609734e-14 -2.22773802474e-13
0.56 0.0606060606061 0 0 1e-06 7.2277462938e-14 -3.18022079331e-15
0.67 0.0606060606061 0 0 1e-06 7.22774629669e-14 -4.53994328873e-17
0.78 0.0606060606061 0 0 1e-06 7.22774629672e-14 -6.48102330135e-19
0.89 0.0606060606061 0 0 1e-06 7.22774629672e-14 -9.25202372834e-21
1.0 0.0606060606061 0 0 1e-06 7.22774629672e-14 -1.3207782026e-22
0.01 0.0707070707071 0 0 1e-06 3.72209016999e-14 -7.92402707163e-06
0.12 0.0707070707071 0 0 1e-06 1.13390922623e-13 -1.13121052444e-07
0.23 0.0707070707071 0 0 1e-06 1.14461325422e-13 -1.61486660645e-09
0.34 0.0707070707071 0 0 1e-06 1.14476602429e-13 -2.30531252493e-11
0.45 0.0707070707071 0 0 1e-06 1.14476820519e-13 -3.29096273703e-13
0.56 0.0707070707071 0 0 1e-06 1.1447682363e-13 -4.69803361535e-15
0.67 0.0707070707071 0 0 1e-06 1.14476823674e-13 -6.70670609635e-17
0.78 0.0707070707071 0 0 1e-06 1.14476823675e-13 -9.57419855742e-19
0.89 0.0707070707071 0 0 1e-06 1.14476823675e-13 -1.36677046377e-20
1.0 0.0707070707071 0 0 1e-06 1.14476823675e-13 -1.95114138216e-22
0.01 0.0808080808081 0 0 1e-06 5.88503134161e-14 -1.17058431718e-05
0.12 0.0808080808081 0 0 1e-06 1.79338805651e-13 -1.671099288e-07
0.23 0.0808080808081 0 0 1e-06 1.81032579095e-13 -2.38558832447e-09
0.34 0.0808080808081 0 0 1e-06 1.81056753104e-13 -3.40556094679e-11
0.45 0.0808080808081 0 0 1e-06 1.81057098196e-13 -4.86162897813e-13
0.56 0.0808080808081 0 0 1e-06 1.81057103122e-13 -6.94024763859e-15
0.67 0.0808080808081 0 0 1e-06 1.81057103194e-13 -9.90759218832e-17
0.78 0.0808080808081 0 0 1e-06 1.81057103194e-13 -1.41436427173e-18
0.89 0.0808080808081 0 0 1e-06 1.81057103194e-13 -2.01908420849e-20
1.0 0.0808080808081 0 0 1e-06 1.81057103194e-13 -2.88235578517e-22
0.01 0.0909090909091 0 0 1e-06 9.29082455569e-14 -1.72925266005e-05
0.12 0.0909090909091 0 0 1e-06 2.83218111155e-13 -2.46865873155e-07
0.23 0.0909090909091 0 0 1e-06 2.85894353579e-13 -3.52414969046e-09
0.34 0.0909090909091 0 0 1e-06 2.85932549855e-13 -5.03092107338e-11
0.45 0.0909090909091 0 0 1e-06 2.85933095125e-13 -7.18192158607e-13
0.56 0.0909090909091 0 0 1e-06 2.85933102911e-13 -1.02525952836e-14
0.67 0.0909090909091 0 0 1e-06 2.85933103017e-13 -1.46361539569e-16
0.78 0.0909090909091 0 0 1e-06 2.85933103026e-13 -2.08939294622e-18
0.89 0.0909090909091 0 0 1e-06 2.85933103026e-13 -2.98272544587e-20
1.0 0.0909090909091 0 0 1e-06 2.85933103026e-13 -4.25800761966e-22
0.01 0.10101010101 0 0 1e-06 1.46443999712e-13 -2.55454011544e-05
0.12 0.10101010101 0 0 1e-06 4.46567258898e-13 -3.64686627553e-07
0.23 0.10101010101 0 0 1e-06 4.50789335099e-13 -5.20610823982e-09
0.34 0.10101010101 0 0 1e-06 4.50849594388e-13 -7.43201112558e-11
0.45 0.10101010101 0 0 1e-06 4.50850454625e-13 -1.06096121079e-12
0.56 0.10101010101 0 0 1e-06 4.50850466904e-13 -1.51458154685e-14
0.67 0.10101010101 0 0 1e-06 4.50850467084e-13 -2.16214998134e-16
0.78 0.10101010101 0 0 1e-06 4.50850467084e-13 -3.08659018822e-18
0.89 0.10101010101 0 0 1e-06 4.50850467084e-13 -4.40628035624e-20
1.0 0.10101010101 0 0 1e-06 4.50850467084e-13 -6.29021197951e-22
0.01 0.111111111111 0 0 1e-06 2.30446186146e-13 -3.77367784129e-05
0.12 0.111111111111 0 0 1e-06 7.02976569698e-13 -5.38739215218e-07
0.23 0.111111111111 0 0 1e-06 7.09626643764e-13 -7.69080923211e-09
0.34 0.111111111111 0 0 1e-06 7.09721557054e-13 -1.09790610043e-10
0.45 0.111111111111 0 0 1e-06 7.09722912002e-13 -1.56732244611e-12
0.56 0.111111111111 0 0 1e-06 7.09722931344e-13 -2.23744056878e-14
0.67 0.111111111111 0 0 1e-06 7.09722931607e-13 -3.19407171827e-16
0.78 0.111111111111 0 0 1e-06 7.09722931625e-13 -4.55971625982e-18
0.89 0.111111111111 0 0 1e-06 7.09722931625e-13 -6.50925032495e-20
1.0 0.111111111111 0 0 1e-06 7.09722931625e-13 -9.29231938537e-22
0.01 0.121212121212 0 0 1e-06 3.62007147077e-13 -5.57459983851e-05
0.12 0.121212121212 0 0 1e-06 1.1047205671e-12 -7.9586112921e-07
0.23 0.121212121212 0 0 1e-06 1.11517731971e-12 -1.13613747222e-08
0.34 0.121212121212 0 0 1e-06 1.11532656477e-12 -1.62189989352e-10
0.45 0.121212121212 0 0 1e-06 1.11532869534e-12 -2.31535293199e-12
0.56 0.121212121212 0 0 1e-06 1.11532872573e-12 -3.30529598024e-14
0.67 0.121212121212 0 0 1e-06 1.11532872617e-12 -4.71849512268e-16
0.78 0.121212121212 0 0 1e-06 1.11532872617e-12 -6.73591604399e-18
0.89 0.121212121212 0 0 1e-06 1.11532872617e-12 -9.61589739357e-20
1.0 0.121212121212 0 0 1e-06 1.11532872617e-12 -1.37272320616e-21
0.01 0.131313131313 0 0 1e-06 5.67653560996e-13 -8.23489038968e-05
0.12 0.131313131313 0 0 1e-06 1.73297122577e-12 -1.17569840822e-06
0.23 0.131313131313 0 0 1e-06 1.74938498079e-12 -1.67837780651e-08
0.34 0.131313131313 0 0 1e-06 1.7496192493e-12 -2.39597836591e-10
0.45 0.131313131313 0 0 1e-06 1.74962259362e-12 -3.42039330368e-12
0.56 0.131313131313 0 0 1e-06 1.74962264136e-12 -4.88280299794e-14
0.67 0.131313131313 0 0 1e-06 1.74962264205e-12 -6.97047473774e-16
0.78 0.131313131313 0 0 1e-06 1.74962264204e-12 -9.95074306521e-18
0.89 0.131313131313 0 0 1e-06 1.74962264204e-12 -1.42052430107e-19
1.0 0.131313131313 0 0 1e-06 1.74962264204e-12 -2.02787799536e-21
0.01 0.141414141414 0 0 1e-06 8.88456711761e-13 -0.000121645188423
0.12 0.141414141414 0 0 1e-06 2.71348213085e-12 -1.73681861855e-06
0.23 0.141414141414 0 0 1e-06 2.73919977049e-12 -2.47941126918e-08
0.34 0.141414141414 0 0 1e-06 2.73956683299e-12 -3.53949855512e-10
0.45 0.141414141414 0 0 1e-06 2.73957207304e-12 -5.05283241717e-12
0.56 0.141414141414 0 0 1e-06 2.7395721478e-12 -7.21320125616e-14
0.67 0.141414141414 0 0 1e-06 2.73957214891e-12 -1.02972487639e-15
0.78 0.141414141414 0 0 1e-06 2.73957214888e-12 -1.46998993015e-17
0.89 0.141414141414 0 0 1e-06 2.73957214888e-12 -2.09849295115e-19
1.0 0.141414141414 0 0 1e-06 2.73957214888e-12 -2.99571621255e-21
0.01 0.151515151515 0 0 1e-06 1.38784803939e-12 -0.00017968908633
0.12 0.151515151515 0 0 1e-06 4.24060113498e-12 -2.56574123206e-06
0.23 0.151515151515 0 0 1e-06 4.28082071579e-12 -3.66275113259e-08
0.34 0.151515151515 0 0 1e-06 4.28139476556e-12 -5.22878261324e-10
0.45 0.151515151515 0 0 1e-06 4.28140296041e-12 -7.46438001993e-12
0.56 0.151515151515 0 0 1e-06 4.2814030774e-12 -1.06558205166e-13
0.67 0.151515151515 0 0 1e-06 4.28140307906e-12 -1.52117805595e-15
0.78 0.151515151515 0 0 1e-06 4.28140307914e-12 -2.17156686749e-17
0.89 0.151515151515 0 0 1e-06 4.28140307914e-12 -3.10003332059e-19
1.0 0.151515151515 0 0 1e-06 4.28140307914e-12 -4.42547118057e-21
0.01 0.161616161616 0 0 1e-06 2.16352747915e-12 -0.00026541972846
0.12 0.161616161616 0 0 1e-06 6.61390782679e-12 -3.79027762276e-06
0.23 0.161616161616 0 0 1e-06 6.67668439127e-12 -5.41085939623e-08
0.34 0.161616161616 0 0 1e-06 6.67758040147e-12 -7.72430534614e-10
0.45 0.161616161616 0 0 1e-06 6.6775931924e-12 -1.1026878487e-11
0.56 0.161616161616 0 0 1e-06 6.67759337501e-12 -1.57414865943e-13
0.67 0.161616161616 0 0 1e-06 6.67759337766e-12 -2.24718537052e-15
0.78 0.161616161616 0 0 1e-06 6.67759337771e-12 -3.20798296864e-17
0.89 0.161616161616 0 0 1e-06 6.67759337771e-12 -4.57957534881e-19
1.0 0.161616161616 0 0 1e-06 6.67759337771e-12 -6.53760028669e-21
0.01 0.171717171717 0 0 1e-06 3.36552621936e-12 -0.000392032606413
0.12 0.171717171717 0 0 1e-06 1.02938871832e-11 -5.59923719606e-06
0.23 0.171717171717 0 0 1e-06 1.03916737106e-11 -7.99328101584e-08
0.34 0.171717171717 0 0 1e-06 1.03930694298e-11 -1.1410857457e-09
0.45 0.171717171717 0 0 1e-06 1.03930893544e-11 -1.62896381019e-11
0.56 0.171717171717 0 0 1e-06 1.03930896388e-11 -2.32543706814e-13
0.67 0.171717171717 0 0 1e-06 1.03930896429e-11 -3.31969164935e-15
0.78 0.171717171717 0 0 1e-06 1.03930896429e-11 -4.73904574671e-17
0.89 0.171717171717 0 0 1e-06 1.03930896429e-11 -6.76525321072e-19
1.0 0.171717171717 0 0 1e-06 1.03930896429e-11 -9.65777784209e-21
0.01 0.181818181818 0 0 1e-06 5.22344921916e-12 -0.000578999246903
0.12 0.181818181818 0 0 1e-06 1.59861086965e-11 -8.27153727383e-06
0.23 0.181818181818 0 0 1e-06 1.61381092431e-11 -1.18082056304e-07
0.34 0.181818181818 0 0 1e-06 1.6140278786e-11 -1.68568773554e-09
0.45 0.181818181818 0 0 1e-06 1.61403097573e-11 -2.40641365346e-11
0.56 0.181818181818 0 0 1e-06 1.61403101995e-11 -3.43529026014e-13
0.67 0.181818181818 0 0 1e-06 1.61403102058e-11 -4.9040692376e-15
0.78 0.181818181818 0 0 1e-06 1.61403102059e-11 -7.00083348601e-17
0.89 0.181818181818 0 0 1e-06 1.61403102059e-11 -9.99408187859e-19
1.0 0.181818181818 0 0 1e-06 1.61403102059e-11 -1.4267111594e-20
0.01 0.191919191919 0 0 1e-06 8.08725638501e-12 -0.000855037041284
0.12 0.191919191919 0 0 1e-06 2.47676902446e-11 -1.22192032861e-05
0.23 0.191919191919 0 0 1e-06 2.5003439758e-11 -1.74438652537e-07
0.34 0.191919191919 0 0 1e-06 2.50068047075e-11 -2.49021000534e-09
0.45 0.191919191919 0 0 1e-06 2.50068527439e-11 -3.55491425638e-11
0.56 0.191919191919 0 0 1e-06 2.50068534297e-11 -5.0748391919e-13
0.67 0.191919191919 0 0 1e-06 2.50068534394e-11 -7.24461715952e-15
0.78 0.191919191919 0 0 1e-06 2.50068534396e-11 -1.03420967255e-16
0.89 0.191919191919 0 0 1e-06 2.50068534395e-11 -1.47639222783e-18
1.0 0.191919191919 0 0 1e-06 2.50068534395e-11 -2.10763258965e-20
0.01 0.20202020202 0 0 1e-06 1.24876892494e-11 -0.00126246664831
0.12 0.20202020202 0 0 1e-06 3.8275658061e-11 -1.80508852491e-05
0.23 0.20202020202 0 0 1e-06 3.86404433284e-11 -2.57692348916e-07
0.34 0.20202020202 0 0 1e-06 3.86456501241e-11 -3.67870379347e-09
0.45 0.20202020202 0 0 1e-06 3.86457244539e-11 -5.25155571285e-11
0.56 0.20202020202 0 0 1e-06 3.8645725515e-11 -7.49688989095e-13
0.67 0.20202020202 0 0 1e-06 3.86457255301e-11 -1.07022301781e-14
0.78 0.20202020202 0 0 1e-06 3.86457255303e-11 -1.52780329503e-16
0.89 0.20202020202 0 0 1e-06 3.86457255304e-11 -2.18102476733e-18
1.0 0.20202020202 0 0 1e-06 3.86457255304e-11 -3.11353500229e-20
0.01 0.212121212121 0 0 1e-06 1.9224523445e-11 -0.00186358458483
0.12 0.212121212121 0 0 1e-06 5.89841732873e-11 -2.66656748768e-05
0.23 0.212121212121 0 0 1e-06 5.95471944356e-11 -3.80680212506e-07
0.34 0.212121212121 0 0 1e-06 5.95552308939e-11 -5.43442583626e-09
0.45 0.212121212121 0 0 1e-06 5.95553456186e-11 -7.75794728553e-11
0.56 0.212121212121 0 0 1e-06 5.95553472565e-11 -1.10749042307e-12
0.67 0.212121212121 0 0 1e-06 5.95553472798e-11 -1.58100460325e-14
0.78 0.212121212121 0 0 1e-06 5.95553472801e-11 -2.25697261423e-16
0.89 0.212121212121 0 0 1e-06 5.95553472802e-11 -3.22195480715e-18
1.0 0.212121212121 0 0 1e-06 5.95553472802e-11 -4.59952093078e-20
0.01 0.222222222222 0 0 1e-06 2.94927899968e-11 -0.00274993844207
0.12 0.222222222222 0 0 1e-06 9.06057020873e-11 -3.93916686828e-05
0.23 0.222222222222 0 0 1e-06 9.1472267566e-11 -5.62365991623e-07
0.34 0.222222222222 0 0 1e-06 9.14846370025e-11 -8.02809516471e-09
0.45 0.222222222222 0 0 1e-06 9.14848135829e-11 -1.14605555723e-10
0.56 0.222222222222 0 0 1e-06 9.14848161037e-11 -1.63605849229e-12
0.67 0.222222222222 0 0 1e-06 9.14848161397e-11 -2.33556512419e-14
0.78 0.222222222222 0 0 1e-06 9.14848161402e-11 -3.33415001653e-16
0.89 0.222222222222 0 0 1e-06 9.14848161402e-11 -4.75968587558e-18
1.0 0.222222222222 0 0 1e-06 9.14848161402e-11 -6.79471815062e-20
0.01 0.232323232323 0 0 1e-06 4.50577632105e-11 -0.00405573141886
0.12 0.232323232323 0 0 1e-06 1.38657457462e-10 -5.81905976806e-05
0.23 0.232323232323 0 0 1e-06 1.39987023243e-10 -8.3076415088e-07
0.34 0.232323232323 0 0 1e-06 1.40006002079e-10 -1.18596359238e-08
0.45 0.232323232323 0 0 1e-06 1.40006273012e-10 -1.69302947259e-10
0.56 0.232323232323 0 0 1e-06 1.4000627688e-10 -2.41689438965e-12
0.67 0.232323232323 0 0 1e-06 1.40006276935e-10 -3.450252098e-14
0.78 0.232323232323 0 0 1e-06 1.40006276936e-10 -4.92542809896e-16
0.89 0.232323232323 0 0 1e-06 1.40006276936e-10 -7.03132445679e-18
1.0 0.232323232323 0 0 1e-06 1.40006276936e-10 -1.0037609447e-19
0.01 0.242424242424 0 0 1e-06 6.84862253453e-11 -0.00597699141563
0.12 0.242424242424 0 0 1e-06 2.11232651061e-10 -8.59599785048e-05
0.23 0.242424242424 0 0 1e-06 2.13265145521e-10 -1.22725942143e-06
0.34 0.242424242424 0 0 1e-06 2.13294159293e-10 -1.75198426323e-08
0.45 0.242424242424 0 0 1e-06 2.13294573481e-10 -2.50105570965e-10
0.56 0.242424242424 0 0 1e-06 2.13294579393e-10 -3.57039709672e-12
0.67 0.242424242424 0 0 1e-06 2.13294579478e-10 -5.09694181353e-14
0.78 0.242424242424 0 0 1e-06 2.13294579479e-10 -7.27616988971e-16
0.89 0.242424242424 0 0 1e-06 2.13294579479e-10 -1.03871400149e-17
1.0 0.242424242424 0 0 1e-06 2.13294579479e-10 -1.48282240966e-19
0.01 0.252525252525 0 0 1e-06 1.03429422979e-10 -0.00879855500838
0.12 0.252525252525 0 0 1e-06 3.19994277652e-10 -0.000126979162822
0.23 0.252525252525 0 0 1e-06 3.23087826664e-10 -1.81298786419e-06
0.34 0.252525252525 0 0 1e-06 3.23131989055e-10 -2.58814761902e-08
0.45 0.252525252525 0 0 1e-06 3.23132619498e-10 -3.69472579422e-10
0.56 0.252525252525 0 0 1e-06 3.23132628498e-10 -5.27442799435e-12
0.67 0.252525252525 0 0 1e-06 3.23132628626e-10 -7.52954135308e-14
0.78 0.252525252525 0 0 1e-06 3.23132628628e-10 -1.07488419687e-15
0.89 0.252525252525 0 0 1e-06 3.23132628628e-10 -1.53445738925e-17
1.0 0.252525252525 0 0 1e-06 3.23132628628e-10 -2.19052385948e-19
0.01 0.262626262626 0 0 1e-06 1.54925048047e-10 -0.0129311581348
0.12 0.262626262626 0 0 1e-06 4.81348784909e-10 -0.000187567599662
0.23 0.262626262626 0 0 1e-06 4.86032503775e-10 -2.67826326292e-06
0.34 0.262626262626 0 0 1e-06 4.86099371321e-10 -3.82338369383e-08
0.45 0.262626262626 0 0 1e-06 4.86100325894e-10 -5.45809461191e-10
0.56 0.262626262626 0 0 1e-06 4.86100339521e-10 -7.79173574083e-12
0.67 0.262626262626 0 0 1e-06 4.86100339715e-10 -1.11231391419e-13
0.78 0.262626262626 0 0 1e-06 4.86100339718e-10 -1.58789040689e-15
0.89 0.262626262626 0 0 1e-06 4.86100339718e-10 -2.26680248465e-17
1.0 0.262626262626 0 0 1e-06 4.86100339718e-10 -3.2359874977e-19
0.01 0.272727272727 0 0 1e-06 2.29634906931e-10 -0.0189605832615
0.12 0.272727272727 0 0 1e-06 7.17639286073e-10 -0.000277055802654
0.23 0.272727272727 0 0 1e-06 7.2468499726e-10 -3.95650211749e-06
0.34 0.272727272727 0 0 1e-06 7.24785595476e-10 -5.64815648551e-08
0.45 0.272727272727 0 0 1e-06 7.24787031576e-10 -8.06306027804e-10
0.56 0.272727272727 0 0 1e-06 7.24787052077e-10 -1.15104701252e-11
0.67 0.272727272727 0 0 1e-06 7.24787052369e-10 -1.64318407405e-13
0.78 0.272727272727 0 0 1e-06 7.24787052374e-10 -2.34573729119e-15
0.89 0.272727272727 0 0 1e-06 7.24787052374e-10 -3.34867135472e-17
1.0 0.272727272727 0 0 1e-06 7.24787052374e-10 -4.78041589911e-19
0.01 0.282828282828 0 0 1e-06 3.35865162317e-10 -0.0277090896741
0.12 0.282828282828 0 0 1e-06 1.05802676842e-09 -0.000409216547948
0.23 0.282828282828 0 0 1e-06 1.06854321869e-09 -5.84479391305e-06
0.34 0.282828282828 0 0 1e-06 1.06869339193e-09 -8.34383203048e-08
0.45 0.282828282828 0 0 1e-06 1.06869553574e-09 -1.19112887666e-09
0.56 0.282828282828 0 0 1e-06 1.06869556635e-09 -1.70040318243e-11
0.67 0.282828282828 0 0 1e-06 1.06869556678e-09 -2.42742077292e-13
0.78 0.282828282828 0 0 1e-06 1.06869556679e-09 -3.46527909948e-15
0.89 0.282828282828 0 0 1e-06 1.06869556679e-09 -4.9468799853e-17
1.0 0.282828282828 0 0 1e-06 1.06869556679e-09 -7.06194822593e-19
0.01 0.292929292929 0 0 1e-06 4.83157621779e-10 -0.0403049473254
0.12 0.292929292929 0 0 1e-06 1.5385718328e-09 -0.000604372226417
0.23 0.292929292929 0 0 1e-06 1.55412476582e-09 -8.63428745535e-06
0.34 0.292929292929 0 0 1e-06 1.55434690134e-09 -1.23260628476e-07
0.45 0.292929292929 0 0 1e-06 1.55435007247e-09 -1.75961477596e-09
0.56 0.292929292929 0 0 1e-06 1.55435011774e-09 -2.51194864431e-11
0.67 0.292929292929 0 0 1e-06 1.55435011839e-09 -3.58594736994e-13
0.78 0.292929292929 0 0 1e-06 1.5543501184e-09 -5.11914069934e-15
0.89 0.292929292929 0 0 1e-06 1.5543501184e-09 -7.30786004259e-17
1.0 0.292929292929 0 0 1e-06 1.5543501184e-09 -1.04323794829e-18
0.01 0.30303030303 0 0 1e-06 6.81261987025e-10 -0.0582472318003
0.12 0.30303030303 0 0 1e-06 2.20105015568e-09 -0.000892492972938
0.23 0.30303030303 0 0 1e-06 2.22381346453e-09 -1.27550764573e-05
0.34 0.30303030303 0 0 1e-06 2.22413867034e-09 -1.82088782554e-07
0.45 0.30303030303 0 0 1e-06 2.22414331288e-09 -2.5994199446e-09
0.56 0.30303030303 0 0 1e-06 2.22414337916e-09 -3.71081756198e-11
0.67 0.30303030303 0 0 1e-06 2.2241433801e-09 -5.29739989224e-13
0.78 0.30303030303 0 0 1e-06 2.22414338012e-09 -7.56233502334e-15
0.89 0.30303030303 0 0 1e-06 2.22414338012e-09 -1.07956567697e-16
1.0 0.30303030303 0 0 1e-06 2.22414338012e-09 -1.54114046427e-18
0.01 0.313131313131 0 0 1e-06 9.38478583084e-10 -0.0834395651491
0.12 0.313131313131 0 0 1e-06 3.09040399472e-09 -0.00131774095952
0.23 0.313131313131 0 0 1e-06 3.12335477992e-09 -1.88425006936e-05
0.34 0.313131313131 0 0 1e-06 3.12382570941e-09 -2.68993627183e-07
0.45 0.313131313131 0 0 1e-06 3.1238324323e-09 -3.84003597692e-09
0.56 0.313131313131 0 0 1e-06 3.12383252827e-09 -5.48186644239e-11
0.67 0.313131313131 0 0 1e-06 3.12383252964e-09 -7.82567135559e-13
0.78 0.313131313131 0 0 1e-06 3.12383252966e-09 -1.11715841317e-14
0.89 0.313131313131 0 0 1e-06 3.12383252966e-09 -1.59480620058e-16
1.0 0.313131313131 0 0 1e-06 3.12383252966e-09 -2.27667516745e-18
0.01 0.323232323232 0 0 1e-06 1.25970263828e-09 -0.118151933495
0.12 0.323232323232 0 0 1e-06 4.25138800256e-09 -0.00194511338478
0.23 0.323232323232 0 0 1e-06 4.29857478146e-09 -2.78350755907e-05
0.34 0.323232323232 0 0 1e-06 4.29924954209e-09 -3.97375206843e-07
0.45 0.323232323232 0 0 1e-06 4.29925917491e-09 -5.67275646398e-09
0.56 0.323232323232 0 0 1e-06 4.29925931242e-09 -8.09817760931e-11
0.67 0.323232323232 0 0 1e-06 4.29925931439e-09 -1.15606020715e-12
0.78 0.323232323232 0 0 1e-06 4.29925931441e-09 -1.65034069011e-14
0.89 0.323232323232 0 0 1e-06 4.29925931441e-09 -2.35595376146e-16
1.0 0.323232323232 0 0 1e-06 4.29925931441e-09 -3.3632559382e-18
0.01 0.333333333333 0 0 1e-06 1.64485706887e-09 -0.164866602836
0.12 0.333333333333 0 0 1e-06 5.72544823089e-09 -0.00287010496183
0.23 0.333333333333 0 0 1e-06 5.7923848778e-09 -4.1119127899e-05
0.34 0.333333333333 0 0 1e-06 5.79334281529e-09 -5.87028935655e-07
0.45 0.333333333333 0 0 1e-06 5.79335649088e-09 -8.38017301252e-09
0.56 0.333333333333 0 0 1e-06 5.79335668611e-09 -1.19631664285e-10
0.67 0.333333333333 0 0 1e-06 5.7933566889e-09 -1.70780900682e-12
0.78 0.333333333333 0 0 1e-06 5.79335668894e-09 -2.43799300212e-14
0.89 0.333333333333 0 0 1e-06 5.79335668894e-09 -3.48037154868e-16
1.0 0.333333333333 0 0 1e-06 5.79335668894e-09 -4.96842530177e-18
0.01 0.343434343434 0 0 1e-06 2.08850126611e-09 -0.225992754605
0.12 0.343434343434 0 0 1e-06 7.5486699969e-09 -0.00423265866685
0.23 0.343434343434 0 0 1e-06 7.6429300867e-09 -6.0742390386e-05
0.34 0.343434343434 0 0 1e-06 7.6442805946e-09 -8.67197866158e-07
0.45 0.343434343434 0 0 1e-06 7.64429987488e-09 -1.23797487263e-08
0.56 0.343434343434 0 0 1e-06 7.64430015011e-09 -1.76727849023e-10
0.67 0.343434343434 0 0 1e-06 7.64430015404e-09 -2.52288902075e-12
0.78 0.343434343434 0 0 1e-06 7.6443001541e-09 -3.60156536992e-14
0.89 0.343434343434 0 0 1e-06 7.6443001541e-09 -5.14143626883e-16
1.0 0.343434343434 0 0 1e-06 7.6443001541e-09 -7.33968821668e-18
0.01 0.353535353535 0 0 1e-06 2.58100949535e-09 -0.303503163166
0.12 0.353535353535 0 0 1e-06 9.7508677074e-09 -0.00623708727483
0.23 0.353535353535 0 0 1e-06 9.88296819946e-09 -8.97293839599e-05
0.34 0.353535353535 0 0 1e-06 9.88486399615e-09 -1.28108167247e-06
0.45 0.353535353535 0 0 1e-06 9.8848910618e-09 -1.82881878359e-08
0.56 0.353535353535 0 0 1e-06 9.88489144818e-09 -2.61074129551e-10
0.67 0.353535353535 0 0 1e-06 9.88489145369e-09 -3.72697941348e-12
0.78 0.353535353535 0 0 1e-06 9.88489145377e-09 -5.32047183994e-14
0.89 0.353535353535 0 0 1e-06 9.88489145377e-09 -7.59527152107e-16
1.0 0.353535353535 0 0 1e-06 9.88489145377e-09 -1.08426754648e-17
0.01 0.363636363636 0 0 1e-06 3.11089592969e-09 -0.398618851138
0.12 0.363636363636 0 0 1e-06 1.23552929247e-08 -0.0091800560153
0.23 0.363636363636 0 0 1e-06 1.25399673447e-08 -0.000132546985273
0.34 0.363636363636 0 0 1e-06 1.25426240001e-08 -1.89249755061e-06
0.45 0.363636363636 0 0 1e-06 1.25426619297e-08 -2.70165267889e-08
0.56 0.363636363636 0 0 1e-06 1.25426624711e-08 -3.85676063473e-10
0.67 0.363636363636 0 0 1e-06 1.25426624788e-08 -5.5057418042e-12
0.78 0.363636363636 0 0 1e-06 1.2542662479e-08 -7.85975477105e-14
0.89 0.363636363636 0 0 1e-06 1.2542662479e-08 -1.12202401163e-15
1.0 0.363636363636 0 0 1e-06 1.2542662479e-08 -1.60175211485e-17
0.01 0.373737373737 0 0 1e-06 3.66720782922e-09 -0.511671978437
0.12 0.373737373737 0 0 1e-06 1.5378431923e-08 -0.0134889196287
0.23 0.373737373737 0 0 1e-06 1.56364132255e-08 -0.000195791462563
0.34 0.373737373737 0 0 1e-06 1.56401373673e-08 -2.79571999324e-06
0.45 0.373737373737 0 0 1e-06 1.56401905404e-08 -3.99106090992e-08
0.56 0.373737373737 0 0 1e-06 1.56401912994e-08 -5.6974632521e-10
0.67 0.373737373737 0 0 1e-06 1.56401913103e-08 -8.13344788117e-12
0.78 0.373737373737 0 0 1e-06 1.56401913104e-08 -1.16109523595e-13
0.89 0.373737373737 0 0 1e-06 1.56401913104e-08 -1.65752847568e-15
1.0 0.373737373737 0 0 1e-06 1.56401913104e-08 -2.36621472788e-17
0.01 0.383838383838 0 0 1e-06 4.24102861126e-09 -0.642187752966
0.12 0.383838383838 0 0 1e-06 1.88296675608e-08 -0.0197722607773
0.23 0.383838383838 0 0 1e-06 1.91901322299e-08 -0.000289201818587
0.34 0.383838383838 0 0 1e-06 1.91953620264e-08 -4.13001643082e-06
0.45 0.383838383838 0 0 1e-06 1.91954367029e-08 -5.89586040676e-08
0.56 0.383838383838 0 0 1e-06 1.91954377689e-08 -8.41667154933e-10
0.67 0.383838383838 0 0 1e-06 1.91954377842e-08 -1.20152700202e-11
0.78 0.383838383838 0 0 1e-06 1.91954377844e-08 -1.71524708621e-13
0.89 0.383838383838 0 0 1e-06 1.91954377844e-08 -2.44861127678e-15
1.0 0.383838383838 0 0 1e-06 1.91954377844e-08 -3.49552973054e-17
0.01 0.393939393939 0 0 1e-06 4.82586411715e-09 -0.789115249307
0.12 0.393939393939 0 0 1e-06 2.27107846959e-08 -0.0288825313715
0.23 0.393939393939 0 0 1e-06 2.32146368516e-08 -0.000427153305126
0.34 0.393939393939 0 0 1e-06 2.32220001613e-08 -6.10111953151e-06
0.45 0.393939393939 0 0 1e-06 2.32221053143e-08 -8.70975670766e-08
0.56 0.393939393939 0 0 1e-06 2.32221068154e-08 -1.24336668486e-09
0.67 0.393939393939 0 0 1e-06 2.32221068369e-08 -1.77497557938e-11
0.78 0.393939393939 0 0 1e-06 2.32221068372e-08 -2.53387704597e-13
0.89 0.393939393939 0 0 1e-06 2.32221068372e-08 -3.61725139129e-15
1.0 0.393939393939 0 0 1e-06 2.32221068372e-08 -5.16382894297e-17
0.01 0.40404040404 0 0 1e-06 5.41729613445e-09 -0.951093334924
0.12 0.40404040404 0 0 1e-06 2.7015348915e-08 -0.041985899192
0.23 0.40404040404 0 0 1e-06 2.77195154197e-08 -0.000630856218345
0.34 0.40404040404 0 0 1e-06 2.77299135431e-08 -9.01294594702e-06
0.45 0.40404040404 0 0 1e-06 2.77300620603e-08 -1.28666310552e-07
0.56 0.40404040404 0 0 1e-06 2.77300641805e-08 -1.83678393946e-09
0.67 0.40404040404 0 0 1e-06 2.77300642107e-08 -2.62211194755e-11
0.78 0.40404040404 0 0 1e-06 2.77300642112e-08 -3.74321165516e-13
0.89 0.40404040404 0 0 1e-06 2.77300642112e-08 -5.34364427376e-15
1.0 0.40404040404 0 0 1e-06 2.77300642112e-08 -7.62835146825e-17
0.01 0.414141414141 0 0 1e-06 6.01240058253e-09 -1.12666927294
0.12 0.414141414141 0 0 1e-06 3.17280276122e-08 -0.0606251960472
0.23 0.414141414141 0 0 1e-06 3.27108480895e-08 -0.000931587782159
0.34 0.414141414141 0 0 1e-06 3.27255766488e-08 -1.33144499482e-05
0.45 0.414141414141 0 0 1e-06 3.27257870702e-08 -1.90074414328e-07
0.56 0.414141414141 0 0 1e-06 3.27257900741e-08 -2.71341936398e-09
0.67 0.414141414141 0 0 1e-06 3.2725790117e-08 -3.87355811853e-11
0.78 0.414141414141 0 0 1e-06 3.27257901176e-08 -5.52972115091e-13
0.89 0.414141414141 0 0 1e-06 3.27257901176e-08 -7.89398663118e-15
1.0 0.414141414141 0 0 1e-06 3.27257901176e-08 -1.12691080138e-16
0.01 0.424242424242 0 0 1e-06 6.60923113882e-09 -1.31444185031
0.12 0.424242424242 0 0 1e-06 3.68240382112e-08 -0.0867479674495
0.23 0.424242424242 0 0 1e-06 3.81916115918e-08 -0.00137543115572
0.34 0.424242424242 0 0 1e-06 3.82125351548e-08 -1.96688312936e-05
0.45 0.424242424242 0 0 1e-06 3.82128341911e-08 -2.80790530736e-07
0.56 0.424242424242 0 0 1e-06 3.82128384601e-08 -4.0084434987e-09
0.67 0.424242424242 0 0 1e-06 3.8212838521e-08 -5.72227761356e-11
0.78 0.424242424242 0 0 1e-06 3.82128385219e-08 -8.16887176676e-13
0.89 0.424242424242 0 0 1e-06 3.82128385219e-08 -1.16615219396e-14
1.0 0.424242424242 0 0 1e-06 3.82128385219e-08 -1.66474756643e-16
0.01 0.434343434343 0 0 1e-06 7.2064561105e-09 -1.51313738782
0.12 0.434343434343 0 0 1e-06 4.22690869838e-08 -0.122657523274
0.23 0.434343434343 0 0 1e-06 4.41620353331e-08 -0.00203019988145
0.34 0.434343434343 0 0 1e-06 4.41918396406e-08 -2.90557574899e-05
0.45 0.434343434343 0 0 1e-06 4.41922658287e-08 -4.14802371343e-07
0.56 0.434343434343 0 0 1e-06 4.41922719129e-08 -5.92153925133e-09
0.67 0.434343434343 0 0 1e-06 4.41922719998e-08 -8.45332897643e-11
0.78 0.434343434343 0 0 1e-06 4.4192272001e-08 -1.20676005389e-12
0.89 0.434343434343 0 0 1e-06 4.4192272001e-08 -1.72271756079e-14
1.0 0.434343434343 0 0 1e-06 4.4192272001e-08 -2.45927579765e-16
0.01 0.444444444444 0 0 1e-06 7.80312447935e-09 -1.72163932611
0.12 0.444444444444 0 0 1e-06 4.80203010078e-08 -0.170844233692
0.23 0.444444444444 0 0 1e-06 5.06198745363e-08 -0.00299550292411
0.34 0.444444444444 0 0 1e-06 5.06624304056e-08 -4.29223379635e-05
0.45 0.444444444444 0 0 1e-06 5.06630394181e-08 -6.12773489079e-07
0.56 0.444444444444 0 0 1e-06 5.06630481124e-08 -8.74769148584e-09
0.67 0.444444444444 0 0 1e-06 5.06630482365e-08 -1.24878196427e-10
0.78 0.444444444444 0 0 1e-06 5.06630482382e-08 -1.78270619154e-12
0.89 0.444444444444 0 0 1e-06 5.06630482383e-08 -2.54491292785e-14
1.0 0.444444444444 0 0 1e-06 5.06630482383e-08 -3.63300573064e-16
0.01 0.454545454545 0 0 1e-06 8.39851031451e-09 -1.9389904294
0.12 0.454545454545 0 0 1e-06 5.40285613411e-08 -0.233687458962
0.23 0.454545454545 0 0 1e-06 5.75605671456e-08 -0.00441726198331
0.34 0.454545454545 0 0 1e-06 5.76214542863e-08 -6.34060760889e-05
0.45 0.454545454545 0 0 1e-06 5.76223266524e-08 -9.05229404504e-07
0.56 0.454545454545 0 0 1e-06 5.76223391066e-08 -1.29226714462e-08
0.67 0.454545454545 0 0 1e-06 5.76223392844e-08 -1.84478375165e-10
0.78 0.454545454545 0 0 1e-06 5.7622339287e-08 -2.63353212203e-12
0.89 0.454545454545 0 0 1e-06 5.7622339287e-08 -3.75951459354e-14
1.0 0.454545454545 0 0 1e-06 5.7622339287e-08 -5.36691763138e-16
0.01 0.464646464646 0 0 1e-06 8.99199750861e-09 -2.16438079313
0.12 0.464646464646 0 0 1e-06 6.02421477777e-08 -0.313090421511
0.23 0.464646464646 0 0 1e-06 6.49772426694e-08 -0.00650841093733
0.34 0.464646464646 0 0 1e-06 6.50645007744e-08 -9.36640608069e-05
0.45 0.464646464646 0 0 1e-06 6.5065753116e-08 -1.33726432895e-06
0.56 0.464646464646 0 0 1e-06 6.50657709953e-08 -1.90902293656e-08
0.67 0.464646464646 0 0 1e-06 6.50657712505e-08 -2.72523722109e-10
0.78 0.464646464646 0 0 1e-06 6.50657712542e-08 -3.89042875966e-12
0.89 0.464646464646 0 0 1e-06 6.50657712542e-08 -5.55380493543e-14
1.0 0.464646464646 0 0 1e-06 6.50657712542e-08 -7.92836758256e-16
0.01 0.474747474747 0 0 1e-06 9.58298743387e-09 -2.39712955955
0.12 0.474747474747 0 0 1e-06 6.66108636115e-08 -0.410179013206
0.23 0.474747474747 0 0 1e-06 7.28605549873e-08 -0.00957790552106
0.34 0.474747474747 0 0 1e-06 7.29857541869e-08 -0.000138358904449
0.45 0.474747474747 0 0 1e-06 7.29875555802e-08 -1.97549417403e-06
0.56 0.474747474747 0 0 1e-06 7.29875812991e-08 -2.8201355839e-08
0.67 0.474747474747 0 0 1e-06 7.29875816663e-08 -4.02590162899e-10
0.78 0.474747474747 0 0 1e-06 7.29875816715e-08 -5.74720004649e-12
0.89 0.474747474747 0 0 1e-06 7.29875816716e-08 -8.2044499345e-14
1.0 0.474747474747 0 0 1e-06 7.29875816716e-08 -1.17123117666e-15
0.01 0.484848484848 0 0 1e-06 1.01708266757e-08 -2.63666473637
0.12 0.484848484848 0 0 1e-06 7.30894066577e-08 -0.525189004291
0.23 0.484848484848 0 0 1e-06 8.11983170111e-08 -0.0140703305208
0.34 0.484848484848 0 0 1e-06 8.13780694147e-08 -0.000204375805536
0.45 0.484848484848 0 0 1e-06 8.13806652339e-08 -2.91832783496e-06
0.56 0.484848484848 0 0 1e-06 8.1380702297e-08 -4.16609172967e-08
0.67 0.484848484848 0 0 1e-06 8.13807028261e-08 -5.94732957545e-10
0.78 0.484848484848 0 0 1e-06 8.13807028337e-08 -8.49014605161e-12
0.89 0.484848484848 0 0 1e-06 8.13807028338e-08 -1.21201589745e-13
1.0 0.484848484848 0 0 1e-06 8.13807028338e-08 -1.73022057174e-15
0.01 0.494949494949 0 0 1e-06 1.07547577551e-08 -2.88250349728
0.12 0.494949494949 0 0 1e-06 7.96391283324e-08 -0.657569334067
0.23 0.494949494949 0 0 1e-06 8.99749229568e-08 -0.0206178310314
0.34 0.494949494949 0 0 1e-06 9.02329876265e-08 -0.000301880107334
0.45 0.494949494949 0 0 1e-06 9.02367343061e-08 -4.31114025643e-06
0.56 0.494949494949 0 0 1e-06 9.02367878056e-08 -6.15442755863e-08
0.67 0.494949494949 0 0 1e-06 9.02367885693e-08 -8.78579069593e-10
0.78 0.494949494949 0 0 1e-06 9.02367885802e-08 -1.25422082752e-11
0.89 0.494949494949 0 0 1e-06 9.02367885804e-08 -1.7904704731e-13
1.0 0.494949494949 0 0 1e-06 9.02367885804e-08 -2.55599687453e-15
0.01 0.505050505051 0 0 1e-06 1.13338951357e-08 -3.13423424022
0.12 0.505050505051 0 0 1e-06 8.62281622971e-08 -0.806222290414
0.23 0.505050505051 0 0 1e-06 9.91705581458e-08 -0.0301039100675
0.34 0.505050505051 0 0 1e-06 9.95407127827e-08 -0.000445875821831
0.45 0.505050505051 0 0 1e-06 9.95461285215e-08 -6.36868631389e-06
0.56 0.505050505051 0 0 1e-06 9.95462058633e-08 -9.09172926906e-08
0.67 0.505050505051 0 0 1e-06 9.95462069674e-08 -1.29789541943e-09
0.78 0.505050505051 0 0 1e-06 9.95462069831e-08 -1.85281840215e-11
0.89 0.505050505051 0 0 1e-06 9.95462069834e-08 -2.64500203496e-13
1.0 0.505050505051 0 0 1e-06 9.95462069834e-08 -3.77588853659e-15
0.01 0.515151515152 0 0 1e-06 1.19072254314e-08 -3.39150105016
0.12 0.515151515152 0 0 1e-06 9.2830508521e-08 -0.969767268679
0.23 0.515151515152 0 0 1e-06 1.08760227921e-07 -0.0437334225617
0.34 0.515151515152 0 0 1e-06 1.09290069289e-07 -0.000658499791795
0.45 0.515151515152 0 0 1e-06 1.0929790802e-07 -9.40821038711e-06
0.56 0.515151515152 0 0 1e-06 1.09298019985e-07 -1.34309062598e-07
0.67 0.515151515152 0 0 1e-06 1.09298021583e-07 -1.91733741187e-09
0.78 0.515151515152 0 0 1e-06 1.09298021606e-07 -2.73710654139e-11
0.89 0.515151515152 0 0 1e-06 1.09298021606e-07 -3.90737287783e-13
1.0 0.515151515152 0 0 1e-06 1.09298021606e-07 -5.57799361291e-15
0.01 0.525252525253 0 0 1e-06 1.24736273601e-08 -3.65399081305
0.12 0.525252525253 0 0 1e-06 9.94247356543e-08 -1.1467515615
0.23 0.525252525253 0 0 1e-06 1.18712704168e-07 -0.0630933394377
0.34 0.525252525253 0 0 1e-06 1.19468456468e-07 -0.000972393006156
0.45 0.525252525253 0 0 1e-06 1.19479815762e-07 -1.38983543112e-05
0.56 0.525252525253 0 0 1e-06 1.19479978057e-07 -1.98410261511e-07
0.67 0.525252525253 0 0 1e-06 1.19479980373e-07 -2.83241830922e-09
0.78 0.525252525253 0 0 1e-06 1.19479980406e-07 -4.04343577875e-11
0.89 0.525252525253 0 0 1e-06 1.19479980407e-07 -5.77223102443e-13
1.0 0.525252525253 0 0 1e-06 1.19479980407e-07 -8.24018305734e-15
0.01 0.535353535354 0 0 1e-06 1.30319050131e-08 -3.92142295279
0.12 0.535353535354 0 0 1e-06 1.05992729672e-07 -1.33578529077
0.23 0.535353535354 0 0 1e-06 1.28989605918e-07 -0.0901745846851
0.34 0.535353535354 0 0 1e-06 1.30061808305e-07 -0.00143564245664
0.45 0.535353535354 0 0 1e-06 1.30078286714e-07 -2.05313993544e-05
0.56 0.535353535354 0 0 1e-06 1.3007852224e-07 -2.93104795566e-07
0.67 0.535353535354 0 0 1e-06 1.30078525602e-07 -4.18423665253e-09
0.78 0.535353535354 0 0 1e-06 1.3007852565e-07 -5.97323218843e-11
0.89 0.535353535354 0 0 1e-06 1.30078525651e-07 -8.52712347685e-13
1.0 0.535353535354 0 0 1e-06 1.30078525651e-07 -1.21729463197e-14
0.01 0.545454545455 0 0 1e-06 1.35808276732e-08 -4.19354157557
0.12 0.545454545455 0 0 1e-06 1.12518664291e-07 -1.53561125171
0.23 0.545454545455 0 0 1e-06 1.39544988074e-07 -0.127311766508
0.34 0.545454545455 0 0 1e-06 1.41054558675e-07 -0.00211899851909
0.45 0.545454545455 0 0 1e-06 1.41078484925e-07 -3.03299692124e-05
0.56 0.545454545455 0 0 1e-06 1.41078827102e-07 -4.3299381578e-07
0.67 0.545454545455 0 0 1e-06 1.41078831987e-07 -6.18123258579e-09
0.78 0.545454545455 0 0 1e-06 1.41078832057e-07 -8.82405576115e-11
0.89 0.545454545455 0 0 1e-06 1.41078832058e-07 -1.25968337858e-12
1.0 0.545454545455 0 0 1e-06 1.41078832058e-07 -1.79826857078e-14
0.01 0.555555555556 0 0 1e-06 1.41191703279e-08 -4.47010969318
0.12 0.555555555556 0 0 1e-06 1.18988221383e-07 -1.74513065075
0.23 0.555555555556 0 0 1e-06 1.50325924628e-07 -0.176999691171
0.34 0.555555555556 0 0 1e-06 1.52429603873e-07 -0.00312635834645
0.45 0.555555555556 0 0 1e-06 1.52464370149e-07 -4.48046202542e-05
0.56 0.555555555556 0 0 1e-06 1.52464867782e-07 -6.39647086491e-07
0.67 0.555555555556 0 0 1e-06 1.52464874886e-07 -9.13132774453e-09
0.78 0.555555555556 0 0 1e-06 1.52464874988e-07 -1.30354818996e-10
0.89 0.555555555556 0 0 1e-06 1.52464874989e-07 -1.86088804582e-12
1.0 0.555555555556 0 0 1e-06 1.52464874989e-07 -2.65652190335e-14
0.01 0.565656565657 0 0 1e-06 1.46457505784e-08 -4.75090514759
0.12 0.565656565657 0 0 1e-06 1.25388035731e-07 -1.96340321133
0.23 0.565656565657 0 0 1e-06 1.61274460987e-07 -0.241583337869
0.34 0.565656565657 0 0 1e-06 1.64168246354e-07 -0.0046098706789
0.45 0.565656565657 0 0 1e-06 1.64218791546e-07 -6.61865603566e-05
0.56 0.565656565657 0 0 1e-06 1.64219515955e-07 -9.44928839145e-07
0.67 0.565656565657 0 0 1e-06 1.64219526297e-07 -1.34894044299e-08
0.78 0.565656565657 0 0 1e-06 1.64219526445e-07 -1.92568806162e-10
0.89 0.565656565657 0 0 1e-06 1.64219526447e-07 -2.74902755559e-12
1.0 0.565656565657 0 0 1e-06 1.64219526447e-07 -3.92439079325e-14
0.01 0.575757575758 0 0 1e-06 1.51594593345e-08 -5.03571785914
0.12 0.575757575758 0 0 1e-06 1.31705330641e-07 -2.18963418163
0.23 0.575757575758 0 0 1e-06 1.72330826908e-07 -0.322892593931
0.34 0.575757575758 0 0 1e-06 1.76250096084e-07 -0.00679143915031
0.45 0.575757575758 0 0 1e-06 1.76323603307e-07 -9.77712536836e-05
0.56 0.575757575758 0 0 1e-06 1.7632465878e-07 -1.39591090748e-06
0.67 0.575757575758 0 0 1e-06 1.76324673849e-07 -1.99274449979e-08
0.78 0.575757575758 0 0 1e-06 1.76324674064e-07 -2.84475444737e-10
0.89 0.575757575758 0 0 1e-06 1.76324674067e-07 -4.06104629372e-12
1.0 0.575757575758 0 0 1e-06 1.76324674067e-07 -5.79737102061e-14
0.01 0.585858585859 0 0 1e-06 1.56592841543e-08 -5.32434805488
0.12 0.585858585859 0 0 1e-06 1.37927715083e-07 -2.42315567344
0.23 0.585858585859 0 0 1e-06 1.83437120542e-07 -0.421956826792
0.34 0.585858585859 0 0 1e-06 1.88652899183e-07 -0.00999278732523
0.45 0.585858585859 0 0 1e-06 1.8875979566e-07 -0.000144425617848
0.56 0.585858585859 0 0 1e-06 1.8876133479e-07 -2.062130655e-06
0.67 0.585858585859 0 0 1e-06 1.88761356764e-07 -2.94381464107e-08
0.78 0.585858585859 0 0 1e-06 1.88761357078e-07 -4.20246042239e-10
0.89 0.585858585859 0 0 1e-06 1.88761357083e-07 -5.99924761256e-12
1.0 0.585858585859 0 0 1e-06 1.88761357083e-07 -8.56426195073e-14
0.01 0.59595959596 0 0 1e-06 1.61443251949e-08 -5.61660518553
0.12 0.59595959596 0 0 1e-06 1.44043114841e-07 -2.66340644327
0.23 0.59595959596 0 0 1e-06 1.94540339874e-07 -0.538916757852
0.34 0.59595959596 0 0 1e-06 2.01352258591e-07 -0.0146763584661
0.45 0.59595959596 0 0 1e-06 2.01507634259e-07 -0.000213336421289
0.56 0.59595959596 0 0 1e-06 2.01509880433e-07 -3.04631269035e-06
0.67 0.59595959596 0 0 1e-06 2.01509912505e-07 -4.34879865014e-08
0.78 0.59595959596 0 0 1e-06 2.01509912963e-07 -6.20815396462e-10
0.89 0.59595959596 0 0 1e-06 2.01509912969e-07 -8.86248747565e-12
1.0 0.59595959596 0 0 1e-06 2.01509912969e-07 -1.26516972095e-13
0.01 0.606060606061 0 0 1e-06 1.66138044485e-08 -5.91230729868
0.12 0.606060606061 0 0 1e-06 1.50039808175e-07 -2.90991233798
0.23 0.606060606061 0 0 1e-06 2.05594010436e-07 -0.673148087451
0.34 0.606060606061 0 0 1e-06 2.14321211492e-07 -0.0214986370737
0.45 0.606060606061 0 0 1e-06 2.14546801003e-07 -0.000315113976382
0.56 0.606060606061 0 0 1e-06 2.14550081417e-07 -4.50020730771e-06
0.67 0.606060606061 0 0 1e-06 2.1455012826e-07 -6.42433435624e-08
0.78 0.606060606061 0 0 1e-06 2.14550128929e-07 -9.17109782647e-10
0.89 0.606060606061 0 0 1e-06 2.14550128938e-07 -1.30922557839e-11
1.0 0.606060606061 0 0 1e-06 2.14550128938e-07 -1.86899283548e-13
0.01 0.616161616162 0 0 1e-06 1.70670693155e-08 -6.21128069216
0.12 0.616161616162 0 0 1e-06 1.55906533897e-07 -3.16226859456
0.23 0.616161616162 0 0 1e-06 2.16558410115e-07 -0.823509586057
0.34 0.616161616162 0 0 1e-06 2.27529639782e-07 -0.031375038858
0.45 0.616161616162 0 0 1e-06 2.27856529713e-07 -0.000465418480453
0.56 0.616161616162 0 0 1e-06 2.27861323804e-07 -6.64798723402e-06
0.67 0.616161616162 0 0 1e-06 2.2786139227e-07 -9.4904535064e-08
0.78 0.616161616162 0 0 1e-06 2.27861393248e-07 -1.3548155507e-09
0.89 0.616161616162 0 0 1e-06 2.27861393262e-07 -1.93407507752e-11
1.0 0.616161616162 0 0 1e-06 2.27861393262e-07 -2.76100048992e-13
0.01 0.626262626263 0 0 1e-06 1.75035916924e-08 -6.51335972129
0.12 0.626262626263 0 0 1e-06 1.61632639504e-07 -3.4201245883
0.23 0.626262626263 0 0 1e-06 2.27399903086e-07 -0.988603746769
0.34 0.626262626263 0 0 1e-06 2.40943525004e-07 -0.0455498706117
0.45 0.626262626263 0 0 1e-06 2.41415730282e-07 -0.000687353632158
0.56 0.626262626263 0 0 1e-06 2.41422740793e-07 -9.82080900663e-06
0.67 0.626262626263 0 0 1e-06 2.41422840933e-07 -1.40199281485e-07
0.78 0.626262626263 0 0 1e-06 2.41422842362e-07 -2.00142361433e-09
0.89 0.626262626263 0 0 1e-06 2.41422842383e-07 -2.85714430512e-11
1.0 0.626262626263 0 0 1e-06 2.41422842383e-07 -4.07873350825e-13
0.01 0.636363636364 0 0 1e-06 1.7922963713e-08 -6.81838667442
0.12 0.636363636364 0 0 1e-06 1.6720824021e-07 -3.68317124072
0.23 0.636363636364 0 0 1e-06 2.38089942349e-07 -1.16697951034
0.34 0.636363636364 0 0 1e-06 2.54524133971e-07 -0.0656545514646
0.45 0.636363636364 0 0 1e-06 2.55203094869e-07 -0.00101498328955
0.56 0.636363636364 0 0 1e-06 2.55213352071e-07 -1.45078652898e-05
0.67 0.636363636364 0 0 1e-06 2.55213498631e-07 -2.07111683049e-07
0.78 0.636363636364 0 0 1e-06 2.55213500723e-07 -2.95663603832e-09
0.89 0.636363636364 0 0 1e-06 2.55213500753e-07 -4.2207635448e-11
1.0 0.636363636364 0 0 1e-06 2.55213500754e-07 -6.02537634178e-13
0.01 0.646464646465 0 0 1e-06 1.83248911522e-08 -7.12621166253
0.12 0.646464646465 0 0 1e-06 1.72624365738e-07 -3.95113103457
0.23 0.646464646465 0 0 1e-06 2.48604091816e-07 -1.35725915618
0.34 0.646464646465 0 0 1e-06 2.68227347242e-07 -0.093722700642
0.45 0.646464646465 0 0 1e-06 2.69197179088e-07 -0.00149848463165
0.56 0.646464646465 0 0 1e-06 2.69212193493e-07 -2.14317939309e-05
0.67 0.646464646465 0 0 1e-06 2.69212408121e-07 -3.05959110855e-07
0.78 0.646464646465 0 0 1e-06 2.69212411185e-07 -4.36773934066e-09
0.89 0.646464646465 0 0 1e-06 2.69212411229e-07 -6.23519255579e-11
1.0 0.646464646465 0 0 1e-06 2.69212411229e-07 -8.90108657175e-13
0.01 0.656565656566 0 0 1e-06 1.870918533e-08 -7.43669249135
0.12 0.656565656566 0 0 1e-06 1.77873079152e-07 -4.2237504043
0.23 0.656565656566 0 0 1e-06 2.58921206692e-07 -1.55820224668
0.34 0.656565656566 0 0 1e-06 2.82003498886e-07 -0.13211801395
0.45 0.656565656566 0 0 1e-06 2.83376449782e-07 -0.00221167037554
0.56 0.656565656566 0 0 1e-06 2.83398435592e-07 -3.16600579852e-05
0.67 0.656565656566 0 0 1e-06 2.83398750078e-07 -4.51983058097e-07
0.78 0.656565656566 0 0 1e-06 2.83398754567e-07 -6.45231495677e-09
0.89 0.656565656566 0 0 1e-06 2.83398754632e-07 -9.21104103363e-11
1.0 0.656565656566 0 0 1e-06 2.83398754632e-07 -1.31492769356e-12
0.01 0.666666666667 0 0 1e-06 1.907575418e-08 -7.74969450093
0.12 0.666666666667 0 0 1e-06 1.82947559308e-07 -4.50079416539
0.23 0.666666666667 0 0 1e-06 2.69022792016e-07 -1.768727743
0.34 0.666666666667 0 0 1e-06 2.95798185547e-07 -0.183335910883
0.45 0.666666666667 0 0 1e-06 2.97719288677e-07 -0.00326290685857
0.56 0.666666666667 0 0 1e-06 2.97751489987e-07 -4.67694417494e-05
0.67 0.666666666667 0 0 1e-06 2.97751951038e-07 -6.67699242745e-07
0.78 0.666666666667 0 0 1e-06 2.9775195762e-07 -9.53178864467e-09
0.89 0.666666666667 0 0 1e-06 2.97751957714e-07 -1.36071622757e-10
1.0 0.666666666667 0 0 1e-06 2.97751957715e-07 -1.9424986212e-12
0.01 0.676767676768 0 0 1e-06 1.94245929826e-08 -8.06509036767
0.12 0.676767676768 0 0 1e-06 1.87842144661e-07 -4.7820416026
0.23 0.676767676768 0 0 1e-06 2.78892518556e-07 -1.98791216348
0.34 0.676767676768 0 0 1e-06 3.09554346577e-07 -0.249682422826
0.45 0.676767676768 0 0 1e-06 3.12203937845e-07 -0.00481082786566
0.56 0.676767676768 0 0 1e-06 3.12251103189e-07 -6.90889637459e-05
0.67 0.676767676768 0 0 1e-06 3.12251779446e-07 -9.8636931661e-07
0.78 0.676767676768 0 0 1e-06 3.12251789101e-07 -1.40809918922e-08
0.89 0.676767676768 0 0 1e-06 3.12251789238e-07 -2.01014048804e-10
1.0 0.676767676768 0 0 1e-06 3.1225178924e-07 -2.86958812408e-12
0.01 0.686868686869 0 0 1e-06 1.97557751259e-08 -8.38275987064
0.12 0.686868686869 0 0 1e-06 1.92552340665e-07 -5.06728384199
0.23 0.686868686869 0 0 1e-06 2.8851587158e-07 -2.21497567931
0.34 0.686868686869 0 0 1e-06 3.23215403908e-07 -0.332910517341
0.45 0.686868686869 0 0 1e-06 3.26808368474e-07 -0.00708666821323
0.56 0.686868686869 0 0 1e-06 3.26877437527e-07 -0.000102058524638
0.67 0.686868686869 0 0 1e-06 3.26878429903e-07 -1.45712946413e-06
0.78 0.686868686869 0 0 1e-06 3.26878444071e-07 -2.08013773189e-08
0.89 0.686868686869 0 0 1e-06 3.26878444273e-07 -2.96951318691e-10
1.0 0.686868686869 0 0 1e-06 3.26878444276e-07 -4.23914638168e-12
0.01 0.69696969697 0 0 1e-06 2.0069443146e-08 -8.70258962722
0.12 0.69696969697 0 0 1e-06 1.97074795787e-07 -5.35632216816
0.23 0.69696969697 0 0 1e-06 2.97879912725e-07 -2.44926312509
0.34 0.69696969697 0 0 1e-06 3.36728614778e-07 -0.433951957295
0.45 0.69696969697 0 0 1e-06 3.41510049593e-07 -0.0104254123817
0.56 0.69696969697 0 0 1e-06 3.41611139067e-07 -0.000150758291467
0.67 0.69696969697 0 0 1e-06 3.41612595958e-07 -2.15256662018e-06
0.78 0.69696969697 0 0 1e-06 3.41612616759e-07 -3.07291773125e-08
0.89 0.69696969697 0 0 1e-06 3.41612617056e-07 -4.38676232793e-10
1.0 0.69696969697 0 0 1e-06 3.4161261706e-07 -6.26234890444e-12
0.01 0.707070707071 0 0 1e-06 2.03658002092e-08 -9.02447280511
0.12 0.707070707071 0 0 1e-06 2.01407252488e-07 -5.64896700181
0.23 0.707070707071 0 0 1e-06 3.06973136983e-07 -2.69022376839
0.34 0.707070707071 0 0 1e-06 3.50047578057e-07 -0.552854010784
0.45 0.707070707071 0 0 1e-06 3.56285589642e-07 -0.0153080077308
0.56 0.707070707071 0 0 1e-06 3.56433392301e-07 -0.000222689793665
0.67 0.707070707071 0 0 1e-06 3.56435531975e-07 -3.1799103683e-06
0.78 0.707070707071 0 0 1e-06 3.56435562526e-07 -4.5395183122e-08
0.89 0.707070707071 0 0 1e-06 3.56435562962e-07 -6.48041699418e-10
1.0 0.707070707071 0 0 1e-06 3.56435562969e-07 -9.25115819844e-12
0.01 0.717171717172 0 0 1e-06 2.06451021356e-08 -9.34830881784
0.12 0.717171717172 0 0 1e-06 2.05548479779e-07 -5.94503731131
0.23 0.717171717172 0 0 1e-06 3.15785405013e-07 -2.93739191448
0.34 0.717171717172 0 0 1e-06 3.63133304204e-07 -0.688922262254
0.45 0.717171717172 0 0 1e-06 3.71110225134e-07 -0.0224160691621
0.56 0.717171717172 0 0 1e-06 3.71325961158e-07 -0.00032892775222
0.67 0.717171717172 0 0 1e-06 3.71329104716e-07 -4.69756593204e-06
0.78 0.717171717172 0 0 1e-06 3.71329149606e-07 -6.70607810721e-08
0.89 0.717171717172 0 0 1e-06 3.71329150247e-07 -9.57330287616e-10
1.0 0.717171717172 0 0 1e-06 3.71329150256e-07 -1.36664260191e-11
0.01 0.727272727273 0 0 1e-06 2.09076500121e-08 -9.67400301053
0.12 0.727272727273 0 0 1e-06 2.09498193465e-07 -6.24436028839
0.23 0.727272727273 0 0 1e-06 3.24307928446e-07 -3.19036945468
0.34 0.727272727273 0 0 1e-06 3.75953994413e-07 -0.840975189579
0.45 0.727272727273 0 0 1e-06 3.8595714469e-07 -0.0326977876552
0.56 0.727272727273 0 0 1e-06 3.86271215477e-07 -0.000485817164234
0.67 0.727272727273 0 0 1e-06 3.86275835343e-07 -6.93953688341e-06
0.78 0.727272727273 0 0 1e-06 3.86275901325e-07 -9.90666407604e-08
0.89 0.727272727273 0 0 1e-06 3.86275902267e-07 -1.41423195495e-09
1.0 0.727272727273 0 0 1e-06 3.8627590228e-07 -2.01889532243e-11
0.01 0.737373737374 0 0 1e-06 2.11537834138e-08 -10.0014663421
0.12 0.737373737374 0 0 1e-06 2.13256969359e-07 -6.54677116649
0.23 0.737373737374 0 0 1e-06 3.32533285207e-07 -3.44881090229
0.34 0.737373737374 0 0 1e-06 3.88484092244e-07 -1.00760085074
0.45 0.737373737374 0 0 1e-06 4.00796676155e-07 -0.0474376576303
0.56 0.737373737374 0 0 1e-06 4.01252141314e-07 -0.000717470632491
0.67 0.737373737374 0 0 1e-06 4.01258932565e-07 -1.02515019701e-05
0.78 0.737373737374 0 0 1e-06 4.0125902958e-07 -1.46347820033e-07
0.89 0.737373737374 0 0 1e-06 4.01259030965e-07 -2.08919747725e-09
1.0 0.737373737374 0 0 1e-06 4.01259030984e-07 -2.98244641084e-11
0.01 0.747474747475 0 0 1e-06 2.13838742266e-08 -10.3306150687
0.12 0.747474747475 0 0 1e-06 2.16826153723e-07 -6.85211309999
0.23 0.747474747475 0 0 1e-06 3.40455443989e-07 -3.71241109382
0.34 0.747474747475 0 0 1e-06 4.00703139963e-07 -1.18735135396
0.45 0.747474747475 0 0 1e-06 4.15595445144e-07 -0.0683117750605
0.56 0.747474747475 0 0 1e-06 4.16252332452e-07 -0.00105943651787
0.67 0.747474747475 0 0 1e-06 4.16262317638e-07 -1.51441057972e-05
0.78 0.747474747475 0 0 1e-06 4.16262460326e-07 -2.1619471144e-07
0.89 0.747474747475 0 0 1e-06 4.16262462363e-07 -3.08630142454e-09
1.0 0.747474747475 0 0 1e-06 4.16262462392e-07 -4.40586814703e-11
0.01 0.757575757576 0 0 1e-06 2.15983210493e-08 -10.6613704332
0.12 0.757575757576 0 0 1e-06 2.20207774199e-07 -7.16023705302
0.23 0.757575757576 0 0 1e-06 3.48069781445e-07 -3.98089547913
0.34 0.757575757576 0 0 1e-06 4.12594738143e-07 -1.37886188745
0.45 0.757575757576 0 0 1e-06 4.3031574246e-07 -0.0973956259641
0.56 0.757575757576 0 0 1e-06 4.3125595889e-07 -0.00156407219367
0.67 0.757575757576 0 0 1e-06 4.31270641908e-07 -2.23716737481e-05
0.78 0.757575757576 0 0 1e-06 4.3127085183e-07 -3.19377160873e-07
0.89 0.757575757576 0 0 1e-06 4.31270854827e-07 -4.55928967026e-09
1.0 0.757575757576 0 0 1e-06 4.3127085487e-07 -6.5086413819e-11
0.01 0.767676767677 0 0 1e-06 2.17975441475e-08 -10.9936583624
0.12 0.767676767677 0 0 1e-06 2.23404453601e-07 -7.47100166863
0.23 0.767676767677 0 0 1e-06 3.55373081201e-07 -4.25401275393
0.34 0.767676767677 0 0 1e-06 4.24145704433e-07 -1.58090903032
0.45 0.767676767677 0 0 1e-06 4.44915483388e-07 -0.137079596092
0.56 0.767676767677 0 0 1e-06 4.46247705941e-07 -0.00230838344071
0.67 0.767676767677 0 0 1e-06 4.462692975e-07 -3.30484739403e-05
0.78 0.767676767677 0 0 1e-06 4.46269606415e-07 -4.71805086223e-07
0.89 0.767676767677 0 0 1e-06 4.46269610825e-07 -6.73528583874e-09
1.0 0.767676767677 0 0 1e-06 4.46269610888e-07 -9.61499782189e-11
0.01 0.777777777778 0 0 1e-06 2.19819809227e-08 -11.3274091765
0.12 0.777777777778 0 0 1e-06 2.2641932816e-07 -7.78427310422
0.23 0.777777777778 0 0 1e-06 3.62363509271e-07 -4.53152949041
0.34 0.777777777778 0 0 1e-06 4.35345425821e-07 -1.79242946453
0.45 0.777777777778 0 0 1e-06 4.59349191472e-07 -0.189855751031
0.56 0.777777777778 0 0 1e-06 4.61212674624e-07 -0.00340539409733
0.67 0.777777777778 0 0 1e-06 4.61244421691e-07 -4.8820421398e-05
0.78 0.777777777778 0 0 1e-06 4.61244876387e-07 -6.96981644217e-07
0.89 0.777777777778 0 0 1e-06 4.61244882879e-07 -9.94981204324e-09
1.0 0.777777777778 0 0 1e-06 4.61244882971e-07 -1.42039141028e-10
0.01 0.787878787879 0 0 1e-06 2.21520818605e-08 -11.6625573098
0.12 0.787878787879 0 0 1e-06 2.29255971243e-07 -8.09992482955
0.23 0.787878787879 0 0 1e-06 3.69040564962e-07 -4.81322638469
0.34 0.787878787879 0 0 1e-06 4.46185370603e-07 -2.01251632838
0.45 0.787878787879 0 0 1e-06 4.73570214004e-07 -0.257986622845
0.56 0.787878787879 0 0 1e-06 4.7613623013e-07 -0.00502049100681
0.67 0.787878787879 0 0 1e-06 4.7618289539e-07 -7.21186312236e-05
0.78 0.787878787879 0 0 1e-06 4.761835648e-07 -1.02962719111e-06
0.89 0.787878787879 0 0 1e-06 4.76183574357e-07 -1.46985238454e-08
1.0 0.787878787879 0 0 1e-06 4.76183574494e-07 -2.09829663587e-10
0.01 0.79797979798 0 0 1e-06 2.23083069205e-08 -11.9990410467
0.12 0.79797979798 0 0 1e-06 2.31918323066e-07 -8.41783738932
0.23 0.79797979798 0 0 1e-06 3.75405009661e-07 -5.09889574844
0.34 0.79797979798 0 0 1e-06 4.56658729224e-07 -2.24040448265
0.45 0.79797979798 0 0 1e-06 4.87533814114e-07 -0.34314489294
0.56 0.79797979798 0 0 1e-06 4.91003780569e-07 -0.00739461471988
0.67 0.79797979798 0 0 1e-06 4.91072335968e-07 -0.000106533767025
0.78 0.79797979798 0 0 1e-06 4.91073321665e-07 -1.52103279414e-06
0.89 0.79797979798 0 0 1e-06 4.91073335737e-07 -2.17136365641e-08
1.0 0.79797979798 0 0 1e-06 4.91073335938e-07 -3.09974331013e-10
0.01 0.808080808081 0 0 1e-06 2.24511223321e-08 -12.3368022704
0.12 0.808080808081 0 0 1e-06 2.34410626595e-07 -8.73789813591
0.23 0.808080808081 0 0 1e-06 3.81458777784e-07 -5.38833991171
0.34 0.808080808081 0 0 1e-06 4.66760161079e-07 -2.475451238
0.45 0.808080808081 0 0 1e-06 5.01200197864e-07 -0.446163955024
0.56 0.808080808081 0 0 1e-06 5.05800463381e-07 -0.0108765197525
0.67 0.808080808081 0 0 1e-06 5.05901084518e-07 -0.000157368580242
0.78 0.808080808081 0 0 1e-06 5.05902536168e-07 -2.24696869706e-06
0.89 0.808080808081 0 0 1e-06 5.05902556895e-07 -3.20768272932e-08
1.0 0.808080808081 0 0 1e-06 5.05902557191e-07 -4.57914692525e-10
0.01 0.818181818182 0 0 1e-06 2.25809977608e-08 -12.6757862271
0.12 0.818181818182 0 0 1e-06 2.36737369596e-07 -9.0600009392
0.23 0.818181818182 0 0 1e-06 3.87204874991e-07 -5.68137025817
0.34 0.818181818182 0 0 1e-06 4.76485628293e-07 -2.7171161373
0.45 0.818181818182 0 0 1e-06 5.14536471067e-07 -0.566999458989
0.56 0.818181818182 0 0 1e-06 5.20510713926e-07 -0.0159663203265
0.67 0.818181818182 0 0 1e-06 5.20658187282e-07 -0.000232453127824
0.78 0.818181818182 0 0 1e-06 5.20660325429e-07 -3.31936701945e-06
0.89 0.818181818182 0 0 1e-06 5.20660355959e-07 -4.73860212046e-08
1.0 0.818181818182 0 0 1e-06 5.20660356395e-07 -6.76462031337e-10
0.01 0.828282828283 0 0 1e-06 2.26984038127e-08 -13.015941304
0.12 0.828282828283 0 0 1e-06 2.38903232609e-07 -9.38404588069
0.23 0.828282828283 0 0 1e-06 3.92647268766e-07 -5.9778066732
0.34 0.828282828283 0 0 1e-06 4.85832297403e-07 -2.9649417326
0.45 0.828282828283 0 0 1e-06 5.27517113602e-07 -0.704890071736
0.56 0.828282828283 0 0 1e-06 5.35117694013e-07 -0.0233715659257
0.67 0.828282828283 0 0 1e-06 5.35333370636e-07 -0.000343346824698
0.78 0.828282828283 0 0 1e-06 5.35336520248e-07 -4.90357975391e-06
0.89 0.828282828283 0 0 1e-06 5.35336565226e-07 -7.00017792975e-08
1.0 0.828282828283 0 0 1e-06 5.35336565868e-07 -9.99314691588e-10
0.01 0.838383838384 0 0 1e-06 2.2803809847e-08 -13.357218822
0.12 0.838383838384 0 0 1e-06 2.40913042537e-07 -9.70993893857
0.23 0.838383838384 0 0 1e-06 3.97790775938e-07 -6.27747724034
0.34 0.838383838384 0 0 1e-06 4.94798488822e-07 -3.21853638826
0.45 0.838383838384 0 0 1e-06 5.40123285949e-07 -0.858617148434
0.56 0.838383838384 0 0 1e-06 5.4960257586e-07 -0.0340740840223
0.67 0.838383838384 0 0 1e-06 5.49917008423e-07 -0.000507109322589
0.78 0.838383838384 0 0 1e-06 5.49921648294e-07 -7.2438724195e-06
0.89 0.838383838384 0 0 1e-06 5.49921714564e-07 -1.03411278529e-07
1.0 0.838383838384 0 0 1e-06 5.4992171551e-07 -1.47625410806e-09
0.01 0.848484848485 0 0 1e-06 2.28976820673e-08 -13.6995728411
0.12 0.848484848485 0 0 1e-06 2.42771731476e-07 -10.0375916699
0.23 0.848484848485 0 0 1e-06 4.02640950928e-07 -6.58021806969
0.34 0.848484848485 0 0 1e-06 5.03383654193e-07 -3.47755960689
0.45 0.848484848485 0 0 1e-06 5.52341598232e-07 -1.02675667442
0.56 0.848484848485 0 0 1e-06 5.63943722377e-07 -0.0493992588959
0.67 0.848484848485 0 0 1e-06 5.64400079658e-07 -0.000748905989196
0.78 0.848484848485 0 0 1e-06 5.64406915085e-07 -1.07010827761e-05
0.89 0.848484848485 0 0 1e-06 5.64407012738e-07 -1.52766007037e-07
1.0 0.848484848485 0 0 1e-06 5.64407014132e-07 -2.18082072565e-09
0.01 0.858585858586 0 0 1e-06 2.29804818666e-08 -14.0429599796
0.12 0.858585858586 0 0 1e-06 2.44484300377e-07 -10.3669208945
0.23 0.858585858586 0 0 1e-06 4.07203977641e-07 -6.88587318033
0.34 0.858585858586 0 0 1e-06 5.11588364098e-07 -3.74171002277
0.45 0.858585858586 0 0 1e-06 5.64162849862e-07 -1.20786534798
0.56 0.858585858586 0 0 1e-06 5.78115892297e-07 -0.0710680047014
0.67 0.858585858586 0 0 1e-06 5.78774113472e-07 -0.00110583395686
0.78 0.858585858586 0 0 1e-06 5.78784183099e-07 -1.58082479843e-05
0.89 0.858585858586 0 0 1e-06 5.78784327009e-07 -2.25676082308e-07
1.0 0.858585858586 0 0 1e-06 5.78784329064e-07 -3.22165337898e-09
0.01 0.868686868687 0 0 1e-06 2.30526644007e-08 -14.3873392452
0.12 0.868686868687 0 0 1e-06 2.46055787143e-07 -10.6978483849
0.23 0.868686868687 0 0 1e-06 4.11486567105e-07 -7.19429438803
0.34 0.868686868687 0 0 1e-06 5.19414292606e-07 -4.01071596406
0.45 0.868686868687 0 0 1e-06 5.75580980552e-07 -1.40059194939
0.56 0.868686868687 0 0 1e-06 5.92089730553e-07 -0.101196693908
0.67 0.868686868687 0 0 1e-06 5.93031116619e-07 -0.00163252460068
0.78 0.868686868687 0 0 1e-06 5.93045949261e-07 -2.33527702632e-05
0.89 0.868686868687 0 0 1e-06 5.93046161355e-07 -3.33383668585e-07
1.0 0.868686868687 0 0 1e-06 5.93046164383e-07 -4.7592405764e-09
0.01 0.878787878788 0 0 1e-06 2.3114677369e-08 -14.7326718781
0.12 0.878787878788 0 0 1e-06 2.47491238751e-07 -11.0303005655
0.23 0.878787878788 0 0 1e-06 4.15495862218e-07 -7.50534117113
0.34 0.878787878788 0 0 1e-06 5.2686418991e-07 -4.28432832313
0.45 0.878787878788 0 0 1e-06 5.86592277428e-07 -1.60373028357
0.56 0.878787878788 0 0 1e-06 6.0583193575e-07 -0.14219981704
0.67 0.878787878788 0 0 1e-06 6.07163476654e-07 -0.00240931290619
0.78 0.878787878788 0 0 1e-06 6.07185321007e-07 -3.44977746291e-05
0.89 0.878787878788 0 0 1e-06 6.07185633611e-07 -4.92496422496e-07
1.0 0.878787878788 0 0 1e-06 6.07185638073e-07 -7.03066661088e-09
0.01 0.888888888889 0 0 1e-06 2.31669599816e-08 -15.0789212052
0.12 0.888888888889 0 0 1e-06 2.48795687025e-07 -11.3642082221
0.23 0.888888888889 0 0 1e-06 4.1923935038e-07 -7.81888050196
0.34 0.888888888889 0 0 1e-06 5.33941838805e-07 -4.56231538389
0.45 0.888888888889 0 0 1e-06 5.97194799254e-07 -1.81623469814
0.56 0.888888888889 0 0 1e-06 6.19306500132e-07 -0.196561986424
0.67 0.888888888889 0 0 1e-06 6.21163830952e-07 -0.00355407611714
0.78 0.888888888889 0 0 1e-06 6.21195991028e-07 -5.09613367954e-05
0.89 0.888888888889 0 0 1e-06 6.21196451793e-07 -7.27548244e-07
1.0 0.888888888889 0 0 1e-06 6.21196458371e-07 -1.03861681568e-08
0.01 0.89898989899 0 0 1e-06 2.32099420939e-08 -15.4260525041
0.12 0.89898989899 0 0 1e-06 2.49974127693e-07 -11.6995062256
0.23 0.89898989899 0 0 1e-06 4.2272478433e-07 -8.13478664074
0.34 0.89898989899 0 0 1e-06 5.40651994458e-07 -4.84445922376
0.45 0.89898989899 0 0 1e-06 6.0738796527e-07 -2.03721476682
0.56 0.89898989899 0 0 1e-06 6.32477120461e-07 -0.266497721221
0.67 0.89898989899 0 0 1e-06 6.35024887974e-07 -0.00523923248639
0.78 0.89898989899 0 0 1e-06 6.35072210692e-07 -7.52811420012e-05
0.89 0.89898989899 0 0 1e-06 6.35072889863e-07 -1.07478216557e-06
1.0 0.89898989899 0 0 1e-06 6.3507289956e-07 -1.53431381014e-08
0.01 0.909090909091 0 0 1e-06 2.32440434927e-08 -15.7740328774
0.12 0.909090909091 0 0 1e-06 2.51031502405e-07 -12.036133268
0.23 0.909090909091 0 0 1e-06 4.25960111156e-07 -8.45294089457
0.34 0.909090909091 0 0 1e-06 5.47000309466e-07 -5.130553321
0.45 0.909090909091 0 0 1e-06 6.17172267887e-07 -2.26591980337
0.56 0.909090909091 0 0 1e-06 6.45310276935e-07 -0.353596286998
0.67 0.909090909091 0 0 1e-06 6.48739182757e-07 -0.00771581632308
0.78 0.909090909091 0 0 1e-06 6.48808762002e-07 -0.000111205220005
0.89 0.909090909091 0 0 1e-06 6.48809763127e-07 -1.58773863926e-06
1.0 0.909090909091 0 0 1e-06 6.48809777421e-07 -2.26659035893e-08
0.01 0.919191919192 0 0 1e-06 2.32696733168e-08 -16.1228311356
0.12 0.919191919192 0 0 1e-06 2.51972683398e-07 -12.3740316137
0.23 0.919191919192 0 0 1e-06 4.28953409207e-07 -8.7732313473
0.34 0.919191919192 0 0 1e-06 5.52993247634e-07 -5.42040103963
0.45 0.919191919192 0 0 1e-06 6.26549081217e-07 -2.50171934804
0.56 0.919191919192 0 0 1e-06 6.57777960474e-07 -0.458592258968
0.67 0.919191919192 0 0 1e-06 6.622987444e-07 -0.0113468775855
0.78 0.919191919192 0 0 1e-06 6.62400927751e-07 -0.000164268649447
0.89 0.919191919192 0 0 1e-06 6.62402403455e-07 -2.34551082023e-06
1.0 0.919191919192 0 0 1e-06 6.62402424526e-07 -3.34835794214e-08
0.01 0.929292929293 0 0 1e-06 2.32872295985e-08 -16.4724176883
0.12 0.929292929293 0 0 1e-06 2.52802460525e-07 -12.7131468652
0.23 0.929292929293 0 0 1e-06 4.31712832497e-07 -9.09555256729
0.34 0.929292929293 0 0 1e-06 5.58637990505e-07 -5.71381471981
0.45 0.929292929293 0 0 1e-06 6.35520544389e-07 -2.74408298542
0.56 0.929292929293 0 0 1e-06 6.69859123613e-07 -0.581351727248
0.67 0.929292929293 0 0 1e-06 6.75694651525e-07 -0.0166523771562
0.78 0.929292929293 0 0 1e-06 6.75844459261e-07 -0.000242644381751
0.89 0.929292929293 0 0 1e-06 6.75846634488e-07 -3.4649395885e-06
1.0 0.929292929293 0 0 1e-06 6.75846665549e-07 -4.94641689045e-08
0.01 0.939393939394 0 0 1e-06 2.32970989125e-08 -16.8227644439
0.12 0.939393939394 0 0 1e-06 2.53525530401e-07 -13.0534277423
0.23 0.939393939394 0 0 1e-06 4.34246562082e-07 -9.41980530018
0.34 0.939393939394 0 0 1e-06 5.63942340534e-07 -6.01061516035
0.45 0.939393939394 0 0 1e-06 6.44089500734e-07 -2.99256130576
0.56 0.939393939394 0 0 1e-06 6.81539632163e-07 -0.721049697155
0.67 0.939393939394 0 0 1e-06 6.88916457138e-07 -0.0243666155124
0.78 0.939393939394 0 0 1e-06 6.89135540712e-07 -0.000358397693381
0.89 0.939393939394 0 0 1e-06 6.89138746947e-07 -5.11862834373e-06
1.0 0.939393939394 0 0 1e-06 6.89138792735e-07 -7.30717570748e-08
0.01 0.949494949495 0 0 1e-06 2.32996561214e-08 -17.1738447151
0.12 0.949494949495 0 0 1e-06 2.54146487425e-07 -13.3948258764
0.23 0.949494949495 0 0 1e-06 4.36562763831e-07 -9.74589615343
0.34 0.949494949495 0 0 1e-06 5.6891462436e-07 -6.31063133457
0.45 0.949494949495 0 0 1e-06 6.52259474502e-07 -3.24676896882
0.56 0.949494949495 0 0 1e-06 6.92811190441e-07 -0.876433506743
0.67 0.949494949495 0 0 1e-06 7.01951485889e-07 -0.0355059139392
0.78 0.949494949495 0 0 1e-06 7.02270748528e-07 -0.000529334039075
0.89 0.949494949495 0 0 1e-06 7.0227547416e-07 -7.56155455583e-06
1.0 0.949494949495 0 0 1e-06 7.02275541658e-07 -1.07946453437e-07
0.01 0.959595959596 0 0 1e-06 2.32952642045e-08 -17.5256331325
0.12 0.959595959596 0 0 1e-06 2.54669816471e-07 -13.7372956175
0.23 0.959595959596 0 0 1e-06 4.38669552041e-07 -10.0737372783
0.34 0.959595959596 0 0 1e-06 5.73563598943e-07 -6.61370022792
0.45 0.959595959596 0 0 1e-06 6.60034667959e-07 -3.50637032132
0.56 0.959595959596 0 0 1e-06 7.03669917985e-07 -1.04606932527
0.67 0.959595959596 0 0 1e-06 7.14784057697e-07 -0.0514372104016
0.78 0.959595959596 0 0 1e-06 7.15247003474e-07 -0.000781717301491
0.89 0.959595959596 0 0 1e-06 7.15253967863e-07 -1.11703797199e-05
1.0 0.959595959596 0 0 1e-06 7.15254067366e-07 -1.59465668107e-07
0.01 0.969696969697 0 0 1e-06 2.32842741632e-08 -17.8781055635
0.12 0.969696969697 0 0 1e-06 2.5509988706e-07 -14.0807938548
0.23 0.969696969697 0 0 1e-06 4.40574958308e-07 -10.4032460546
0.34 0.969696969697 0 0 1e-06 5.7789836262e-07 -6.91966672282
0.45 0.969696969697 0 0 1e-06 6.67419964381e-07 -3.77106768136
0.56 0.969696969697 0 0 1e-06 7.14115049103e-07 -1.22851976962
0.67 0.969696969697 0 0 1e-06 7.27394785204e-07 -0.0739262842686
0.78 0.969696969697 0 0 1e-06 7.2806151205e-07 -0.00115426039751
0.89 0.969696969697 0 0 1e-06 7.28071774336e-07 -1.65015154018e-05
1.0 0.969696969697 0 0 1e-06 7.28071921014e-07 -2.35573265227e-07
0.01 0.979797979798 0 0 1e-06 2.32670249904e-08 -18.2312390371
0.12 0.979797979798 0 0 1e-06 2.55440948836e-07 -14.425279849
0.23 0.979797979798 0 0 1e-06 4.42286905128e-07 -10.7343447811
0.34 0.979797979798 0 0 1e-06 5.81928272476e-07 -7.22838348504
0.45 0.979797979798 0 0 1e-06 6.74420926189e-07 -4.04059216953
0.56 0.979797979798 0 0 1e-06 7.2414793521e-07 -1.42244783075
0.67 0.979797979798 0 0 1e-06 7.39760224414e-07 -0.10512925584
0.78 0.979797979798 0 0 1e-06 7.40711692157e-07 -0.00170396646617
0.89 0.979797979798 0 0 1e-06 7.40726810841e-07 -2.43768908498e-05
1.0 0.979797979798 0 0 1e-06 7.40727027057e-07 -3.48004441165e-07
0.01 0.989898989899 0 0 1e-06 2.32438436991e-08 -18.5850116742
0.12 0.989898989899 0 0 1e-06 2.55697128199e-07 -14.770715077
0.23 0.989898989899 0 0 1e-06 4.43813183703e-07 -11.0669603757
0.34 0.989898989899 0 0 1e-06 5.85662868867e-07 -7.5397108262
0.45 0.989898989899 0 0 1e-06 6.81043781596e-07 -4.31469681265
0.56 0.989898989899 0 0 1e-06 7.33771345675e-07 -1.62666471051
0.67 0.989898989899 0 0 1e-06 7.51853271405e-07 -0.147481948278
0.78 0.989898989899 0 0 1e-06 7.53195075876e-07 -0.00251464146686
0.89 0.989898989899 0 0 1e-06 7.53217342344e-07 -3.60106297221e-05
1.0 0.989898989899 0 0 1e-06 7.53217661058e-07 -5.14095190966e-07
0.01 1.0 0 0 1e-06 2.32150453997e-08 -18.9394026224
0.12 1.0 0 0 1e-06 2.55872425948e-07 -15.1170630866
0.23 1.0 0 0 1e-06 4.45161435495e-07 -11.4010240872
0.34 1.0 0 0 1e-06 5.89111807447e-07 -7.85351653106
0.45 1.0 0 0 1e-06 6.87295396882e-07 -4.59315156316
0.56 1.0 0 0 1e-06 7.42988998477e-07 -1.84014234749
0.67 1.0 0 0 1e-06 7.63644653728e-07 -0.203457302653
0.78 1.0 0 0 1e-06 7.65509179301e-07 -0.00370921981624
0.89 1.0 0 0 1e-06 7.65541958384e-07 -5.31961311084e-05
1.0 1.0 0 0 1e-06 7.65542428166e-07 -7.59455361307e-07
