Vd Vg Vs Vb Lg t_FE  Ids Qg V_FE V_FE_delta  
0.05 0.0 0 0 1e-07 1e-07 2.45237564407e-12 4.83901806276e-24 -9.41247081425e-09 0.0
0.5 0.0 0 0 1e-07 1e-07 2.97761694508e-12 4.23283208273e-24 -8.23336634075e-09 0.0
0.05 0.0102040816327 0 0 1e-07 1e-07 3.55334766356e-12 7.01144234501e-24 -1.36380967341e-08 0.0
0.5 0.0102040816327 0 0 1e-07 1e-07 4.31300263761e-12 6.13114213555e-24 -1.19258071907e-08 0.0
0.05 0.0204081632653 0 0 1e-07 1e-07 5.14859306908e-12 1.01591503679e-23 -1.97607665637e-08 0.0
0.5 0.0204081632653 0 0 1e-07 1e-07 6.24727695083e-12 8.88079038956e-24 -1.72742030025e-08 0.0
0.05 0.030612244898 0 0 1e-07 1e-07 7.46001438134e-12 1.47199813933e-23 -2.86321302077e-08 0.0
0.5 0.030612244898 0 0 1e-07 1e-07 9.04902933833e-12 1.28635754347e-23 -2.50211978496e-08 0.0
0.05 0.0408163265306 0 0 1e-07 1e-07 1.08091388563e-11 2.13283332635e-23 -4.14861675975e-08 0.0
0.5 0.0408163265306 0 0 1e-07 1e-07 1.31073086162e-11 1.86325179283e-23 -3.62424832726e-08 0.0
0.05 0.0510204081633 0 0 1e-07 1e-07 1.5661848245e-11 3.09033999967e-23 -6.01108214015e-08 0.0
0.5 0.0510204081633 0 0 1e-07 1e-07 1.89856502862e-11 2.69886442033e-23 -5.24961516128e-08 0.0
0.05 0.0612244897959 0 0 1e-07 1e-07 2.26931941778e-11 4.47770168218e-23 -8.70966709604e-08 0.0
0.5 0.0612244897959 0 0 1e-07 1e-07 2.75003386164e-11 3.90921998567e-23 -7.60390197853e-08 0.0
0.05 0.0714285714286 0 0 1e-07 1e-07 3.28813215732e-11 6.48788875527e-23 -1.26197221757e-07 0.0
0.5 0.0714285714286 0 0 1e-07 1e-07 3.98337775302e-11 5.6623728274e-23 -1.1013994634e-07 0.0
0.05 0.0816326530612 0 0 1e-07 1e-07 4.76435785704e-11 9.40049418392e-23 -1.8285089247e-07 0.0
0.5 0.0816326530612 0 0 1e-07 1e-07 5.76987270351e-11 8.20173646788e-23 -1.59533616384e-07 0.0
0.05 0.0918367346939 0 0 1e-07 1e-07 6.90337748687e-11 1.36206114082e-22 -2.64937236623e-07 0.0
0.5 0.0918367346939 0 0 1e-07 1e-07 8.35762408868e-11 1.18798706254e-22 -2.31077739508e-07 0.0
0.05 0.102040816327 0 0 1e-07 1e-07 1.00028087937e-10 1.97351546138e-22 -3.83872439424e-07 0.0
0.5 0.102040816327 0 0 1e-07 1e-07 1.21060408528e-10 1.72074102948e-22 -3.34704779127e-07 0.0
0.05 0.112244897959 0 0 1e-07 1e-07 1.44939514529e-10 2.85944394137e-22 -5.56196159924e-07 1.05879118407e-22
0.5 0.112244897959 0 0 1e-07 1e-07 1.75357905064e-10 2.49239161991e-22 -4.84800078771e-07 1.05879118407e-22
0.05 0.122448979592 0 0 1e-07 1e-07 2.10018785961e-10 4.1430338016e-22 -8.05869790817e-07 4.23516473627e-22
0.5 0.122448979592 0 0 1e-07 1e-07 2.54011996867e-10 3.61004537064e-22 -7.02197145135e-07 2.11758236814e-22
0.05 0.132653061224 0 0 1e-07 1e-07 3.04325897606e-10 6.0027373559e-22 -1.16760444857e-06 -8.47032947254e-22
0.5 0.132653061224 0 0 1e-07 1e-07 3.67952125907e-10 5.22880790989e-22 -1.01706588417e-06 8.47032947254e-22
0.05 0.142857142857 0 0 1e-07 1e-07 4.40994662444e-10 8.69704047295e-22 -1.69167873647e-06 -1.90582413132e-21
0.5 0.142857142857 0 0 1e-07 1e-07 5.33016052526e-10 7.57327160392e-22 -1.47309220622e-06 1.4823076577e-21
0.05 0.15306122449 0 0 1e-07 1e-07 6.39068659056e-10 1.26003043884e-21 -2.4509104072e-06 2.11758236814e-21
0.5 0.15306122449 0 0 1e-07 1e-07 7.72158505005e-10 1.09685975904e-21 -2.1335238545e-06 4.23516473627e-22
0.05 0.163265306122 0 0 1e-07 1e-07 9.26169115278e-10 1.82546016839e-21 -3.55073908274e-06 0.0
0.5 0.163265306122 0 0 1e-07 1e-07 1.11865842896e-09 1.58854489811e-21 -3.08991045222e-06 2.11758236814e-21
0.05 0.173469387755 0 0 1e-07 1e-07 1.34237658142e-09 2.64446215261e-21 -5.14379622226e-06 1.01643953671e-20
0.5 0.173469387755 0 0 1e-07 1e-07 1.62078143715e-09 2.30048909556e-21 -4.47472734954e-06 3.38813178902e-21
0.05 0.183673469388 0 0 1e-07 1e-07 1.9458886167e-09 3.83057810467e-21 -7.45093408289e-06 3.13402190484e-20
0.5 0.183673469388 0 0 1e-07 1e-07 2.34856819105e-09 3.33120119103e-21 -6.47958606066e-06 1.23920920183e-18
0.05 0.19387755102 0 0 1e-07 1e-07 2.82128635437e-09 5.54799925481e-21 -1.07915243103e-05 1.66865490609e-18
0.5 0.19387755102 0 0 1e-07 1e-07 3.40373930147e-09 4.82307286431e-21 -9.38145548971e-06 1.62460919283e-18
0.05 0.204081632653 0 0 1e-07 1e-07 4.09165328927e-09 8.03395285394e-21 -1.56270023747e-05 -1.80509497323e-16
0.5 0.204081632653 0 0 1e-07 1e-07 4.93418980864e-09 6.98173767545e-21 -1.35803175869e-05 6.03934491392e-18
0.05 0.214285714286 0 0 1e-07 1e-07 5.93641945485e-09 1.16307579485e-20 -2.26232198993e-05 4.82198916213e-17
0.5 0.214285714286 0 0 1e-07 1e-07 7.15528175025e-09 1.01037645373e-20 -1.96530344757e-05 3.07744010396e-17
0.05 0.224489795918 0 0 1e-07 1e-07 8.61778004721e-09 1.68314821616e-20 -3.27392525771e-05 2.34851743088e-16
0.5 0.224489795918 0 0 1e-07 1e-07 1.03812747894e-08 1.46160493492e-20 -2.84299699069e-05 -1.82098531133e-16
0.05 0.234693877551 0 0 1e-07 1e-07 1.25200549503e-08 2.43444619422e-20 -4.73528997986e-05 5.45218167489e-16
0.5 0.234693877551 0 0 1e-07 1e-07 1.50719821166e-08 2.11313779064e-20 -4.1103065784e-05 6.74373751286e-17
0.05 0.244897959184 0 0 1e-07 1e-07 1.82086892336e-08 3.51834256625e-20 -6.84359848809e-05 2.51683981815e-16
0.5 0.244897959184 0 0 1e-07 1e-07 2.19024125476e-08 3.05258208154e-20 -5.93763845561e-05 7.58331657018e-17
0.05 0.255102040816 0 0 1e-07 1e-07 2.65190429988e-08 5.0791200393e-20 -9.87949795777e-05 9.23401437779e-16
0.5 0.255102040816 0 0 1e-07 1e-07 3.18671104489e-08 4.40444973963e-20 -8.56718326904e-05 2.71673959371e-16
0.05 0.265306122449 0 0 1e-07 1e-07 3.86897289486e-08 7.3205043204e-20 -0.000142392593246 2.78965218981e-15
0.5 0.265306122449 0 0 1e-07 1e-07 4.64362534035e-08 6.34418580227e-20 -0.000123402026623 1.17476015894e-15
0.05 0.275510204082 0 0 1e-07 1e-07 5.65599941564e-08 1.05268528445e-19 -0.000204759918885 1.08576884462e-14
0.5 0.275510204082 0 0 1e-07 1e-07 6.7786385202e-08 9.115897167e-20 -0.000177315138219 3.29776353794e-15
0.05 0.285714285714 0 0 1e-07 1e-07 8.28515328397e-08 1.50885084912e-19 -0.000293489592938 3.45735809773e-14
0.5 0.285714285714 0 0 1e-07 1e-07 9.91311458356e-08 1.30529709097e-19 -0.00025389594554 7.44754735313e-15
0.05 0.295918367347 0 0 1e-07 1e-07 1.21542381822e-07 2.15286766338e-19 -0.000418758584989 1.02226495498e-13
0.5 0.295918367347 0 0 1e-07 1e-07 1.45167094479e-07 1.85984952138e-19 -0.000361763043687 1.15438257911e-14
0.05 0.30612244898 0 0 1e-07 1e-07 1.78297467196e-07 3.05255388183e-19 -0.000593758332294 2.81384507708e-13
0.5 0.30612244898 0 0 1e-07 1e-07 2.12610814534e-07 2.63185268604e-19 -0.000511926911486 8.42826242825e-15
0.05 0.316326530612 0 0 1e-07 1e-07 2.60832230871e-07 4.29189380825e-19 -0.000834824769583 7.51119869427e-13
0.5 0.316326530612 0 0 1e-07 1e-07 3.10722768049e-07 3.68965317807e-19 -0.000717681768878 -9.55290534177e-16
0.05 0.326530612245 0 0 1e-07 1e-07 3.78969021012e-07 5.96890764826e-19 -0.00116102395239 2.12786168893e-12
0.5 0.326530612245 0 0 1e-07 1e-07 4.51608431661e-07 5.10951895524e-19 -0.000993862617985 -1.9372524418e-15
0.05 0.336734693878 0 0 1e-07 1e-07 5.44084364724e-07 8.19006930376e-19 -0.00159306621251 7.08560575664e-12
0.5 0.336734693878 0 0 1e-07 1e-07 6.50037676692e-07 6.96783701985e-19 -0.00135532757702 -2.07363856988e-13
0.05 0.34693877551 0 0 1e-07 1e-07 7.67768853647e-07 1.10622351009e-18 -0.00215173612378 2.86144627958e-11
0.5 0.34693877551 0 0 1e-07 1e-07 9.22640722232e-07 9.3304891852e-19 -0.00181489130228 -1.69099391607e-12
0.05 0.357142857143 0 0 1e-07 1e-07 1.05987470824e-06 1.46847128944e-18 -0.00285634971582 1.28627779001e-10
0.5 0.357142857143 0 0 1e-07 1e-07 1.28663270341e-06 1.22427809976e-18 -0.00238136598732 -6.27295611288e-12
0.05 0.367346938776 0 0 1e-07 1e-07 1.42654230257e-06 1.91439527667e-18 -0.00372372153952 5.64265877512e-10
0.5 0.367346938776 0 0 1e-07 1e-07 1.75849463964e-06 1.57238546961e-18 -0.00305847454752 -1.43789732725e-11
0.05 0.377551020408 0 0 1e-07 1e-07 1.86898913768e-06 2.45108697671e-18 -0.00476764359271 2.20176931982e-09
0.5 0.377551020408 0 0 1e-07 1e-07 2.35305219679e-06 1.9767423269e-18 -0.00384499333149 -2.32793324548e-11
0.05 0.387755102041 0 0 1e-07 1e-07 2.38363572958e-06 3.08384213551e-18 -0.00599841366857 7.35288444454e-09
0.5 0.387755102041 0 0 1e-07 1e-07 3.08313754111e-06 2.43475093811e-18 -0.00473586835027 -2.90222490137e-11
0.05 0.397959183673 0 0 1e-07 1e-07 2.96356822571e-06 3.81577062747e-18 -0.0074220759931 2.09255485942e-08
0.5 0.397959183673 0 0 1e-07 1e-07 3.95972892991e-06 2.94261372801e-18 -0.00572371140305 -2.99367934956e-11
0.05 0.408163265306 0 0 1e-07 1e-07 3.60067776521e-06 4.64740280512e-18 -0.00903965493341 5.13057232948e-08
0.5 0.408163265306 0 0 1e-07 1e-07 4.99233421547e-06 3.49603132468e-18 -0.00680015783575 -2.75013779111e-11
0.05 0.418367346939 0 0 1e-07 1e-07 4.28754120799e-06 5.57662496618e-18 -0.0108470289538 1.10079000972e-07
0.5 0.418367346939 0 0 1e-07 1e-07 6.18941788021e-06 4.09070267696e-18 -0.00795683932177 -2.45694055379e-11
0.05 0.428571428571 0 0 1e-07 1e-07 5.01844411071e-06 6.59910765989e-18 -0.0128357634091 2.10017196706e-07
0.5 0.428571428571 0 0 1e-07 1e-07 7.55876365013e-06 4.72261891829e-18 -0.00918595546421 -2.37040352624e-11
0.05 0.438775510204 0 0 1e-07 1e-07 5.78954541281e-06 7.70907448533e-18 -0.0149946058931 3.61737495506e-07
0.5 0.438775510204 0 0 1e-07 1e-07 9.10774005519e-06 5.38819861657e-18 -0.0104805368795 -2.7161784974e-11
0.05 0.448979591837 0 0 1e-07 1e-07 6.59853966314e-06 8.90011526823e-18 -0.017311068096 5.70375847764e-07
0.5 0.448979591837 0 0 1e-07 1e-07 1.08434753176e-05 6.0843211043e-18 -0.0118345100363 -3.82985865244e-11
0.05 0.459183673469 0 0 1e-07 1e-07 7.44417156079e-06 1.01658258553e-17 -0.0197726704492 8.3366894621e-07
0.5 0.459183673469 0 0 1e-07 1e-07 1.27729606515e-05 6.80830312129e-18 -0.0132426518299 -6.37993130548e-11
0.05 0.469387755102 0 0 1e-07 1e-07 8.32579886926e-06 1.15002058224e-17 -0.022367715792 1.14204138011e-06
0.5 0.469387755102 0 0 1e-07 1e-07 1.49031012919e-05 7.5578488652e-18 -0.0147004924318 -1.16520799953e-10
0.05 0.479591836735 0 0 1e-07 1e-07 9.24306383412e-06 1.289784628e-17 -0.0250856546148 1.48037636135e-06
0.5 0.479591836735 0 0 1e-07 1e-07 1.72407310497e-05 8.33099136231e-18 -0.0162042012555 -2.18942978331e-10
0.05 0.489795918367 0 0 1e-07 1e-07 1.01956679432e-05 1.43539740006e-17 -0.0279171707234 1.83066457087e-06
0.5 0.489795918367 0 0 1e-07 1e-07 1.97926026008e-05 9.12603492687e-18 -0.0177504750401 -4.07020622067e-10
0.05 0.5 0 0 1e-07 1e-07 1.11832277855e-05 1.58644131038e-17 -0.0308541065088 2.17471855669e-06
0.5 0.5 0 0 1e-07 1e-07 2.25653629302e-05 9.94150351517e-18 -0.0193364374005 -7.33870120923e-10
