Vd Vg Vs Vb Lg t_FE  Ids Qg V_FE V_FE_delta  
0.05 0.0 0 0 1e-07 1e-07 2.45237564407e-12 4.83901806276e-24 0 0
0.5 0.0 0 0 1e-07 1e-07 2.97761694508e-12 4.23283208273e-24 0 0
0.05 0.00505050505051 0 0 1e-07 1e-07 2.94644910677e-12 5.81391839022e-24 0 0
0.5 0.00505050505051 0 0 1e-07 1e-07 3.57693937918e-12 5.08479612985e-24 0 0
0.05 0.010101010101 0 0 1e-07 1e-07 3.54006247002e-12 6.98522820132e-24 0 0
0.5 0.010101010101 0 0 1e-07 1e-07 4.29689123293e-12 6.10823908727e-24 0 0
0.05 0.0151515151515 0 0 1e-07 1e-07 4.25326993535e-12 8.39251722446e-24 0 0
0.5 0.0151515151515 0 0 1e-07 1e-07 5.16175247687e-12 7.33767520623e-24 0 0
0.05 0.020202020202 0 0 1e-07 1e-07 5.11016605631e-12 1.00833270577e-23 0 0
0.5 0.020202020202 0 0 1e-07 1e-07 6.20069014245e-12 8.81456549824e-24 0 0
0.05 0.0252525252525 0 0 1e-07 1e-07 6.13969977493e-12 1.21147771804e-23 0 0
0.5 0.0252525252525 0 0 1e-07 1e-07 7.448742014e-12 1.05887159012e-23 0 0
0.05 0.030303030303 0 0 1e-07 1e-07 7.37665248257e-12 1.45554945043e-23 0 0
0.5 0.030303030303 0 0 1e-07 1e-07 8.94799833154e-12 1.27199568373e-23 0 0
0.05 0.0353535353535 0 0 1e-07 1e-07 8.86281315074e-12 1.74879316289e-23 0 0
0.5 0.0353535353535 0 0 1e-07 1e-07 1.07490213664e-11 1.5280160792e-23 0 0
0.05 0.040404040404 0 0 1e-07 1e-07 1.06483902523e-11 2.1011152097e-23 0 0
0.5 0.040404040404 0 0 1e-07 1e-07 1.291255077e-11 1.83556659418e-23 0 0
0.05 0.0454545454545 0 0 1e-07 1e-07 1.27937081932e-11 2.52441767217e-23 0 0
0.5 0.0454545454545 0 0 1e-07 1e-07 1.55115522202e-11 2.20501875288e-23 0 0
0.05 0.0505050505051 0 0 1e-07 1e-07 1.5371245601e-11 3.03300039819e-23 0 0
0.5 0.0505050505051 0 0 1e-07 1e-07 1.86336784956e-11 2.64883151288e-23 0 0
0.05 0.0555555555556 0 0 1e-07 1e-07 1.84680843747e-11 3.64404402441e-23 0 0
0.5 0.0555555555556 0 0 1e-07 1e-07 2.23842260324e-11 3.18197137061e-23 0 0
0.05 0.0606060606061 0 0 1e-07 1e-07 2.2188852304e-11 4.37819029023e-23 0 0
0.5 0.0606060606061 0 0 1e-07 1e-07 2.68896867377e-11 3.82241700387e-23 0 0
0.05 0.0656565656566 0 0 1e-07 1e-07 2.66592587788e-11 5.26023923661e-23 0 0
0.5 0.0656565656566 0 0 1e-07 1e-07 3.23020149449e-11 4.59176545735e-23 0 0
0.05 0.0707070707071 0 0 1e-07 1e-07 3.20303431641e-11 6.31998681906e-23 0 0
0.5 0.0707070707071 0 0 1e-07 1e-07 3.88037535775e-11 5.51596029847e-23 0 0
0.05 0.0757575757576 0 0 1e-07 1e-07 3.84835796086e-11 7.59323121501e-23 0 0
0.5 0.0757575757576 0 0 1e-07 1e-07 4.66141926202e-11 6.62616627538e-23 0 0
0.05 0.0808080808081 0 0 1e-07 1e-07 4.62370109966e-11 9.12298176659e-23 0 0
0.5 0.0808080808081 0 0 1e-07 1e-07 5.59967679009e-11 7.95981993593e-23 0 0
0.05 0.0858585858586 0 0 1e-07 1e-07 5.55526197802e-11 1.09609113633e-22 0 0
0.5 0.0858585858586 0 0 1e-07 1e-07 6.72679501707e-11 9.56189158827e-23 0 0
0.05 0.0909090909091 0 0 1e-07 1e-07 6.67451852817e-11 1.3169101229e-22 0 0
0.5 0.0909090909091 0 0 1e-07 1e-07 8.0807924952e-11 1.14864010889e-22 0 0
0.05 0.0959595959596 0 0 1e-07 1e-07 8.01929276805e-11 1.58221369628e-22 0 0
0.5 0.0959595959596 0 0 1e-07 1e-07 9.70734242968e-11 1.37982384688e-22 0 0
0.05 0.10101010101 0 0 1e-07 1e-07 9.63502995109e-11 1.90096264434e-22 0 0
0.5 0.10101010101 0 0 1e-07 1e-07 1.16613144522e-10 1.65753506312e-22 0 0
0.05 0.106060606061 0 0 1e-07 1e-07 1.15763358879e-10 2.28392244543e-22 0 0
0.5 0.106060606061 0 0 1e-07 1e-07 1.40086272108e-10 1.99113676685e-22 0 0
0.05 0.111111111111 0 0 1e-07 1e-07 1.39088246424e-10 2.74402658233e-22 0 0
0.5 0.111111111111 0 0 1e-07 1e-07 1.68284745176e-10 2.39187570096e-22 0 0
0.05 0.116161616162 0 0 1e-07 1e-07 1.67113394322e-10 3.2968129333e-22 0 0
0.5 0.116161616162 0 0 1e-07 1e-07 2.02160005835e-10 2.87326113453e-22 0 0
0.05 0.121212121212 0 0 1e-07 1e-07 2.00786223389e-10 3.96094790773e-22 0 0
0.5 0.121212121212 0 0 1e-07 1e-07 2.42855151431e-10 3.45151973703e-22 0 0
0.05 0.126262626263 0 0 1e-07 1e-07 2.41245238655e-10 4.75885593013e-22 0 0
0.5 0.126262626263 0 0 1e-07 1e-07 2.91743577869e-10 4.14614177965e-22 0 0
0.05 0.131313131313 0 0 1e-07 1e-07 2.89858619744e-10 5.7174753851e-22 0 0
0.5 0.131313131313 0 0 1e-07 1e-07 3.50475431168e-10 4.98053694849e-22 0 0
0.05 0.136363636364 0 0 1e-07 1e-07 3.48270626987e-10 6.86916634015e-22 0 0
0.5 0.136363636364 0 0 1e-07 1e-07 4.21033451513e-10 5.98282167893e-22 0 0
0.05 0.141414141414 0 0 1e-07 1e-07 4.18457416738e-10 8.25280040556e-22 0 0
0.5 0.141414141414 0 0 1e-07 1e-07 5.05800119897e-10 7.18676428162e-22 0 0
0.05 0.146464646465 0 0 1e-07 1e-07 5.02794186884e-10 9.91506908381e-22 0 0
0.5 0.146464646465 0 0 1e-07 1e-07 6.07638409801e-10 8.63291932032e-22 0 0
0.05 0.151515151515 0 0 1e-07 1e-07 6.04135973623e-10 1.19120541655e-21 0 0
0.5 0.151515151515 0 0 1e-07 1e-07 7.29988921083e-10 1.03699888911e-21 0 0
0.05 0.156565656566 0 0 1e-07 1e-07 7.2591490366e-10 1.43111122766e-21 0 0
0.5 0.156565656566 0 0 1e-07 1e-07 8.76986751372e-10 1.24564558674e-21 0 0
0.05 0.161616161616 0 0 1e-07 1e-07 8.72257294723e-10 1.71931358876e-21 0 0
0.5 0.161616161616 0 0 1e-07 1e-07 1.05360215752e-09 1.49625429335e-21 0 0
0.05 0.166666666667 0 0 1e-07 1e-07 1.04812471532e-09 2.06552652256e-21 0 0
0.5 0.166666666667 0 0 1e-07 1e-07 1.26580991405e-09 1.79725617179e-21 0 0
0.05 0.171717171717 0 0 1e-07 1e-07 1.25948398983e-09 2.48141398891e-21 0 0
0.5 0.171717171717 0 0 1e-07 1e-07 1.52079330979e-09 2.15877286661e-21 0 0
0.05 0.176767676768 0 0 1e-07 1e-07 1.51351220767e-09 2.9809795975e-21 0 0
0.5 0.176767676768 0 0 1e-07 1e-07 1.82718999414e-09 2.59295389494e-21 0 0
0.05 0.181818181818 0 0 1e-07 1e-07 1.81884411583e-09 3.58103345919e-21 0 0
0.5 0.181818181818 0 0 1e-07 1e-07 2.19538843535e-09 3.11438068936e-21 0 0
0.05 0.186868686869 0 0 1e-07 1e-07 2.18587089146e-09 4.30175111011e-21 0 0
0.5 0.186868686869 0 0 1e-07 1e-07 2.63788565988e-09 3.74055015798e-21 0 0
0.05 0.191919191919 0 0 1e-07 1e-07 2.62710130028e-09 5.16734219396e-21 0 0
0.5 0.191919191919 0 0 1e-07 1e-07 3.16971928832e-09 4.49245297569e-21 0 0
0.05 0.19696969697 0 0 1e-07 1e-07 3.15759872684e-09 6.20684977022e-21 0 0
0.5 0.19696969697 0 0 1e-07 1e-07 3.80898978209e-09 5.39526453934e-21 0 0
0.05 0.20202020202 0 0 1e-07 1e-07 3.79551064757e-09 7.45510478148e-21 0 0
0.5 0.20202020202 0 0 1e-07 1e-07 4.57749240038e-09 6.47916963391e-21 0 0
0.05 0.207070707071 0 0 1e-07 1e-07 4.5627109549e-09 8.95386437956e-21 0 0
0.5 0.207070707071 0 0 1e-07 1e-07 5.5014828149e-09 7.78034538606e-21 0 0
0.05 0.212121212121 0 0 1e-07 1e-07 5.48558032752e-09 1.07531674909e-20 0 0
0.5 0.212121212121 0 0 1e-07 1e-07 6.6126058502e-09 9.34213101108e-21 0 0
0.05 0.217171717172 0 0 1e-07 1e-07 6.59595579947e-09 1.29129461415e-20 0 0
0.5 0.217171717172 0 0 1e-07 1e-07 7.94902368108e-09 1.12164171563e-20 0 0
0.05 0.222222222222 0 0 1e-07 1e-07 7.9322880966e-09 1.55049365809e-20 0 0
0.5 0.222222222222 0 0 1e-07 1e-07 9.55678831099e-09 1.34652921607e-20 0 0
0.05 0.227272727273 0 0 1e-07 1e-07 9.54105448111e-09 1.86149399086e-20 0 0
0.5 0.227272727273 0 0 1e-07 1e-07 1.14915136606e-08 1.61629871229e-20 0 0
0.05 0.232323232323 0 0 1e-07 1e-07 1.14784860997e-08 2.23454873899e-20 0 0
0.5 0.232323232323 0 0 1e-07 1e-07 1.38204154498e-08 1.9398165885e-20 0 0
0.05 0.237373737374 0 0 1e-07 1e-07 1.38126824409e-08 2.68189703462e-20 0 0
0.5 0.237373737374 0 0 1e-07 1e-07 1.66248026147e-08 2.32766093531e-20 0 0
0.05 0.242424242424 0 0 1e-07 1e-07 1.66262016087e-08 3.21812975401e-20 0 0
0.5 0.242424242424 0 0 1e-07 1e-07 2.00031224657e-08 2.79243450747e-20 0 0
0.05 0.247474747475 0 0 1e-07 1e-07 2.00192335198e-08 3.86061430186e-20 0 0
0.5 0.247474747475 0 0 1e-07 1e-07 2.40746830334e-08 3.34912713529e-20 0 0
0.05 0.252525252525 0 0 1e-07 1e-07 2.41134830114e-08 4.62998425117e-20 0 0
0.5 0.252525252525 0 0 1e-07 1e-07 2.89841993795e-08 4.01553184734e-20 0 0
0.05 0.257575757576 0 0 1e-07 1e-07 2.90569093322e-08 5.55069840557e-20 0 0
0.5 0.257575757576 0 0 1e-07 1e-07 3.49073342642e-08 4.81271751637e-20 0 0
0.05 0.262626262626 0 0 1e-07 1e-07 3.50294839651e-08 6.65167149896e-20 0 0
0.5 0.262626262626 0 0 1e-07 1e-07 4.20574240345e-08 5.76555825747e-20 0 0
0.05 0.267676767677 0 0 1e-07 1e-07 4.22501340487e-08 7.96697483262e-20 0 0
0.5 0.267676767677 0 0 1e-07 1e-07 5.06935919554e-08 6.90331562171e-20 0 0
0.05 0.272727272727 0 0 1e-07 1e-07 5.09850241751e-08 9.53659914678e-20 0 0
0.5 0.272727272727 0 0 1e-07 1e-07 6.1130444108e-08 8.26026328129e-20 0 0
0.05 0.277777777778 0 0 1e-07 1e-07 6.15572811425e-08 1.14072633657e-19 0 0
0.5 0.277777777778 0 0 1e-07 1e-07 7.37495040084e-08 9.87633479387e-20 0 0
0.05 0.282828282828 0 0 1e-07 1e-07 7.43581660732e-08 1.36332410874e-19 0 0
0.5 0.282828282828 0 0 1e-07 1e-07 8.90124537492e-08 1.17977626431e-19 0 0
0.05 0.287878787879 0 0 1e-07 1e-07 8.98595250346e-08 1.62771616627e-19 0 0
0.5 0.287878787879 0 0 1e-07 1e-07 1.07476091803e-07 1.40776608756e-19 0 0
0.05 0.292929292929 0 0 1e-07 1e-07 1.08627083047e-07 1.94107249595e-19 0 0
0.5 0.292929292929 0 0 1e-07 1e-07 1.29808672484e-07 1.67764847753e-19 0 0
0.05 0.29797979798 0 0 1e-07 1e-07 1.31333776478e-07 2.31152501119e-19 0 0
0.5 0.29797979798 0 0 1e-07 1e-07 1.56806950971e-07 1.99622808385e-19 0 0
0.05 0.30303030303 0 0 1e-07 1e-07 1.58771855824e-07 2.74819620191e-19 0 0
0.5 0.30303030303 0 0 1e-07 1e-07 1.89412833459e-07 2.37106222991e-19 0 0
0.05 0.308080808081 0 0 1e-07 1e-07 1.91861980732e-07 3.26119102841e-19 0 0
0.5 0.308080808081 0 0 1e-07 1e-07 2.28728071418e-07 2.8104115239e-19 0 0
0.05 0.313131313131 0 0 1e-07 1e-07 2.31657064586e-07 3.86154204189e-19 0 0
0.5 0.313131313131 0 0 1e-07 1e-07 2.76025032593e-07 3.32313654042e-19 0 0
0.05 0.318181818182 0 0 1e-07 1e-07 2.79338346816e-07 4.56110033617e-19 0 0
0.5 0.318181818182 0 0 1e-07 1e-07 3.32751360519e-07 3.91853242431e-19 0 0
0.05 0.323232323232 0 0 1e-07 1e-07 3.36201243344e-07 5.37237008752e-19 0 0
0.5 0.323232323232 0 0 1e-07 1e-07 4.00526446696e-07 4.60609900396e-19 0 0
0.05 0.328282828283 0 0 1e-07 1e-07 4.03629095495e-07 6.30829191747e-19 0 0
0.5 0.328282828283 0 0 1e-07 1e-07 4.81128201484e-07 5.39525256542e-19 0 0
0.05 0.333333333333 0 0 1e-07 1e-07 4.83054068383e-07 7.38198897056e-19 0 0
0.5 0.333333333333 0 0 1e-07 1e-07 5.76469643199e-07 6.2949957797e-19 0 0
0.05 0.338383838384 0 0 1e-07 1e-07 5.7590606476e-07 8.60649732261e-19 0 0
0.5 0.338383838384 0 0 1e-07 1e-07 6.88566206996e-07 7.31357227946e-19 0 0
0.05 0.343434343434 0 0 1e-07 1e-07 6.83552387355e-07 9.99450650103e-19 0 0
0.5 0.343434343434 0 0 1e-07 1e-07 8.19496133268e-07 8.45813929021e-19 0 0
0.05 0.348484848485 0 0 1e-07 1e-07 8.07232660234e-07 1.15581343116e-18 0 0
0.5 0.348484848485 0 0 1e-07 1e-07 9.71357471253e-07 9.73449304473e-19 0 0
0.05 0.353535353535 0 0 1e-07 1e-07 9.4799485402e-07 1.33087521537e-18 0 0
0.5 0.353535353535 0 0 1e-07 1e-07 1.14622580341e-06 1.11468762938e-18 0 0
0.05 0.358585858586 0 0 1e-07 1e-07 1.10663888567e-06 1.52568641261e-18 0 0
0.5 0.358585858586 0 0 1e-07 1e-07 1.34611659699e-06 1.26978859292e-18 0 0
0.05 0.363636363636 0 0 1e-07 1e-07 1.28367405308e-06 1.74120291171e-18 0 0
0.5 0.363636363636 0 0 1e-07 1e-07 1.57295518653e-06 1.43884842691e-18 0 0
0.05 0.368686868687 0 0 1e-07 1e-07 1.47929550739e-06 1.97828043392e-18 0 0
0.5 0.368686868687 0 0 1e-07 1e-07 1.82855605064e-06 1.62181035067e-18 0 0
0.05 0.373737373737 0 0 1e-07 1e-07 1.69338312002e-06 2.23766853485e-18 0 0
0.5 0.373737373737 0 0 1e-07 1e-07 2.11461162536e-06 1.8184822324e-18 0 0
0.05 0.378787878788 0 0 1e-07 1e-07 1.92552359055e-06 2.52000231376e-18 0 0
0.5 0.378787878788 0 0 1e-07 1e-07 2.43268971129e-06 2.02855884162e-18 0 0
0.05 0.383838383838 0 0 1e-07 1e-07 2.17505371385e-06 2.82579119961e-18 0 0
0.5 0.383838383838 0 0 1e-07 1e-07 2.78423776924e-06 2.25164606525e-18 0 0
0.05 0.388888888889 0 0 1e-07 1e-07 2.44111983307e-06 3.15540581895e-18 0 0
0.5 0.388888888889 0 0 1e-07 1e-07 3.1705920919e-06 2.48728484948e-18 0 0
0.05 0.393939393939 0 0 1e-07 1e-07 2.72274626979e-06 3.50906534218e-18 0 0
0.5 0.393939393939 0 0 1e-07 1e-07 3.59298990432e-06 2.73497322903e-18 0 0
0.05 0.39898989899 0 0 1e-07 1e-07 3.01890455095e-06 3.88682835354e-18 0 0
0.5 0.39898989899 0 0 1e-07 1e-07 4.05258274857e-06 2.99418544226e-18 0 0
0.05 0.40404040404 0 0 1e-07 1e-07 3.32857584816e-06 4.28858997781e-18 0 0
0.5 0.40404040404 0 0 1e-07 1e-07 4.55044991194e-06 3.26438768944e-18 0 0
0.05 0.409090909091 0 0 1e-07 1e-07 3.6508010331e-06 4.71408686719e-18 0 0
0.5 0.409090909091 0 0 1e-07 1e-07 5.08761106358e-06 3.5450505137e-18 0 0
0.05 0.414141414141 0 0 1e-07 1e-07 3.98471551565e-06 5.16291013122e-18 0 0
0.5 0.414141414141 0 0 1e-07 1e-07 5.66503761086e-06 3.83565806088e-18 0 0
0.05 0.419191919192 0 0 1e-07 1e-07 4.32956878378e-06 5.63452488512e-18 0 0
0.5 0.419191919192 0 0 1e-07 1e-07 6.28366255134e-06 4.13571462482e-18 0 0
0.05 0.424242424242 0 0 1e-07 1e-07 4.68473066542e-06 6.12829417206e-18 0 0
0.5 0.424242424242 0 0 1e-07 1e-07 6.94438877875e-06 4.44474894105e-18 0 0
0.05 0.429292929293 0 0 1e-07 1e-07 5.04968748651e-06 6.64350471529e-18 0 0
0.5 0.429292929293 0 0 1e-07 1e-07 7.64809591495e-06 4.76231668413e-18 0 0
0.05 0.434343434343 0 0 1e-07 1e-07 5.42403155344e-06 7.17939219105e-18 0 0
0.5 0.434343434343 0 0 1e-07 1e-07 8.39564580067e-06 5.08800158195e-18 0 0
0.05 0.439393939394 0 0 1e-07 1e-07 5.80744700811e-06 7.7351642748e-18 0 0
0.5 0.439393939394 0 0 1e-07 1e-07 9.18788680353e-06 5.4214155002e-18 0 0
0.05 0.444444444444 0 0 1e-07 1e-07 6.19969440497e-06 8.31002038155e-18 0 0
0.5 0.444444444444 0 0 1e-07 1e-07 1.00256571045e-05 5.7621977877e-18 0 0
0.05 0.449494949495 0 0 1e-07 1e-07 6.60059560265e-06 8.90316763361e-18 0 0
0.5 0.449494949495 0 0 1e-07 1e-07 1.09097871153e-05 6.11001411383e-18 0 0
0.05 0.454545454545 0 0 1e-07 1e-07 7.01001990489e-06 9.51383306038e-18 0 0
0.5 0.454545454545 0 0 1e-07 1e-07 1.18411011631e-05 6.46455497758e-18 0 0
0.05 0.459595959596 0 0 1e-07 1e-07 7.42787189141e-06 1.01412723436e-17 0 0
0.5 0.459595959596 0 0 1e-07 1e-07 1.28204185642e-05 6.82553402468e-18 0 0
0.05 0.464646464646 0 0 1e-07 1e-07 7.85408105256e-06 1.07847755868e-17 0 0
0.5 0.464646464646 0 0 1e-07 1e-07 1.3848554192e-05 7.19268627402e-18 0 0
0.05 0.469696969697 0 0 1e-07 1e-07 8.28859315101e-06 1.1443670647e-17 0 0
0.5 0.469696969697 0 0 1e-07 1e-07 1.49263186302e-05 7.5657663276e-18 0 0
0.05 0.474747474747 0 0 1e-07 1e-07 8.73136314306e-06 1.21173245496e-17 0 0
0.5 0.474747474747 0 0 1e-07 1e-07 1.60545179919e-05 7.94454661665e-18 0 0
0.05 0.479797979798 0 0 1e-07 1e-07 9.18234946311e-06 1.28051434618e-17 0 0
0.5 0.479797979798 0 0 1e-07 1e-07 1.72339534748e-05 8.32881572034e-18 0 0
0.05 0.484848484848 0 0 1e-07 1e-07 9.64150948116e-06 1.35065716205e-17 0 0
0.5 0.484848484848 0 0 1e-07 1e-07 1.84654207137e-05 8.71837678132e-18 0 0
0.05 0.489898989899 0 0 1e-07 1e-07 1.01087959648e-05 1.42210895466e-17 0 0
0.5 0.489898989899 0 0 1e-07 1e-07 1.97497089842e-05 9.11304603272e-18 0 0
0.05 0.494949494949 0 0 1e-07 1e-07 1.05841544025e-05 1.49482118031e-17 0 0
0.5 0.494949494949 0 0 1e-07 1e-07 2.10876003067e-05 9.51265144466e-18 0 0
0.05 0.5 0 0 1e-07 1e-07 1.10675210671e-05 1.56874844971e-17 0 0
0.5 0.5 0 0 1e-07 1e-07 2.24798684899e-05 9.91703149269e-18 0 0
0.05 0.0 0 0 1e-07 1.5e-07 2.4523760636e-12 4.8390188904e-24 0 0
0.5 0.0 0 0 1e-07 1.5e-07 2.97761739029e-12 4.23283271555e-24 0 0
0.05 0.00505050505051 0 0 1e-07 1.5e-07 2.94644971237e-12 5.81391958498e-24 0 0
0.5 0.00505050505051 0 0 1e-07 1.5e-07 3.57694002129e-12 5.08479704264e-24 0 0
0.05 0.010101010101 0 0 1e-07 1.5e-07 3.54006334396e-12 6.9852299259e-24 0 0
0.5 0.010101010101 0 0 1e-07 1.5e-07 4.29689215991e-12 6.1082404051e-24 0 0
0.05 0.0151515151515 0 0 1e-07 1.5e-07 4.25327119701e-12 8.39251971405e-24 0 0
0.5 0.0151515151515 0 0 1e-07 1.5e-07 5.16175381425e-12 7.33767710744e-24 0 0
0.05 0.020202020202 0 0 1e-07 1.5e-07 5.11016787708e-12 1.0083330651e-23 0 0
0.5 0.020202020202 0 0 1e-07 1.5e-07 6.20069207223e-12 8.81456824157e-24 0 0
0.05 0.0252525252525 0 0 1e-07 1.5e-07 6.13970240385e-12 1.21147823677e-23 0 0
0.5 0.0252525252525 0 0 1e-07 1.5e-07 7.44874479953e-12 1.05887198608e-23 0 0
0.05 0.030303030303 0 0 1e-07 1.5e-07 7.37665627793e-12 1.4555501993e-23 0 0
0.5 0.030303030303 0 0 1e-07 1.5e-07 8.94800235126e-12 1.27199625515e-23 0 0
0.05 0.0353535353535 0 0 1e-07 1.5e-07 8.86281862872e-12 1.74879424377e-23 0 0
0.5 0.0353535353535 0 0 1e-07 1.5e-07 1.07490271672e-11 1.5280169038e-23 0 0
0.05 0.040404040404 0 0 1e-07 1.5e-07 1.06483981607e-11 2.10111677012e-23 0 0
0.5 0.040404040404 0 0 1e-07 1.5e-07 1.29125591408e-11 1.83556778411e-23 0 0
0.05 0.0454545454545 0 0 1e-07 1.5e-07 1.27937196088e-11 2.52441992463e-23 0 0
0.5 0.0454545454545 0 0 1e-07 1.5e-07 1.55115642976e-11 2.20502046969e-23 0 0
0.05 0.0505050505051 0 0 1e-07 1.5e-07 1.53712620789e-11 3.03300364949e-23 0 0
0.5 0.0505050505051 0 0 1e-07 1.5e-07 1.86336959249e-11 2.64883399046e-23 0 0
0.05 0.0555555555556 0 0 1e-07 1.5e-07 1.84681081617e-11 3.64404871783e-23 0 0
0.5 0.0555555555556 0 0 1e-07 1.5e-07 2.23842511844e-11 3.18197494596e-23 0 0
0.05 0.0606060606061 0 0 1e-07 1.5e-07 2.21888866415e-11 4.37819706532e-23 0 0
0.5 0.0606060606061 0 0 1e-07 1.5e-07 2.6889723036e-11 3.82242216362e-23 0 0
0.05 0.0656565656566 0 0 1e-07 1.5e-07 2.66593083445e-11 5.26024901627e-23 0 0
0.5 0.0656565656566 0 0 1e-07 1.5e-07 3.23020673245e-11 4.59177290293e-23 0 0
0.05 0.0707070707071 0 0 1e-07 1.5e-07 3.20304147179e-11 6.3200009368e-23 0 0
0.5 0.0707070707071 0 0 1e-07 1.5e-07 3.88038291642e-11 5.51597104275e-23 0 0
0.05 0.0757575757576 0 0 1e-07 1.5e-07 3.84836828929e-11 7.59325159311e-23 0 0
0.5 0.0757575757576 0 0 1e-07 1.5e-07 4.6614301701e-11 6.62618178043e-23 0 0
0.05 0.0808080808081 0 0 1e-07 1.5e-07 4.62371600915e-11 9.12301118277e-23 0 0
0.5 0.0808080808081 0 0 1e-07 1.5e-07 5.59969253047e-11 7.95984230935e-23 0 0
0.05 0.0858585858586 0 0 1e-07 1.5e-07 5.55528349992e-11 1.09609538247e-22 0 0
0.5 0.0858585858586 0 0 1e-07 1.5e-07 6.72681773154e-11 9.56192387398e-23 0 0
0.05 0.0909090909091 0 0 1e-07 1.5e-07 6.67454959695e-11 1.31691625242e-22 0 0
0.5 0.0909090909091 0 0 1e-07 1.5e-07 8.08082527494e-11 1.14864476799e-22 0 0
0.05 0.0959595959596 0 0 1e-07 1.5e-07 8.0193376169e-11 1.58222254416e-22 0 0
0.5 0.0959595959596 0 0 1e-07 1.5e-07 9.7073897322e-11 1.37983056995e-22 0 0
0.05 0.10101010101 0 0 1e-07 1.5e-07 9.63509469235e-11 1.90097541611e-22 0 0
0.5 0.10101010101 0 0 1e-07 1.5e-07 1.16613827148e-10 1.65754476486e-22 0 0
0.05 0.106060606061 0 0 1e-07 1.5e-07 1.1576429346e-10 2.28394088135e-22 0 0
0.5 0.106060606061 0 0 1e-07 1.5e-07 1.40087257194e-10 1.99115076665e-22 0 0
0.05 0.111111111111 0 0 1e-07 1.5e-07 1.39089595546e-10 2.74405319419e-22 0 0
0.5 0.111111111111 0 0 1e-07 1.5e-07 1.68286166754e-10 2.391895903e-22 0 0
0.05 0.116161616162 0 0 1e-07 1.5e-07 1.67115341861e-10 3.29685134657e-22 0 0
0.5 0.116161616162 0 0 1e-07 1.5e-07 2.02162057318e-10 2.87329028625e-22 0 0
0.05 0.121212121212 0 0 1e-07 1.5e-07 2.00789034832e-10 3.96100335594e-22 0 0
0.5 0.121212121212 0 0 1e-07 1.5e-07 2.42858111925e-10 3.45156180261e-22 0 0
0.05 0.126262626263 0 0 1e-07 1.5e-07 2.41249297215e-10 4.75893596655e-22 0 0
0.5 0.126262626263 0 0 1e-07 1.5e-07 2.91747850212e-10 4.14620247962e-22 0 0
0.05 0.131313131313 0 0 1e-07 1.5e-07 2.89864478627e-10 5.71759091124e-22 0 0
0.5 0.131313131313 0 0 1e-07 1.5e-07 3.5048159671e-10 4.9806245366e-22 0 0
0.05 0.136363636364 0 0 1e-07 1.5e-07 3.48279084982e-10 6.86933309209e-22 0 0
0.5 0.136363636364 0 0 1e-07 1.5e-07 4.21042349193e-10 5.98294806302e-22 0 0
0.05 0.141414141414 0 0 1e-07 1.5e-07 4.18469627029e-10 8.25304109378e-22 0 0
0.5 0.141414141414 0 0 1e-07 1.5e-07 5.05812960633e-10 7.18694664415e-22 0 0
0.05 0.146464646465 0 0 1e-07 1.5e-07 5.02811814377e-10 9.9154164842e-22 0 0
0.5 0.146464646465 0 0 1e-07 1.5e-07 6.07656941144e-10 8.63318244929e-22 0 0
0.05 0.151515151515 0 0 1e-07 1.5e-07 6.04161422214e-10 1.19125555795e-21 0 0
0.5 0.151515151515 0 0 1e-07 1.5e-07 7.30015665397e-10 1.03703685491e-21 0 0
0.05 0.156565656566 0 0 1e-07 1.5e-07 7.2595164419e-10 1.43118359619e-21 0 0
0.5 0.156565656566 0 0 1e-07 1.5e-07 8.77025349157e-10 1.24570036428e-21 0 0
0.05 0.161616161616 0 0 1e-07 1.5e-07 8.72310339184e-10 1.71941803439e-21 0 0
0.5 0.161616161616 0 0 1e-07 1.5e-07 1.05365786381e-09 1.49633332467e-21 0 0
0.05 0.166666666667 0 0 1e-07 1.5e-07 1.04820130112e-09 2.06567725737e-21 0 0
0.5 0.166666666667 0 0 1e-07 1.5e-07 1.26589031407e-09 1.79737019074e-21 0 0
0.05 0.171717171717 0 0 1e-07 1.5e-07 1.25959456903e-09 2.4816315178e-21 0 0
0.5 0.171717171717 0 0 1e-07 1.5e-07 1.52090935357e-09 2.15893735448e-21 0 0
0.05 0.176767676768 0 0 1e-07 1.5e-07 1.51367187594e-09 2.98129350096e-21 0 0
0.5 0.176767676768 0 0 1e-07 1.5e-07 1.82735748978e-09 2.59319117708e-21 0 0
0.05 0.181818181818 0 0 1e-07 1.5e-07 1.81907467812e-09 3.58148640552e-21 0 0
0.5 0.181818181818 0 0 1e-07 1.5e-07 2.19563020644e-09 3.1147229568e-21 0 0
0.05 0.186868686869 0 0 1e-07 1.5e-07 2.18620384714e-09 4.30240463573e-21 0 0
0.5 0.186868686869 0 0 1e-07 1.5e-07 2.63823466176e-09 3.74104381935e-21 0 0
0.05 0.191919191919 0 0 1e-07 1.5e-07 2.62758216035e-09 5.16828503187e-21 0 0
0.5 0.191919191919 0 0 1e-07 1.5e-07 3.17022311149e-09 4.49316492405e-21 0 0
0.05 0.19696969697 0 0 1e-07 1.5e-07 3.15829325789e-09 6.20820984213e-21 0 0
0.5 0.19696969697 0 0 1e-07 1.5e-07 3.80971716075e-09 5.3962911717e-21 0 0
0.05 0.20202020202 0 0 1e-07 1.5e-07 3.79651390517e-09 7.4570664568e-21 0 0
0.5 0.20202020202 0 0 1e-07 1.5e-07 4.57854262164e-09 6.4806498257e-21 0 0
0.05 0.207070707071 0 0 1e-07 1.5e-07 4.56416035978e-09 8.95669330202e-21 0 0
0.5 0.207070707071 0 0 1e-07 1.5e-07 5.50299932521e-09 7.78247914247e-21 0 0
0.05 0.212121212121 0 0 1e-07 1.5e-07 5.48767460014e-09 1.07572462632e-20 0 0
0.5 0.212121212121 0 0 1e-07 1.5e-07 6.61479594022e-09 9.34520626197e-21 0 0
0.05 0.217171717172 0 0 1e-07 1.5e-07 6.59898239133e-09 1.29188255746e-20 0 0
0.5 0.217171717172 0 0 1e-07 1.5e-07 7.95218697097e-09 1.12208482096e-20 0 0
0.05 0.222222222222 0 0 1e-07 1.5e-07 7.9366629528e-09 1.55134092203e-20 0 0
0.5 0.222222222222 0 0 1e-07 1.5e-07 9.56135799008e-09 1.34716748309e-20 0 0
0.05 0.227272727273 0 0 1e-07 1.5e-07 9.54737970792e-09 1.86271453928e-20 0 0
0.5 0.227272727273 0 0 1e-07 1.5e-07 1.14981162152e-08 1.61721776595e-20 0 0
0.05 0.232323232323 0 0 1e-07 1.5e-07 1.1487633644e-08 2.23630631972e-20 0 0
0.5 0.232323232323 0 0 1e-07 1.5e-07 1.38299571981e-08 1.94113937933e-20 0 0
0.05 0.237373737374 0 0 1e-07 1.5e-07 1.38259155712e-08 2.68442670973e-20 0 0
0.5 0.237373737374 0 0 1e-07 1.5e-07 1.66385951237e-08 2.32956383525e-20 0 0
0.05 0.242424242424 0 0 1e-07 1.5e-07 1.66453513406e-08 3.22176858439e-20 0 0
0.5 0.242424242424 0 0 1e-07 1.5e-07 2.00230643508e-08 2.79517021935e-20 0 0
0.05 0.247474747475 0 0 1e-07 1.5e-07 2.00469548716e-08 3.86584496474e-20 0 0
0.5 0.247474747475 0 0 1e-07 1.5e-07 2.41035234902e-08 3.35305720812e-20 0 0
0.05 0.252525252525 0 0 1e-07 1.5e-07 2.41536271465e-08 4.63749684736e-20 0 0
0.5 0.252525252525 0 0 1e-07 1.5e-07 2.90259200626e-08 4.0211726663e-20 0 0
0.05 0.257575757576 0 0 1e-07 1.5e-07 2.91150636256e-08 5.56147771043e-20 0 0
0.5 0.257575757576 0 0 1e-07 1.5e-07 3.49677022213e-08 4.82080507955e-20 0 0
0.05 0.262626262626 0 0 1e-07 1.5e-07 3.51137546819e-08 6.66711956767e-20 0 0
0.5 0.262626262626 0 0 1e-07 1.5e-07 4.21447911475e-08 5.77713894869e-20 0 0
0.05 0.267676767677 0 0 1e-07 1.5e-07 4.2372277948e-08 7.9890823313e-20 0 0
0.5 0.267676767677 0 0 1e-07 1.5e-07 5.08200480664e-08 6.91987262165e-20 0 0
0.05 0.272727272727 0 0 1e-07 1.5e-07 5.11620786482e-08 9.56818317035e-20 0 0
0.5 0.272727272727 0 0 1e-07 1.5e-07 6.13134744207e-08 8.28389127187e-20 0 0
0.05 0.277777777778 0 0 1e-07 1.5e-07 6.18139001117e-08 1.14522948725e-19 0 0
0.5 0.277777777778 0 0 1e-07 1.5e-07 7.40143592592e-08 9.9099791642e-20 0 0
0.05 0.282828282828 0 0 1e-07 1.5e-07 7.47299426264e-08 1.36972913206e-19 0 0
0.5 0.282828282828 0 0 1e-07 1.5e-07 8.9395516157e-08 1.18455432922e-19 0 0
0.05 0.287878787879 0 0 1e-07 1.5e-07 9.03976709897e-08 1.63680036519e-19 0 0
0.5 0.287878787879 0 0 1e-07 1.5e-07 1.08029611025e-07 1.41453044441e-19 0 0
0.05 0.292929292929 0 0 1e-07 1.5e-07 1.0940493467e-07 1.95391325838e-19 0 0
0.5 0.292929292929 0 0 1e-07 1.5e-07 1.30607349553e-07 1.68718918242e-19 0 0
0.05 0.29797979798 0 0 1e-07 1.5e-07 1.3245569027e-07 2.32960418498e-19 0 0
0.5 0.29797979798 0 0 1e-07 1.5e-07 1.57956953075e-07 2.00962546833e-19 0 0
0.05 0.30303030303 0 0 1e-07 1.5e-07 1.60385122116e-07 2.77353373609e-19 0 0
0.5 0.30303030303 0 0 1e-07 1.5e-07 1.91063906537e-07 2.38977818859e-19 0 0
0.05 0.308080808081 0 0 1e-07 1.5e-07 1.94172374343e-07 3.29651212956e-19 0 0
0.5 0.308080808081 0 0 1e-07 1.5e-07 2.31089446585e-07 2.83640032153e-19 0 0
0.05 0.313131313131 0 0 1e-07 1.5e-07 2.34948516072e-07 3.91048066354e-19 0 0
0.5 0.313131313131 0 0 1e-07 1.5e-07 2.79385751364e-07 3.35897421983e-19 0 0
0.05 0.318181818182 0 0 1e-07 1.5e-07 2.83996896019e-07 4.62843936261e-19 0 0
0.5 0.318181818182 0 0 1e-07 1.5e-07 3.37505425533e-07 3.96756086348e-19 0 0
0.05 0.323232323232 0 0 1e-07 1.5e-07 3.42742885968e-07 5.46431519396e-19 0 0
0.5 0.323232323232 0 0 1e-07 1.5e-07 4.07202807345e-07 4.67257682033e-19 0 0
0.05 0.328282828283 0 0 1e-07 1.5e-07 4.12730355311e-07 6.43277224233e-19 0 0
0.5 0.328282828283 0 0 1e-07 1.5e-07 4.90425014604e-07 5.48450098481e-19 0 0
0.05 0.333333333333 0 0 1e-07 1.5e-07 4.95583198609e-07 7.54897423333e-19 0 0
0.5 0.333333333333 0 0 1e-07 1.5e-07 5.89291575268e-07 6.4135242752e-19 0 0
0.05 0.338383838384 0 0 1e-07 1.5e-07 5.92951867108e-07 8.82831880439e-19 0 0
0.5 0.338383838384 0 0 1e-07 1.5e-07 7.06062898275e-07 7.46916746455e-19 0 0
0.05 0.343434343434 0 0 1e-07 1.5e-07 7.06446972958e-07 1.02861690158e-18 0 0
0.5 0.343434343434 0 0 1e-07 1.5e-07 8.43099497056e-07 8.65990224245e-19 0 0
0.05 0.348484848485 0 0 1e-07 1.5e-07 8.37564319804e-07 1.19376077823e-18 0 0
0.5 0.348484848485 0 0 1e-07 1.5e-07 1.00281540665e-06 9.99281525342e-19 0 0
0.05 0.353535353535 0 0 1e-07 1.5e-07 9.87607757181e-07 1.37972334992e-18 0 0
0.5 0.353535353535 0 0 1e-07 1.5e-07 1.18763022875e-06 1.14733520339e-18 0 0
0.05 0.358585858586 0 0 1e-07 1.5e-07 1.15761766831e-06 1.58790010038e-18 0 0
0.5 0.358585858586 0 0 1e-07 1.5e-07 1.39992441054e-06 1.31051673848e-18 0 0
0.05 0.363636363636 0 0 1e-07 1.5e-07 1.34831338043e-06 1.81960950442e-18 0 0
0.5 0.363636363636 0 0 1e-07 1.5e-07 1.64200166588e-06 1.48900930949e-18 0 0
0.05 0.368686868687 0 0 1e-07 1.5e-07 1.56005713007e-06 2.07608096274e-18 0 0
0.5 0.368686868687 0 0 1e-07 1.5e-07 1.91606109566e-06 1.68282170403e-18 0 0
0.05 0.373737373737 0 0 1e-07 1.5e-07 1.79284529801e-06 2.35844020832e-18 0 0
0.5 0.373737373737 0 0 1e-07 1.5e-07 2.22417994288e-06 1.89180536229e-18 0 0
0.05 0.378787878788 0 0 1e-07 1.5e-07 2.04632944935e-06 2.66768988972e-18 0 0
0.5 0.378787878788 0 0 1e-07 1.5e-07 2.56830643109e-06 2.11567770522e-18 0 0
0.05 0.383838383838 0 0 1e-07 1.5e-07 2.31986554924e-06 3.00468502268e-18 0 0
0.5 0.383838383838 0 0 1e-07 1.5e-07 2.95026106722e-06 2.35404868587e-18 0 0
0.05 0.388888888889 0 0 1e-07 1.5e-07 2.61258528293e-06 3.37010552753e-18 0 0
0.5 0.388888888889 0 0 1e-07 1.5e-07 3.37174424745e-06 2.60644781738e-18 0 0
0.05 0.393939393939 0 0 1e-07 1.5e-07 2.92347978769e-06 3.76443019887e-18 0 0
0.5 0.393939393939 0 0 1e-07 1.5e-07 3.83434793478e-06 2.8723495664e-18 0 0
0.05 0.39898989899 0 0 1e-07 1.5e-07 3.25148442203e-06 4.18791731822e-18 0 0
0.5 0.39898989899 0 0 1e-07 1.5e-07 4.33956943623e-06 3.15119574092e-18 0 0
0.05 0.40404040404 0 0 1e-07 1.5e-07 3.59555403866e-06 4.64059634034e-18 0 0
0.5 0.40404040404 0 0 1e-07 1.5e-07 4.88882573346e-06 3.44241418568e-18 0 0
0.05 0.409090909091 0 0 1e-07 1.5e-07 3.9547212819e-06 5.1222729559e-18 0 0
0.5 0.409090909091 0 0 1e-07 1.5e-07 5.48346728142e-06 3.74543363613e-18 0 0
0.05 0.414141414141 0 0 1e-07 1.5e-07 4.32813460891e-06 5.63254716793e-18 0 0
0.5 0.414141414141 0 0 1e-07 1.5e-07 6.12479060194e-06 4.05969494849e-18 0 0
0.05 0.419191919192 0 0 1e-07 1.5e-07 4.71507670453e-06 6.17084172559e-18 0 0
0.5 0.419191919192 0 0 1e-07 1.5e-07 6.81404932332e-06 4.38465913365e-18 0 0
0.05 0.424242424242 0 0 1e-07 1.5e-07 5.11496673707e-06 6.73643693985e-18 0 0
0.5 0.424242424242 0 0 1e-07 1.5e-07 7.5524635474e-06 4.71981271275e-18 0 0
0.05 0.429292929293 0 0 1e-07 1.5e-07 5.52735114975e-06 7.32850768974e-18 0 0
0.5 0.429292929293 0 0 1e-07 1.5e-07 8.34122757352e-06 5.06467091901e-18 0 0
0.05 0.434343434343 0 0 1e-07 1.5e-07 5.95188762889e-06 7.94615906039e-18 0 0
0.5 0.434343434343 0 0 1e-07 1.5e-07 9.18151609326e-06 5.41877922991e-18 0 0
0.05 0.439393939394 0 0 1e-07 1.5e-07 6.38832604773e-06 8.58845811885e-18 0 0
0.5 0.439393939394 0 0 1e-07 1.5e-07 1.00744890096e-05 5.78171364822e-18 0 0
0.05 0.444444444444 0 0 1e-07 1.5e-07 6.83648905974e-06 9.25446045634e-18 0 0
0.5 0.444444444444 0 0 1e-07 1.5e-07 1.10212950472e-05 6.15308007909e-18 0 0
0.05 0.449494949495 0 0 1e-07 1.5e-07 7.29625396021e-06 9.94323106544e-18 0 0
0.5 0.449494949495 0 0 1e-07 1.5e-07 1.2023074316e-05 6.53251308168e-18 0 0
0.05 0.454545454545 0 0 1e-07 1.5e-07 7.76753661969e-06 1.06538597839e-17 0 0
0.5 0.454545454545 0 0 1e-07 1.5e-07 1.30809599811e-05 6.91967421274e-18 0 0
0.05 0.459595959596 0 0 1e-07 1.5e-07 8.25027775046e-06 1.13854719277e-17 0 0
0.5 0.459595959596 0 0 1e-07 1.5e-07 1.41960791777e-05 7.314250129e-18 0 0
0.05 0.464646464646 0 0 1e-07 1.5e-07 8.74443145826e-06 1.21372349102e-17 0 0
0.5 0.464646464646 0 0 1e-07 1.5e-07 1.53695532958e-05 7.71595057315e-18 0 0
0.05 0.469696969697 0 0 1e-07 1.5e-07 9.24995588793e-06 1.2908361671e-17 0 0
0.5 0.469696969697 0 0 1e-07 1.5e-07 1.66024977506e-05 8.12450633567e-18 0 0
0.05 0.474747474747 0 0 1e-07 1.5e-07 9.76680573001e-06 1.36981116771e-17 0 0
0.5 0.474747474747 0 0 1e-07 1.5e-07 1.78960213388e-05 8.53966725858e-18 0 0
0.05 0.479797979798 0 0 1e-07 1.5e-07 1.0294926364e-05 1.45057901576e-17 0 0
0.5 0.479797979798 0 0 1e-07 1.5e-07 1.92512252758e-05 8.96120032733e-18 0 0
0.05 0.484848484848 0 0 1e-07 1.5e-07 1.08342494413e-05 1.53307461171e-17 0 0
0.5 0.484848484848 0 0 1e-07 1.5e-07 2.06692019972e-05 9.38888788144e-18 0 0
0.05 0.489898989899 0 0 1e-07 1.5e-07 1.13846897391e-05 1.6172369566e-17 0 0
0.5 0.489898989899 0 0 1e-07 1.5e-07 2.21510337988e-05 9.82252596286e-18 0 0
0.05 0.494949494949 0 0 1e-07 1.5e-07 1.19461431331e-05 1.70300883029e-17 0 0
0.5 0.494949494949 0 0 1e-07 1.5e-07 2.36977913827e-05 1.02619228117e-17 0 0
0.05 0.5 0 0 1e-07 1.5e-07 1.25184855516e-05 1.79033645087e-17 0 0
0.5 0.5 0 0 1e-07 1.5e-07 2.53105323658e-05 1.07068975123e-17 0 0
0.05 0.0 0 0 1e-07 3e-07 2.4523773216e-12 4.83902137294e-24 0 0
0.5 0.0 0 0 1e-07 3e-07 2.97761872547e-12 4.23283461361e-24 0 0
0.05 0.00505050505051 0 0 1e-07 3e-07 2.94645152865e-12 5.81392316893e-24 0 0
0.5 0.00505050505051 0 0 1e-07 3e-07 3.57694194829e-12 5.08479978204e-24 0 0
0.05 0.010101010101 0 0 1e-07 3e-07 3.5400659658e-12 6.98523509955e-24 0 0
0.5 0.010101010101 0 0 1e-07 3e-07 4.29689494063e-12 6.10824435797e-24 0 0
0.05 0.0151515151515 0 0 1e-07 3e-07 4.25327498212e-12 8.39252718283e-24 0 0
0.5 0.0151515151515 0 0 1e-07 3e-07 5.16175782654e-12 7.33768281107e-24 0 0
0.05 0.020202020202 0 0 1e-07 3e-07 5.11017334076e-12 1.00833414316e-23 0 0
0.5 0.020202020202 0 0 1e-07 3e-07 6.20069786303e-12 8.81457647335e-24 0 0
0.05 0.0252525252525 0 0 1e-07 3e-07 6.13971029038e-12 1.21147979295e-23 0 0
0.5 0.0252525252525 0 0 1e-07 3e-07 7.44875315519e-12 1.05887317387e-23 0 0
0.05 0.030303030303 0 0 1e-07 3e-07 7.37666766233e-12 1.45555244569e-23 0 0
0.5 0.030303030303 0 0 1e-07 3e-07 8.94801440974e-12 1.2719979693e-23 0 0
0.05 0.0353535353535 0 0 1e-07 3e-07 8.86283506335e-12 1.74879748657e-23 0 0
0.5 0.0353535353535 0 0 1e-07 3e-07 1.07490445676e-11 1.5280193773e-23 0 0
0.05 0.040404040404 0 0 1e-07 3e-07 1.06484218836e-11 2.10112145106e-23 0 0
0.5 0.040404040404 0 0 1e-07 3e-07 1.29125842509e-11 1.83557135355e-23 0 0
0.05 0.0454545454545 0 0 1e-07 3e-07 1.27937538545e-11 2.52442668174e-23 0 0
0.5 0.0454545454545 0 0 1e-07 3e-07 1.55116005331e-11 2.2050256206e-23 0 0
0.05 0.0505050505051 0 0 1e-07 3e-07 1.53713115131e-11 3.03301340351e-23 0 0
0.5 0.0505050505051 0 0 1e-07 3e-07 1.86337482148e-11 2.6488414235e-23 0 0
0.05 0.0555555555556 0 0 1e-07 3e-07 1.84681795209e-11 3.64406279782e-23 0 0
0.5 0.0555555555556 0 0 1e-07 3e-07 2.23843266431e-11 3.18198567237e-23 0 0
0.05 0.0606060606061 0 0 1e-07 3e-07 2.21889896496e-11 4.37821739004e-23 0 0
0.5 0.0606060606061 0 0 1e-07 3e-07 2.68898319294e-11 3.82243764261e-23 0 0
0.05 0.0656565656566 0 0 1e-07 3e-07 2.66594570431e-11 5.26027835557e-23 0 0
0.5 0.0656565656566 0 0 1e-07 3e-07 3.23022244648e-11 4.59179523988e-23 0 0
0.05 0.0707070707071 0 0 1e-07 3e-07 3.20306293673e-11 6.32004328835e-23 0 0
0.5 0.0707070707071 0 0 1e-07 3e-07 3.88040559273e-11 5.51600327597e-23 0 0
0.05 0.0757575757576 0 0 1e-07 3e-07 3.84839927548e-11 7.59331272913e-23 0 0
0.5 0.0757575757576 0 0 1e-07 3e-07 4.6614628934e-11 6.62622829425e-23 0 0
0.05 0.0808080808081 0 0 1e-07 3e-07 4.62376073848e-11 9.12309943299e-23 0 0
0.5 0.0808080808081 0 0 1e-07 3e-07 5.59973975349e-11 7.95990943229e-23 0 0
0.05 0.0858585858586 0 0 1e-07 3e-07 5.55534806895e-11 1.0961081215e-22 0 0
0.5 0.0858585858586 0 0 1e-07 3e-07 6.72688587827e-11 9.56202073585e-23 0 0
0.05 0.0909090909091 0 0 1e-07 3e-07 6.67464280542e-11 1.31693464132e-22 0 0
0.5 0.0909090909091 0 0 1e-07 3e-07 8.08092361568e-11 1.14865874551e-22 0 0
0.05 0.0959595959596 0 0 1e-07 3e-07 8.01947216717e-11 1.58224908847e-22 0 0
0.5 0.0959595959596 0 0 1e-07 3e-07 9.70753164754e-11 1.37985074026e-22 0 0
0.05 0.10101010101 0 0 1e-07 3e-07 9.63528892357e-11 1.90101373294e-22 0 0
0.5 0.10101010101 0 0 1e-07 3e-07 1.16615875104e-10 1.6575738712e-22 0 0
0.05 0.106060606061 0 0 1e-07 3e-07 1.15767097317e-10 2.28399619153e-22 0 0
0.5 0.106060606061 0 0 1e-07 3e-07 1.40090212597e-10 1.99119276809e-22 0 0
0.05 0.111111111111 0 0 1e-07 3e-07 1.39093643128e-10 2.74413303415e-22 0 0
0.5 0.111111111111 0 0 1e-07 3e-07 1.68290431708e-10 2.39195651221e-22 0 0
0.05 0.116161616162 0 0 1e-07 3e-07 1.67121184911e-10 3.29696659465e-22 0 0
0.5 0.116161616162 0 0 1e-07 3e-07 2.02168212133e-10 2.87337774662e-22 0 0
0.05 0.121212121212 0 0 1e-07 3e-07 2.00797469817e-10 3.96116971376e-22 0 0
0.5 0.121212121212 0 0 1e-07 3e-07 2.42866994065e-10 3.4516880087e-22 0 0
0.05 0.126262626263 0 0 1e-07 3e-07 2.41261474048e-10 4.75917609886e-22 0 0
0.5 0.126262626263 0 0 1e-07 3e-07 2.91760668353e-10 4.1463845953e-22 0 0
0.05 0.131313131313 0 0 1e-07 3e-07 2.89882057486e-10 5.71793753272e-22 0 0
0.5 0.131313131313 0 0 1e-07 3e-07 3.50500095194e-10 4.98088732728e-22 0 0
0.05 0.136363636364 0 0 1e-07 3e-07 3.48304462756e-10 6.86983342197e-22 0 0
0.5 0.136363636364 0 0 1e-07 3e-07 4.21069045646e-10 5.98332726376e-22 0 0
0.05 0.141414141414 0 0 1e-07 3e-07 4.18506264318e-10 8.25376328513e-22 0 0
0.5 0.141414141414 0 0 1e-07 3e-07 5.05851488619e-10 7.18749381382e-22 0 0
0.05 0.146464646465 0 0 1e-07 3e-07 5.02864707983e-10 9.91645890467e-22 0 0
0.5 0.146464646465 0 0 1e-07 3e-07 6.07712545323e-10 8.63397198032e-22 0 0
0.05 0.151515151515 0 0 1e-07 3e-07 6.04237787189e-10 1.19140601998e-21 0 0
0.5 0.151515151515 0 0 1e-07 3e-07 7.30095915814e-10 1.03715077709e-21 0 0
0.05 0.156565656566 0 0 1e-07 3e-07 7.26061899318e-10 1.43140076785e-21 0 0
0.5 0.156565656566 0 0 1e-07 3e-07 8.77141173167e-10 1.24586474037e-21 0 0
0.05 0.161616161616 0 0 1e-07 3e-07 8.72469530533e-10 1.71973148545e-21 0 0
0.5 0.161616161616 0 0 1e-07 3e-07 1.05382503547e-09 1.49657049347e-21 0 0
0.05 0.166666666667 0 0 1e-07 3e-07 1.04843115914e-09 2.06612965984e-21 0 0
0.5 0.166666666667 0 0 1e-07 3e-07 1.26613160602e-09 1.7977123778e-21 0 0
0.05 0.171717171717 0 0 1e-07 3e-07 1.25992648106e-09 2.4822844475e-21 0 0
0.5 0.171717171717 0 0 1e-07 3e-07 1.52125764416e-09 2.1594310436e-21 0 0
0.05 0.176767676768 0 0 1e-07 3e-07 1.51415118383e-09 2.98223580648e-21 0 0
0.5 0.176767676768 0 0 1e-07 3e-07 1.82786025283e-09 2.59390341418e-21 0 0
0.05 0.181818181818 0 0 1e-07 3e-07 1.81976689026e-09 3.58284627498e-21 0 0
0.5 0.181818181818 0 0 1e-07 3e-07 2.19635599833e-09 3.11575043578e-21 0 0
0.05 0.186868686869 0 0 1e-07 3e-07 2.18720362565e-09 4.30436699863e-21 0 0
0.5 0.186868686869 0 0 1e-07 3e-07 2.63928249742e-09 3.74252597555e-21 0 0
0.05 0.191919191919 0 0 1e-07 3e-07 2.62902632232e-09 5.17111664049e-21 0 0
0.5 0.191919191919 0 0 1e-07 3e-07 3.17173602041e-09 4.49530279911e-21 0 0
0.05 0.19696969697 0 0 1e-07 3e-07 3.16037959501e-09 6.21229541805e-21 0 0
0.5 0.19696969697 0 0 1e-07 3e-07 3.81190179238e-09 5.39937458286e-21 0 0
0.05 0.20202020202 0 0 1e-07 3e-07 3.7995284394e-09 7.46296076497e-21 0 0
0.5 0.20202020202 0 0 1e-07 3e-07 4.58169761216e-09 6.485096482e-21 0 0
0.05 0.207070707071 0 0 1e-07 3e-07 4.5685168374e-09 8.96519613866e-21 0 0
0.5 0.207070707071 0 0 1e-07 3e-07 5.50755635951e-09 7.7888909334e-21 0 0
0.05 0.212121212121 0 0 1e-07 3e-07 5.49397175811e-09 1.07695103893e-20 0 0
0.5 0.212121212121 0 0 1e-07 3e-07 6.62137922208e-09 9.35445021167e-21 0 0
0.05 0.217171717172 0 0 1e-07 3e-07 6.60808705669e-09 1.29365119785e-20 0 0
0.5 0.217171717172 0 0 1e-07 3e-07 7.96169940604e-09 1.12341728264e-20 0 0
0.05 0.222222222222 0 0 1e-07 3e-07 7.94983072836e-09 1.55389103085e-20 0 0
0.5 0.222222222222 0 0 1e-07 3e-07 9.57510616421e-09 1.34908771923e-20 0 0
0.05 0.227272727273 0 0 1e-07 3e-07 9.56643040178e-09 1.86639055516e-20 0 0
0.5 0.227272727273 0 0 1e-07 3e-07 1.15179917594e-08 1.61998431126e-20 0 0
0.05 0.232323232323 0 0 1e-07 3e-07 1.15152065255e-08 2.24160387357e-20 0 0
0.5 0.232323232323 0 0 1e-07 3e-07 1.38587001831e-08 1.9451239423e-20 0 0
0.05 0.237373737374 0 0 1e-07 3e-07 1.38658411451e-08 2.69205853566e-20 0 0
0.5 0.237373737374 0 0 1e-07 3e-07 1.66801768757e-08 2.33530044135e-20 0 0
0.05 0.242424242424 0 0 1e-07 3e-07 1.67031933496e-08 3.23275882857e-20 0 0
0.5 0.242424242424 0 0 1e-07 3e-07 2.00832442368e-08 2.80342540004e-20 0 0
0.05 0.247474747475 0 0 1e-07 3e-07 2.0130801159e-08 3.88166388026e-20 0 0
0.5 0.247474747475 0 0 1e-07 3e-07 2.41906592279e-08 3.36493003061e-20 0 0
0.05 0.252525252525 0 0 1e-07 3e-07 2.42752443981e-08 4.66025273833e-20 0 0
0.5 0.252525252525 0 0 1e-07 3e-07 2.91521474667e-08 4.03823691139e-20 0 0
0.05 0.257575757576 0 0 1e-07 3e-07 2.92915839146e-08 5.59418970912e-20 0 0
0.5 0.257575757576 0 0 1e-07 3e-07 3.51506529079e-08 4.84531066614e-20 0 0
0.05 0.262626262626 0 0 1e-07 3e-07 3.53701381135e-08 6.71410398423e-20 0 0
0.5 0.262626262626 0 0 1e-07 3e-07 4.2410092331e-08 5.81229614456e-20 0 0
0.05 0.267676767677 0 0 1e-07 3e-07 4.27449047992e-08 8.05649760967e-20 0 0
0.5 0.267676767677 0 0 1e-07 3e-07 5.12049561225e-08 6.97025107054e-20 0 0
0.05 0.272727272727 0 0 1e-07 3e-07 5.17039779138e-08 9.66479467129e-20 0 0
0.5 0.272727272727 0 0 1e-07 3e-07 6.18721446576e-08 8.35597677107e-20 0 0
0.05 0.277777777778 0 0 1e-07 3e-07 6.26023328648e-08 1.15905414835e-19 0 0
0.5 0.277777777778 0 0 1e-07 3e-07 7.48254614658e-08 1.00129446236e-19 0 0
0.05 0.282828282828 0 0 1e-07 3e-07 7.58773415056e-08 1.38947616491e-19 0 0
0.5 0.282828282828 0 0 1e-07 3e-07 9.05731822631e-08 1.19923061446e-19 0 0
0.05 0.287878787879 0 0 1e-07 3e-07 9.20673001279e-08 1.66494599686e-19 0 0
0.5 0.287878787879 0 0 1e-07 3e-07 1.09739057049e-07 1.43539598627e-19 0 0
0.05 0.292929292929 0 0 1e-07 3e-07 1.11833072847e-07 1.9939254077e-19 0 0
0.5 0.292929292929 0 0 1e-07 3e-07 1.33086947259e-07 1.71676269193e-19 0 0
0.05 0.29797979798 0 0 1e-07 3e-07 1.35982622055e-07 2.38630913369e-19 0 0
0.5 0.29797979798 0 0 1e-07 3e-07 1.61549013021e-07 2.05138587543e-19 0 0
0.05 0.30303030303 0 0 1e-07 3e-07 1.65497668721e-07 2.85359806408e-19 0 0
0.5 0.30303030303 0 0 1e-07 3e-07 1.96256911077e-07 2.44848644258e-19 0 0
0.05 0.308080808081 0 0 1e-07 3e-07 2.01560961158e-07 3.4090635827e-19 0 0
0.5 0.308080808081 0 0 1e-07 3e-07 2.38574822452e-07 2.91850045464e-19 0 0
0.05 0.313131313131 0 0 1e-07 3e-07 2.45581628414e-07 4.06788937999e-19 0 0
0.5 0.313131313131 0 0 1e-07 3e-07 2.90132318627e-07 3.47307597565e-19 0 0
0.05 0.318181818182 0 0 1e-07 3e-07 2.99214916899e-07 4.84727447449e-19 0 0
0.5 0.318181818182 0 0 1e-07 3e-07 3.52854177742e-07 4.1249955475e-19 0 0
0.05 0.323232323232 0 0 1e-07 3e-07 3.64371421821e-07 5.76648069557e-19 0 0
0.5 0.323232323232 0 0 1e-07 3e-07 4.28983447473e-07 4.88800280653e-19 0 0
0.05 0.328282828283 0 0 1e-07 3e-07 4.4321002253e-07 6.84681094972e-19 0 0
0.5 0.328282828283 0 0 1e-07 3e-07 5.21093580105e-07 5.77651699317e-19 0 0
0.05 0.333333333333 0 0 1e-07 3e-07 5.38108526627e-07 8.11151220239e-19 0 0
0.5 0.333333333333 0 0 1e-07 3e-07 6.32085653359e-07 6.80523076619e-19 0 0
0.05 0.338383838384 0 0 1e-07 3e-07 6.51606984658e-07 9.58560862469e-19 0 0
0.5 0.338383838384 0 0 1e-07 3e-07 7.65167806755e-07 7.98860484699e-19 0 0
0.05 0.343434343434 0 0 1e-07 3e-07 7.86321131343e-07 1.12956824156e-18 0 0
0.5 0.343434343434 0 0 1e-07 3e-07 9.23816136673e-07 9.34029503284e-19 0 0
0.05 0.348484848485 0 0 1e-07 3e-07 9.44827561447e-07 1.32696261509e-18 0 0
0.5 0.348484848485 0 0 1e-07 3e-07 1.11171912704e-06 1.0872567619e-18 0 0
0.05 0.353535353535 0 0 1e-07 3e-07 1.12952779525e-06 1.55363838898e-18 0 0
0.5 0.353535353535 0 0 1e-07 3e-07 1.33271059674e-06 1.25957712716e-18 0 0
0.05 0.358585858586 0 0 1e-07 3e-07 1.34250462441e-06 1.81256748069e-18 0 0
0.5 0.358585858586 0 0 1e-07 3e-07 1.59069827231e-06 1.45179312095e-18 0 0
0.05 0.363636363636 0 0 1e-07 3e-07 1.58538986499e-06 2.10676575153e-18 0 0
0.5 0.363636363636 0 0 1e-07 3e-07 1.88959574777e-06 1.66445138894e-18 0 0
0.05 0.368686868687 0 0 1e-07 3e-07 1.85926612771e-06 2.43924614919e-18 0 0
0.5 0.368686868687 0 0 1e-07 3e-07 2.23326456185e-06 1.89783816715e-18 0 0
0.05 0.373737373737 0 0 1e-07 3e-07 2.16462419878e-06 2.81295075295e-18 0 0
0.5 0.373737373737 0 0 1e-07 3e-07 2.62547079322e-06 2.15199256412e-18 0 0
0.05 0.378787878788 0 0 1e-07 3e-07 2.50139010226e-06 3.230658089e-18 0 0
0.5 0.378787878788 0 0 1e-07 3e-07 3.06985773036e-06 2.42673396326e-18 0 0
0.05 0.383838383838 0 0 1e-07 3e-07 2.86902180481e-06 3.69487073606e-18 0 0
0.5 0.383838383838 0 0 1e-07 3e-07 3.56993362966e-06 2.72169849672e-18 0 0
0.05 0.388888888889 0 0 1e-07 3e-07 3.2666583412e-06 4.20769828655e-18 0 0
0.5 0.388888888889 0 0 1e-07 3e-07 4.12907185954e-06 3.03637941805e-18 0 0
0.05 0.393939393939 0 0 1e-07 3e-07 3.69329058196e-06 4.77075717741e-18 0 0
0.5 0.393939393939 0 0 1e-07 3e-07 4.75051997521e-06 3.37016700044e-18 0 0
0.05 0.39898989899 0 0 1e-07 3e-07 4.14791926793e-06 5.38510780485e-18 0 0
0.5 0.39898989899 0 0 1e-07 3e-07 5.43741430707e-06 3.72238485198e-18 0 0
0.05 0.40404040404 0 0 1e-07 3e-07 4.62967384424e-06 6.05124062827e-18 0 0
0.5 0.40404040404 0 0 1e-07 3e-07 6.19279717124e-06 4.09232085803e-18 0 0
0.05 0.409090909091 0 0 1e-07 3e-07 5.13788053491e-06 6.76911068775e-18 0 0
0.5 0.409090909091 0 0 1e-07 3e-07 7.01963452961e-06 4.47925207044e-18 0 0
0.05 0.414141414141 0 0 1e-07 3e-07 5.67208273213e-06 7.53820950093e-18 0 0
0.5 0.414141414141 0 0 1e-07 3e-07 7.92083263106e-06 4.88246365479e-18 0 0
0.05 0.419191919192 0 0 1e-07 3e-07 6.23202581512e-06 8.35765812053e-18 0 0
0.5 0.419191919192 0 0 1e-07 3e-07 8.89925274863e-06 5.30126248568e-18 0 0
0.05 0.424242424242 0 0 1e-07 3e-07 6.8176208584e-06 9.22630545292e-18 0 0
0.5 0.424242424242 0 0 1e-07 3e-07 9.95772355584e-06 5.73498620687e-18 0 0
0.05 0.429292929293 0 0 1e-07 3e-07 7.42889940457e-06 1.01428197721e-17 0 0
0.5 0.429292929293 0 0 1e-07 3e-07 1.10990509752e-05 6.18300862759e-18 0 0
0.05 0.434343434343 0 0 1e-07 3e-07 8.06596744254e-06 1.11057662909e-17 0 0
0.5 0.434343434343 0 0 1e-07 3e-07 1.23260255152e-05 6.64474227758e-18 0 0
0.05 0.439393939394 0 0 1e-07 3e-07 8.7289630271e-06 1.21136679817e-17 0 0
0.5 0.439393939394 0 0 1e-07 3e-07 1.36414272243e-05 7.11963884371e-18 0 0
0.05 0.444444444444 0 0 1e-07 3e-07 9.41801947103e-06 1.31650498697e-17 0 0
0.5 0.444444444444 0 0 1e-07 3e-07 1.50480284583e-05 7.60718809507e-18 0 0
0.05 0.449494949495 0 0 1e-07 3e-07 1.01332347333e-05 1.42584687474e-17 0 0
0.5 0.449494949495 0 0 1e-07 3e-07 1.65485947004e-05 8.10691578889e-18 0 0
0.05 0.454545454545 0 0 1e-07 3e-07 1.08746471201e-05 1.53925309916e-17 0 0
0.5 0.454545454545 0 0 1e-07 3e-07 1.81458837007e-05 8.61838094674e-18 0 0
0.05 0.459595959596 0 0 1e-07 3e-07 1.16422172723e-05 1.65659012811e-17 0 0
0.5 0.459595959596 0 0 1e-07 3e-07 1.98426432166e-05 9.14117280139e-18 0 0
0.05 0.464646464646 0 0 1e-07 3e-07 1.24358163318e-05 1.77773047813e-17 0 0
0.5 0.464646464646 0 0 1e-07 3e-07 2.16416076427e-05 9.67490764065e-18 0 0
0.05 0.469696969697 0 0 1e-07 3e-07 1.32552200283e-05 1.90255249888e-17 0 0
0.5 0.469696969697 0 0 1e-07 3e-07 2.35454938144e-05 1.02192257122e-17 0 0
0.05 0.474747474747 0 0 1e-07 3e-07 1.41001081973e-05 2.0309399003e-17 0 0
0.5 0.474747474747 0 0 1e-07 3e-07 2.5556996256e-05 1.07737883044e-17 0 0
0.05 0.479797979798 0 0 1e-07 3e-07 1.49700689945e-05 2.16278115817e-17 0 0
0.5 0.479797979798 0 0 1e-07 3e-07 2.76787821229e-05 1.1338275076e-17 0 0
0.05 0.484848484848 0 0 1e-07 3e-07 1.58646068671e-05 2.29796889563e-17 0 0
0.5 0.484848484848 0 0 1e-07 3e-07 2.99134860608e-05 1.19123816791e-17 0 0
0.05 0.489898989899 0 0 1e-07 3e-07 1.6783153233e-05 2.43639930625e-17 0 0
0.5 0.489898989899 0 0 1e-07 3e-07 3.22637051686e-05 1.24958176919e-17 0 0
0.05 0.494949494949 0 0 1e-07 3e-07 1.77250788145e-05 2.57797165723e-17 0 0
0.5 0.494949494949 0 0 1e-07 3e-07 3.47319942215e-05 1.30883048626e-17 0 0
0.05 0.5 0 0 1e-07 3e-07 1.86897066585e-05 2.7225878907e-17 0 0
0.5 0.5 0 0 1e-07 3e-07 3.73208612699e-05 1.36895756524e-17 0 0
