Vd Vg Vs Vb L Ids qs  
0.05 0.0 0 0 1e-06 4.788e-13 -3.150e-22 
1.0 0.0 0 0 1e-06 6.483e-13 -2.926e-22 
0.05 0.010101010101 0 0 1e-06 7.075e-13 -7.319e-20 
1.0 0.010101010101 0 0 1e-06 9.580e-13 -7.316e-20 
0.05 0.020202020202 0 0 1e-06 1.045e-12 -1.461e-19 
1.0 0.020202020202 0 0 1e-06 1.416e-12 -1.461e-19 
0.05 0.030303030303 0 0 1e-06 1.545e-12 -2.192e-19 
1.0 0.030303030303 0 0 1e-06 2.092e-12 -2.191e-19 
0.05 0.040404040404 0 0 1e-06 2.283e-12 -2.924e-19 
1.0 0.040404040404 0 0 1e-06 3.091e-12 -2.923e-19 
0.05 0.0505050505051 0 0 1e-06 3.374e-12 -3.659e-19 
1.0 0.0505050505051 0 0 1e-06 4.568e-12 -3.657e-19 
0.05 0.0606060606061 0 0 1e-06 4.985e-12 -4.396e-19 
1.0 0.0606060606061 0 0 1e-06 6.750e-12 -4.394e-19 
0.05 0.0707070707071 0 0 1e-06 7.366e-12 -5.139e-19 
1.0 0.0707070707071 0 0 1e-06 9.974e-12 -5.136e-19 
0.05 0.0808080808081 0 0 1e-06 1.088e-11 -5.890e-19 
1.0 0.0808080808081 0 0 1e-06 1.474e-11 -5.885e-19 
0.05 0.0909090909091 0 0 1e-06 1.608e-11 -6.651e-19 
1.0 0.0909090909091 0 0 1e-06 2.177e-11 -6.644e-19 
0.05 0.10101010101 0 0 1e-06 2.375e-11 -7.429e-19 
1.0 0.10101010101 0 0 1e-06 3.216e-11 -7.418e-19 
0.05 0.111111111111 0 0 1e-06 3.508e-11 -8.231e-19 
1.0 0.111111111111 0 0 1e-06 4.751e-11 -8.214e-19 
0.05 0.121212121212 0 0 1e-06 5.179e-11 -9.068e-19 
1.0 0.121212121212 0 0 1e-06 7.015e-11 -9.044e-19 
0.05 0.131313131313 0 0 1e-06 7.643e-11 -9.957e-19 
1.0 0.131313131313 0 0 1e-06 1.035e-10 -9.921e-19 
0.05 0.141414141414 0 0 1e-06 1.127e-10 -1.092e-18 
1.0 0.141414141414 0 0 1e-06 1.528e-10 -1.087e-18 
0.05 0.151515151515 0 0 1e-06 1.661e-10 -1.200e-18 
1.0 0.151515151515 0 0 1e-06 2.252e-10 -1.192e-18 
0.05 0.161616161616 0 0 1e-06 2.445e-10 -1.324e-18 
1.0 0.161616161616 0 0 1e-06 3.316e-10 -1.313e-18 
0.05 0.171717171717 0 0 1e-06 3.591e-10 -1.472e-18 
1.0 0.171717171717 0 0 1e-06 4.874e-10 -1.455e-18 
0.05 0.181818181818 0 0 1e-06 5.259e-10 -1.653e-18 
1.0 0.181818181818 0 0 1e-06 7.147e-10 -1.628e-18 
0.05 0.191919191919 0 0 1e-06 7.674e-10 -1.882e-18 
1.0 0.191919191919 0 0 1e-06 1.044e-09 -1.846e-18 
0.05 0.20202020202 0 0 1e-06 1.114e-09 -2.177e-18 
1.0 0.20202020202 0 0 1e-06 1.519e-09 -2.125e-18 
0.05 0.212121212121 0 0 1e-06 1.604e-09 -2.562e-18 
1.0 0.212121212121 0 0 1e-06 2.196e-09 -2.486e-18 
0.05 0.222222222222 0 0 1e-06 2.289e-09 -3.064e-18 
1.0 0.222222222222 0 0 1e-06 3.147e-09 -2.956e-18 
0.05 0.232323232323 0 0 1e-06 3.227e-09 -3.715e-18 
1.0 0.232323232323 0 0 1e-06 4.464e-09 -3.562e-18 
0.05 0.242424242424 0 0 1e-06 4.482e-09 -4.545e-18 
1.0 0.242424242424 0 0 1e-06 6.253e-09 -4.332e-18 
0.05 0.252525252525 0 0 1e-06 6.122e-09 -5.583e-18 
1.0 0.252525252525 0 0 1e-06 8.632e-09 -5.290e-18 
0.05 0.262626262626 0 0 1e-06 8.206e-09 -6.850e-18 
1.0 0.262626262626 0 0 1e-06 1.173e-08 -6.452e-18 
0.05 0.272727272727 0 0 1e-06 1.079e-08 -8.361e-18 
1.0 0.272727272727 0 0 1e-06 1.567e-08 -7.829e-18 
0.05 0.282828282828 0 0 1e-06 1.390e-08 -1.012e-17 
1.0 0.282828282828 0 0 1e-06 2.060e-08 -9.422e-18 
0.05 0.292929292929 0 0 1e-06 1.757e-08 -1.213e-17 
1.0 0.292929292929 0 0 1e-06 2.664e-08 -1.123e-17 
0.05 0.30303030303 0 0 1e-06 2.179e-08 -1.438e-17 
1.0 0.30303030303 0 0 1e-06 3.390e-08 -1.323e-17 
0.05 0.313131313131 0 0 1e-06 2.656e-08 -1.687e-17 
1.0 0.313131313131 0 0 1e-06 4.250e-08 -1.543e-17 
0.05 0.323232323232 0 0 1e-06 3.186e-08 -1.959e-17 
1.0 0.323232323232 0 0 1e-06 5.255e-08 -1.781e-17 
0.05 0.333333333333 0 0 1e-06 3.766e-08 -2.252e-17 
1.0 0.333333333333 0 0 1e-06 6.414e-08 -2.036e-17 
0.05 0.343434343434 0 0 1e-06 4.393e-08 -2.565e-17 
1.0 0.343434343434 0 0 1e-06 7.734e-08 -2.306e-17 
0.05 0.353535353535 0 0 1e-06 5.063e-08 -2.898e-17 
1.0 0.353535353535 0 0 1e-06 9.225e-08 -2.591e-17 
0.05 0.363636363636 0 0 1e-06 5.773e-08 -3.248e-17 
1.0 0.363636363636 0 0 1e-06 1.089e-07 -2.889e-17 
0.05 0.373737373737 0 0 1e-06 6.519e-08 -3.615e-17 
1.0 0.373737373737 0 0 1e-06 1.274e-07 -3.199e-17 
0.05 0.383838383838 0 0 1e-06 7.297e-08 -3.997e-17 
1.0 0.383838383838 0 0 1e-06 1.478e-07 -3.521e-17 
0.05 0.393939393939 0 0 1e-06 8.106e-08 -4.394e-17 
1.0 0.393939393939 0 0 1e-06 1.700e-07 -3.854e-17 
0.05 0.40404040404 0 0 1e-06 8.941e-08 -4.805e-17 
1.0 0.40404040404 0 0 1e-06 1.943e-07 -4.197e-17 
0.05 0.414141414141 0 0 1e-06 9.800e-08 -5.229e-17 
1.0 0.414141414141 0 0 1e-06 2.205e-07 -4.550e-17 
0.05 0.424242424242 0 0 1e-06 1.068e-07 -5.665e-17 
1.0 0.424242424242 0 0 1e-06 2.487e-07 -4.911e-17 
0.05 0.434343434343 0 0 1e-06 1.158e-07 -6.113e-17 
1.0 0.434343434343 0 0 1e-06 2.790e-07 -5.282e-17 
0.05 0.444444444444 0 0 1e-06 1.249e-07 -6.572e-17 
1.0 0.444444444444 0 0 1e-06 3.113e-07 -5.660e-17 
0.05 0.454545454545 0 0 1e-06 1.342e-07 -7.040e-17 
1.0 0.454545454545 0 0 1e-06 3.457e-07 -6.046e-17 
0.05 0.464646464646 0 0 1e-06 1.436e-07 -7.518e-17 
1.0 0.464646464646 0 0 1e-06 3.822e-07 -6.439e-17 
0.05 0.474747474747 0 0 1e-06 1.530e-07 -8.006e-17 
1.0 0.474747474747 0 0 1e-06 4.207e-07 -6.838e-17 
0.05 0.484848484848 0 0 1e-06 1.625e-07 -8.501e-17 
1.0 0.484848484848 0 0 1e-06 4.613e-07 -7.244e-17 
0.05 0.494949494949 0 0 1e-06 1.721e-07 -9.005e-17 
1.0 0.494949494949 0 0 1e-06 5.039e-07 -7.656e-17 
0.05 0.505050505051 0 0 1e-06 1.816e-07 -9.517e-17 
1.0 0.505050505051 0 0 1e-06 5.486e-07 -8.073e-17 
0.05 0.515151515152 0 0 1e-06 1.912e-07 -1.004e-16 
1.0 0.515151515152 0 0 1e-06 5.954e-07 -8.496e-17 
0.05 0.525252525253 0 0 1e-06 2.007e-07 -1.056e-16 
1.0 0.525252525253 0 0 1e-06 6.441e-07 -8.923e-17 
0.05 0.535353535354 0 0 1e-06 2.102e-07 -1.109e-16 
1.0 0.535353535354 0 0 1e-06 6.949e-07 -9.356e-17 
0.05 0.545454545455 0 0 1e-06 2.196e-07 -1.163e-16 
1.0 0.545454545455 0 0 1e-06 7.476e-07 -9.793e-17 
0.05 0.555555555556 0 0 1e-06 2.290e-07 -1.217e-16 
1.0 0.555555555556 0 0 1e-06 8.024e-07 -1.023e-16 
0.05 0.565656565657 0 0 1e-06 2.383e-07 -1.272e-16 
1.0 0.565656565657 0 0 1e-06 8.591e-07 -1.068e-16 
0.05 0.575757575758 0 0 1e-06 2.475e-07 -1.328e-16 
1.0 0.575757575758 0 0 1e-06 9.177e-07 -1.113e-16 
0.05 0.585858585859 0 0 1e-06 2.567e-07 -1.383e-16 
1.0 0.585858585859 0 0 1e-06 9.782e-07 -1.158e-16 
0.05 0.59595959596 0 0 1e-06 2.657e-07 -1.440e-16 
1.0 0.59595959596 0 0 1e-06 1.041e-06 -1.204e-16 
0.05 0.606060606061 0 0 1e-06 2.747e-07 -1.496e-16 
1.0 0.606060606061 0 0 1e-06 1.105e-06 -1.250e-16 
0.05 0.616161616162 0 0 1e-06 2.835e-07 -1.554e-16 
1.0 0.616161616162 0 0 1e-06 1.171e-06 -1.296e-16 
0.05 0.626262626263 0 0 1e-06 2.922e-07 -1.611e-16 
1.0 0.626262626263 0 0 1e-06 1.239e-06 -1.342e-16 
0.05 0.636363636364 0 0 1e-06 3.008e-07 -1.669e-16 
1.0 0.636363636364 0 0 1e-06 1.309e-06 -1.389e-16 
0.05 0.646464646465 0 0 1e-06 3.093e-07 -1.727e-16 
1.0 0.646464646465 0 0 1e-06 1.380e-06 -1.436e-16 
0.05 0.656565656566 0 0 1e-06 3.177e-07 -1.786e-16 
1.0 0.656565656566 0 0 1e-06 1.453e-06 -1.483e-16 
0.05 0.666666666667 0 0 1e-06 3.259e-07 -1.845e-16 
1.0 0.666666666667 0 0 1e-06 1.528e-06 -1.531e-16 
0.05 0.676767676768 0 0 1e-06 3.340e-07 -1.904e-16 
1.0 0.676767676768 0 0 1e-06 1.605e-06 -1.579e-16 
0.05 0.686868686869 0 0 1e-06 3.420e-07 -1.963e-16 
1.0 0.686868686869 0 0 1e-06 1.683e-06 -1.627e-16 
0.05 0.69696969697 0 0 1e-06 3.499e-07 -2.023e-16 
1.0 0.69696969697 0 0 1e-06 1.763e-06 -1.675e-16 
0.05 0.707070707071 0 0 1e-06 3.577e-07 -2.083e-16 
1.0 0.707070707071 0 0 1e-06 1.844e-06 -1.724e-16 
0.05 0.717171717172 0 0 1e-06 3.653e-07 -2.144e-16 
1.0 0.717171717172 0 0 1e-06 1.927e-06 -1.772e-16 
0.05 0.727272727273 0 0 1e-06 3.728e-07 -2.204e-16 
1.0 0.727272727273 0 0 1e-06 2.012e-06 -1.821e-16 
0.05 0.737373737374 0 0 1e-06 3.802e-07 -2.265e-16 
1.0 0.737373737374 0 0 1e-06 2.098e-06 -1.870e-16 
0.05 0.747474747475 0 0 1e-06 3.874e-07 -2.326e-16 
1.0 0.747474747475 0 0 1e-06 2.186e-06 -1.919e-16 
0.05 0.757575757576 0 0 1e-06 3.945e-07 -2.387e-16 
1.0 0.757575757576 0 0 1e-06 2.275e-06 -1.969e-16 
0.05 0.767676767677 0 0 1e-06 4.015e-07 -2.449e-16 
1.0 0.767676767677 0 0 1e-06 2.366e-06 -2.018e-16 
0.05 0.777777777778 0 0 1e-06 4.084e-07 -2.510e-16 
1.0 0.777777777778 0 0 1e-06 2.458e-06 -2.068e-16 
0.05 0.787878787879 0 0 1e-06 4.152e-07 -2.572e-16 
1.0 0.787878787879 0 0 1e-06 2.552e-06 -2.118e-16 
0.05 0.79797979798 0 0 1e-06 4.218e-07 -2.634e-16 
1.0 0.79797979798 0 0 1e-06 2.647e-06 -2.168e-16 
0.05 0.808080808081 0 0 1e-06 4.283e-07 -2.696e-16 
1.0 0.808080808081 0 0 1e-06 2.743e-06 -2.218e-16 
0.05 0.818181818182 0 0 1e-06 4.347e-07 -2.758e-16 
1.0 0.818181818182 0 0 1e-06 2.841e-06 -2.268e-16 
0.05 0.828282828283 0 0 1e-06 4.410e-07 -2.821e-16 
1.0 0.828282828283 0 0 1e-06 2.941e-06 -2.319e-16 
0.05 0.838383838384 0 0 1e-06 4.472e-07 -2.883e-16 
1.0 0.838383838384 0 0 1e-06 3.041e-06 -2.369e-16 
0.05 0.848484848485 0 0 1e-06 4.533e-07 -2.946e-16 
1.0 0.848484848485 0 0 1e-06 3.143e-06 -2.420e-16 
0.05 0.858585858586 0 0 1e-06 4.592e-07 -3.009e-16 
1.0 0.858585858586 0 0 1e-06 3.246e-06 -2.471e-16 
0.05 0.868686868687 0 0 1e-06 4.650e-07 -3.072e-16 
1.0 0.868686868687 0 0 1e-06 3.351e-06 -2.522e-16 
0.05 0.878787878788 0 0 1e-06 4.708e-07 -3.135e-16 
1.0 0.878787878788 0 0 1e-06 3.457e-06 -2.573e-16 
0.05 0.888888888889 0 0 1e-06 4.764e-07 -3.199e-16 
1.0 0.888888888889 0 0 1e-06 3.564e-06 -2.624e-16 
0.05 0.89898989899 0 0 1e-06 4.819e-07 -3.262e-16 
1.0 0.89898989899 0 0 1e-06 3.672e-06 -2.675e-16 
0.05 0.909090909091 0 0 1e-06 4.873e-07 -3.326e-16 
1.0 0.909090909091 0 0 1e-06 3.782e-06 -2.727e-16 
0.05 0.919191919192 0 0 1e-06 4.927e-07 -3.390e-16 
1.0 0.919191919192 0 0 1e-06 3.893e-06 -2.778e-16 
0.05 0.929292929293 0 0 1e-06 4.979e-07 -3.453e-16 
1.0 0.929292929293 0 0 1e-06 4.004e-06 -2.830e-16 
0.05 0.939393939394 0 0 1e-06 5.030e-07 -3.517e-16 
1.0 0.939393939394 0 0 1e-06 4.118e-06 -2.881e-16 
0.05 0.949494949495 0 0 1e-06 5.080e-07 -3.581e-16 
1.0 0.949494949495 0 0 1e-06 4.232e-06 -2.933e-16 
0.05 0.959595959596 0 0 1e-06 5.130e-07 -3.645e-16 
1.0 0.959595959596 0 0 1e-06 4.347e-06 -2.985e-16 
0.05 0.969696969697 0 0 1e-06 5.178e-07 -3.710e-16 
1.0 0.969696969697 0 0 1e-06 4.464e-06 -3.037e-16 
0.05 0.979797979798 0 0 1e-06 5.225e-07 -3.774e-16 
1.0 0.979797979798 0 0 1e-06 4.582e-06 -3.089e-16 
0.05 0.989898989899 0 0 1e-06 5.272e-07 -3.838e-16 
1.0 0.989898989899 0 0 1e-06 4.701e-06 -3.141e-16 
0.05 1.0 0 0 1e-06 5.318e-07 -3.903e-16 
1.0 1.0 0 0 1e-06 4.821e-06 -3.193e-16 
