vd vg vs vb l alpha1_p alpha11_p t_fe phig vfed qmfe2 vgn1 qmfe1 qms vfes ids qmsguessd vgn2 qmsguesss qgi sweepvar qm qmd vgs
0.4 0.0 0 0 3e-08 -3249270000.0 2.41166e+13 1e-08 4.3 -7.504e-04 -6.6660 16.0049 -11.5458 4.583e-03 -9.406e-04 4.712e-09 4.674e-04 3.4198 4.578e-03 3.103e-21 0.40000 -4.674e-04 4.674e-04 -1.123e-06
0.4 0.0040404040404 0 0 3e-08 -3249270000.0 2.41166e+13 1e-08 4.3 -7.534e-04 -6.6660 16.0054 -11.5458 5.224e-03 -9.702e-04 5.373e-09 5.324e-04 3.4204 5.218e-03 3.535e-21 0.40000 -5.325e-04 5.325e-04 4.041e-03
0.4 0.00808080808081 0 0 3e-08 -3249270000.0 2.41166e+13 1e-08 4.3 -7.568e-04 -6.6660 16.0061 -11.5458 5.954e-03 -1.004e-03 6.127e-09 6.064e-04 3.4211 5.946e-03 4.028e-21 0.40000 -6.065e-04 6.065e-04 8.080e-03
0.4 0.0121212121212 0 0 3e-08 -3249270000.0 2.41166e+13 1e-08 4.3 -7.607e-04 -6.6660 16.0069 -11.5458 6.786e-03 -1.042e-03 6.988e-09 6.906e-04 3.4219 6.775e-03 4.589e-21 0.40000 -6.908e-04 6.908e-04 1.212e-02
0.4 0.0161616161616 0 0 3e-08 -3249270000.0 2.41166e+13 1e-08 4.3 -7.652e-04 -6.6660 16.0078 -11.5458 7.734e-03 -1.086e-03 7.970e-09 7.864e-04 3.4227 7.721e-03 5.229e-21 0.40000 -7.866e-04 7.866e-04 1.616e-02
0.4 0.020202020202 0 0 3e-08 -3249270000.0 2.41166e+13 1e-08 4.3 -7.702e-04 -6.6660 16.0088 -11.5458 8.815e-03 -1.136e-03 9.092e-09 8.954e-04 3.4237 8.797e-03 5.959e-21 0.40000 -8.956e-04 8.956e-04 2.020e-02
0.4 0.0242424242424 0 0 3e-08 -3249270000.0 2.41166e+13 1e-08 4.3 -7.759e-04 -6.6660 16.0099 -11.5458 1.005e-02 -1.193e-03 1.037e-08 1.019e-03 3.4249 1.002e-02 6.791e-21 0.40000 -1.020e-03 1.020e-03 2.424e-02
0.4 0.0282828282828 0 0 3e-08 -3249270000.0 2.41166e+13 1e-08 4.3 -7.825e-04 -6.6660 16.0112 -11.5458 1.145e-02 -1.258e-03 1.183e-08 1.160e-03 3.4262 1.142e-02 7.739e-21 0.40000 -1.161e-03 1.161e-03 2.828e-02
0.4 0.0323232323232 0 0 3e-08 -3249270000.0 2.41166e+13 1e-08 4.3 -7.899e-04 -6.6660 16.0127 -11.5458 1.305e-02 -1.332e-03 1.350e-08 1.320e-03 3.4277 1.301e-02 8.820e-21 0.40000 -1.321e-03 1.321e-03 3.232e-02
0.4 0.0363636363636 0 0 3e-08 -3249270000.0 2.41166e+13 1e-08 4.3 -7.983e-04 -6.6660 16.0144 -11.5458 1.487e-02 -1.416e-03 1.541e-08 1.502e-03 3.4294 1.483e-02 1.005e-20 0.40000 -1.503e-03 1.503e-03 3.636e-02
0.4 0.040404040404 0 0 3e-08 -3249270000.0 2.41166e+13 1e-08 4.3 -8.078e-04 -6.6660 16.0163 -11.5458 1.695e-02 -1.512e-03 1.759e-08 1.709e-03 3.4313 1.689e-02 1.146e-20 0.40000 -1.710e-03 1.710e-03 4.040e-02
0.4 0.0444444444444 0 0 3e-08 -3249270000.0 2.41166e+13 1e-08 4.3 -8.187e-04 -6.6660 16.0185 -11.5458 1.931e-02 -1.621e-03 2.009e-08 1.944e-03 3.4335 1.924e-02 1.306e-20 0.40000 -1.945e-03 1.945e-03 4.444e-02
0.4 0.0484848484848 0 0 3e-08 -3249270000.0 2.41166e+13 1e-08 4.3 -8.310e-04 -6.6660 16.0210 -11.5458 2.201e-02 -1.746e-03 2.294e-08 2.210e-03 3.4360 2.191e-02 1.489e-20 0.40000 -2.211e-03 2.211e-03 4.848e-02
0.4 0.0525252525253 0 0 3e-08 -3249270000.0 2.41166e+13 1e-08 4.3 -8.449e-04 -6.6660 16.0239 -11.5458 2.508e-02 -1.888e-03 2.620e-08 2.511e-03 3.4388 2.496e-02 1.697e-20 0.40000 -2.513e-03 2.513e-03 5.253e-02
0.4 0.0565656565657 0 0 3e-08 -3249270000.0 2.41166e+13 1e-08 4.3 -8.607e-04 -6.6660 16.0271 -11.5458 2.858e-02 -2.049e-03 2.994e-08 2.853e-03 3.4421 2.843e-02 1.935e-20 0.40000 -2.855e-03 2.855e-03 5.657e-02
0.4 0.0606060606061 0 0 3e-08 -3249270000.0 2.41166e+13 1e-08 4.3 -8.786e-04 -6.6660 16.0308 -11.5458 3.257e-02 -2.233e-03 3.422e-08 3.239e-03 3.4457 3.237e-02 2.205e-20 0.40000 -3.242e-03 3.242e-03 6.061e-02
0.4 0.0646464646465 0 0 3e-08 -3249270000.0 2.41166e+13 1e-08 4.3 -8.988e-04 -6.6660 16.0350 -11.5458 3.711e-02 -2.443e-03 3.913e-08 3.676e-03 3.4499 3.686e-02 2.514e-20 0.40000 -3.679e-03 3.679e-03 6.465e-02
0.4 0.0686868686869 0 0 3e-08 -3249270000.0 2.41166e+13 1e-08 4.3 -9.216e-04 -6.6660 16.0397 -11.5458 4.229e-02 -2.682e-03 4.476e-08 4.169e-03 3.4547 4.196e-02 2.867e-20 0.40000 -4.174e-03 4.174e-03 6.869e-02
0.4 0.0727272727273 0 0 3e-08 -3249270000.0 2.41166e+13 1e-08 4.3 -9.474e-04 -6.6660 16.0452 -11.5458 4.818e-02 -2.955e-03 5.123e-08 4.726e-03 3.4601 4.776e-02 3.269e-20 0.40000 -4.731e-03 4.731e-03 7.273e-02
0.4 0.0767676767677 0 0 3e-08 -3249270000.0 2.41166e+13 1e-08 4.3 -9.764e-04 -6.6660 16.0513 -11.5458 5.489e-02 -3.265e-03 5.866e-08 5.352e-03 3.4663 5.436e-02 3.728e-20 0.40000 -5.359e-03 5.359e-03 7.677e-02
0.4 0.0808080808081 0 0 3e-08 -3249270000.0 2.41166e+13 1e-08 4.3 -1.009e-03 -6.6660 16.0583 -11.5458 6.254e-02 -3.618e-03 6.722e-08 6.057e-03 3.4733 6.186e-02 4.251e-20 0.40000 -6.065e-03 6.065e-03 8.081e-02
0.4 0.0848484848485 0 0 3e-08 -3249270000.0 2.41166e+13 1e-08 4.3 -1.046e-03 -6.6660 16.0663 -11.5458 7.125e-02 -4.020e-03 7.707e-08 6.847e-03 3.4812 7.038e-02 4.848e-20 0.40000 -6.858e-03 6.858e-03 8.485e-02
0.4 0.0888888888889 0 0 3e-08 -3249270000.0 2.41166e+13 1e-08 4.3 -1.087e-03 -6.6660 16.0753 -11.5458 8.117e-02 -4.478e-03 8.844e-08 7.733e-03 3.4902 8.005e-02 5.530e-20 0.40000 -7.746e-03 7.746e-03 8.889e-02
0.4 0.0929292929293 0 0 3e-08 -3249270000.0 2.41166e+13 1e-08 4.3 -1.133e-03 -6.6660 16.0855 -11.5458 9.246e-02 -5.000e-03 1.016e-07 8.721e-03 3.5005 9.102e-02 6.308e-20 0.40000 -8.738e-03 8.738e-03 9.293e-02
0.4 0.0969696969697 0 0 3e-08 -3249270000.0 2.41166e+13 1e-08 4.3 -1.184e-03 -6.6660 16.0972 -11.5458 0.1053 -5.593e-03 1.168e-07 9.823e-03 3.5121 0.1035 7.196e-20 0.40000 -9.844e-03 9.844e-03 9.697e-02
0.4 0.10101010101 0 0 3e-08 -3249270000.0 2.41166e+13 1e-08 4.3 -1.240e-03 -6.6660 16.1103 -11.5458 0.1199 -6.269e-03 1.344e-07 1.105e-02 3.5253 0.1176 8.211e-20 0.40000 -1.107e-02 1.107e-02 0.1010
0.4 0.105050505051 0 0 3e-08 -3249270000.0 2.41166e+13 1e-08 4.3 -1.303e-03 -6.6660 16.1252 -11.5458 0.1366 -7.039e-03 1.549e-07 1.240e-02 3.5402 0.1336 9.369e-20 0.40000 -1.243e-02 1.243e-02 0.1051
0.4 0.109090909091 0 0 3e-08 -3249270000.0 2.41166e+13 1e-08 4.3 -1.372e-03 -6.6660 16.1421 -11.5458 0.1556 -7.914e-03 1.787e-07 1.389e-02 3.5571 0.1517 1.069e-19 0.40000 -1.393e-02 1.393e-02 0.1091
0.4 0.113131313131 0 0 3e-08 -3249270000.0 2.41166e+13 1e-08 4.3 -1.448e-03 -6.6660 16.1612 -11.5458 0.1772 -8.911e-03 2.065e-07 1.553e-02 3.5762 0.1721 1.220e-19 0.40000 -1.558e-02 1.558e-02 0.1131
0.4 0.117171717172 0 0 3e-08 -3249270000.0 2.41166e+13 1e-08 4.3 -1.531e-03 -6.6660 16.1828 -11.5458 0.2017 -1.005e-02 2.390e-07 1.731e-02 3.5978 0.1953 1.393e-19 0.40000 -1.737e-02 1.737e-02 0.1172
0.4 0.121212121212 0 0 3e-08 -3249270000.0 2.41166e+13 1e-08 4.3 -1.621e-03 -6.6660 16.2072 -11.5458 0.2297 -1.134e-02 2.771e-07 1.925e-02 3.6222 0.2214 1.591e-19 0.40000 -1.932e-02 1.932e-02 0.1212
0.4 0.125252525253 0 0 3e-08 -3249270000.0 2.41166e+13 1e-08 4.3 -1.718e-03 -6.6660 16.2348 -11.5458 0.2616 -1.281e-02 3.219e-07 2.133e-02 3.6497 0.2508 1.817e-19 0.40000 -2.142e-02 2.142e-02 0.1253
0.4 0.129292929293 0 0 3e-08 -3249270000.0 2.41166e+13 1e-08 4.3 -1.822e-03 -6.6660 16.2658 -11.5458 0.2979 -1.448e-02 3.748e-07 2.356e-02 3.6807 0.2840 2.076e-19 0.40000 -2.367e-02 2.367e-02 0.1293
0.4 0.133333333333 0 0 3e-08 -3249270000.0 2.41166e+13 1e-08 4.3 -1.932e-03 -6.6660 16.3007 -11.5458 0.3392 -1.638e-02 4.374e-07 2.592e-02 3.7157 0.3213 2.372e-19 0.40000 -2.605e-02 2.605e-02 0.1333
0.4 0.137373737374 0 0 3e-08 -3249270000.0 2.41166e+13 1e-08 4.3 -2.047e-03 -6.6660 16.3401 -11.5458 0.3863 -1.855e-02 5.118e-07 2.838e-02 3.7550 0.3631 2.711e-19 0.40000 -2.854e-02 2.854e-02 0.1374
0.4 0.141414141414 0 0 3e-08 -3249270000.0 2.41166e+13 1e-08 4.3 -2.166e-03 -6.6660 16.3842 -11.5458 0.4401 -2.102e-02 6.005e-07 3.093e-02 3.7992 0.4100 3.101e-19 0.40000 -3.112e-02 3.112e-02 0.1414
0.4 0.145454545455 0 0 3e-08 -3249270000.0 2.41166e+13 1e-08 4.3 -2.288e-03 -6.6660 16.4339 -11.5458 0.5014 -2.384e-02 7.067e-07 3.353e-02 3.8488 0.4624 3.548e-19 0.40000 -3.374e-02 3.374e-02 0.1455
0.4 0.149494949495 0 0 3e-08 -3249270000.0 2.41166e+13 1e-08 4.3 -2.409e-03 -6.6660 16.4896 -11.5458 0.5715 -2.706e-02 8.345e-07 3.613e-02 3.9045 0.5208 4.063e-19 0.40000 -3.637e-02 3.637e-02 0.1495
0.4 0.153535353535 0 0 3e-08 -3249270000.0 2.41166e+13 1e-08 4.3 -2.528e-03 -6.6660 16.5520 -11.5458 0.6518 -3.074e-02 9.888e-07 3.866e-02 3.9669 0.5859 4.656e-19 0.40000 -3.894e-02 3.894e-02 0.1535
0.4 0.157575757576 0 0 3e-08 -3249270000.0 2.41166e+13 1e-08 4.3 -2.640e-03 -6.6660 16.6219 -11.5458 0.7439 -3.494e-02 1.176e-06 4.107e-02 4.0369 0.6581 5.341e-19 0.40000 -4.138e-02 4.138e-02 0.1576
0.4 0.161616161616 0 0 3e-08 -3249270000.0 2.41166e+13 1e-08 4.3 -2.743e-03 -6.6660 16.7003 -11.5458 0.8498 -3.976e-02 1.405e-06 4.326e-02 4.1152 0.7379 6.134e-19 0.40000 -4.361e-02 4.361e-02 0.1616
0.4 0.165656565657 0 0 3e-08 -3249270000.0 2.41166e+13 1e-08 4.3 -2.832e-03 -6.6660 16.7879 -11.5458 0.9718 -4.529e-02 1.685e-06 4.515e-02 4.2029 0.8260 7.055e-19 0.40000 -4.552e-02 4.552e-02 0.1657
0.4 0.169696969697 0 0 3e-08 -3249270000.0 2.41166e+13 1e-08 4.3 -2.902e-03 -6.6660 16.8860 -11.5458 1.1128 -5.164e-02 2.030e-06 4.664e-02 4.3009 0.9228 8.128e-19 0.40000 -4.704e-02 4.704e-02 0.1697
0.4 0.173737373737 0 0 3e-08 -3249270000.0 2.41166e+13 1e-08 4.3 -2.949e-03 -6.6660 16.9954 -11.5458 1.2760 -5.893e-02 2.457e-06 4.764e-02 4.4104 1.0287 9.380e-19 0.40000 -4.805e-02 4.805e-02 0.1737
0.4 0.177777777778 0 0 3e-08 -3249270000.0 2.41166e+13 1e-08 4.3 -2.968e-03 -6.6660 17.1173 -11.5458 1.4650 -6.728e-02 2.986e-06 4.806e-02 4.5323 1.1441 1.085e-18 0.40000 -4.848e-02 4.848e-02 0.1778
0.4 0.181818181818 0 0 3e-08 -3249270000.0 2.41166e+13 1e-08 4.3 -2.959e-03 -6.6660 17.2523 -11.5458 1.6835 -7.680e-02 3.641e-06 4.787e-02 4.6672 1.2693 1.256e-18 0.40000 -4.829e-02 4.829e-02 0.1818
0.4 0.185858585859 0 0 3e-08 -3249270000.0 2.41166e+13 1e-08 4.3 -2.922e-03 -6.6660 17.3999 -11.5458 1.9341 -8.751e-02 4.445e-06 4.708e-02 4.8149 1.4045 1.454e-18 0.40000 -4.748e-02 4.748e-02 0.1859
0.4 0.189898989899 0 0 3e-08 -3249270000.0 2.41166e+13 1e-08 4.3 -2.862e-03 -6.6660 17.5585 -11.5458 2.2166 -9.928e-02 5.414e-06 4.580e-02 4.9735 1.5497 1.681e-18 0.40000 -4.619e-02 4.619e-02 0.1899
0.4 0.193939393939 0 0 3e-08 -3249270000.0 2.41166e+13 1e-08 4.3 -2.790e-03 -6.6660 17.7238 -11.5458 2.5263 -0.1117 6.544e-06 4.427e-02 5.1387 1.7048 1.932e-18 0.40000 -4.463e-02 4.463e-02 0.1939
0.4 0.19797979798 0 0 3e-08 -3249270000.0 2.41166e+13 1e-08 4.3 -2.720e-03 -6.6660 17.8894 -11.5458 2.8524 -0.1243 7.802e-06 4.277e-02 5.3044 1.8694 2.201e-18 0.40000 -4.310e-02 4.310e-02 0.1980
0.4 0.20202020202 0 0 3e-08 -3249270000.0 2.41166e+13 1e-08 4.3 -2.665e-03 -6.6660 18.0485 -11.5458 3.1803 -0.1363 9.130e-06 4.159e-02 5.4635 2.0432 2.474e-18 0.40000 -4.191e-02 4.191e-02 0.2020
0.4 0.206060606061 0 0 3e-08 -3249270000.0 2.41166e+13 1e-08 4.3 -2.633e-03 -6.6660 18.1957 -11.5458 3.4964 -0.1472 1.046e-05 4.092e-02 5.6106 2.2255 2.742e-18 0.40000 -4.123e-02 4.123e-02 0.2061
0.4 0.210101010101 0 0 3e-08 -3249270000.0 2.41166e+13 1e-08 4.3 -2.630e-03 -6.6660 18.3284 -11.5458 3.7920 -0.1568 1.175e-05 4.084e-02 5.7434 2.4154 2.995e-18 0.40000 -4.115e-02 4.115e-02 0.2101
0.4 0.214141414141 0 0 3e-08 -3249270000.0 2.41166e+13 1e-08 4.3 -2.654e-03 -6.6660 18.4468 -11.5458 4.0638 -0.1649 1.296e-05 4.135e-02 5.8618 2.6119 3.230e-18 0.40000 -4.167e-02 4.167e-02 0.2141
0.4 0.218181818182 0 0 3e-08 -3249270000.0 2.41166e+13 1e-08 4.3 -2.703e-03 -6.6660 18.5522 -11.5458 4.3123 -0.1718 1.409e-05 4.241e-02 5.9672 2.8139 3.448e-18 0.40000 -4.274e-02 4.274e-02 0.2182
0.4 0.222222222222 0 0 3e-08 -3249270000.0 2.41166e+13 1e-08 4.3 -2.776e-03 -6.6660 18.6466 -11.5458 4.5397 -0.1777 1.515e-05 4.397e-02 6.0615 3.0202 3.648e-18 0.40000 -4.432e-02 4.432e-02 0.2222
0.4 0.226262626263 0 0 3e-08 -3249270000.0 2.41166e+13 1e-08 4.3 -2.872e-03 -6.6660 18.7317 -11.5458 4.7488 -0.1826 1.613e-05 4.600e-02 6.1466 3.2293 3.835e-18 0.40000 -4.639e-02 4.639e-02 0.2263
0.4 0.230303030303 0 0 3e-08 -3249270000.0 2.41166e+13 1e-08 4.3 -2.989e-03 -6.6660 18.8091 -11.5458 4.9424 -0.1868 1.705e-05 4.850e-02 6.2241 3.4399 4.008e-18 0.40000 -4.893e-02 4.893e-02 0.2303
0.4 0.234343434343 0 0 3e-08 -3249270000.0 2.41166e+13 1e-08 4.3 -3.128e-03 -6.6660 18.8802 -11.5458 5.1226 -0.1904 1.791e-05 5.145e-02 6.2951 3.6507 4.171e-18 0.40000 -5.193e-02 5.193e-02 0.2343
0.4 0.238383838384 0 0 3e-08 -3249270000.0 2.41166e+13 1e-08 4.3 -3.289e-03 -6.6660 18.9458 -11.5458 5.2914 -0.1934 1.873e-05 5.488e-02 6.3608 3.8603 4.324e-18 0.40000 -5.542e-02 5.542e-02 0.2384
0.4 0.242424242424 0 0 3e-08 -3249270000.0 2.41166e+13 1e-08 4.3 -3.473e-03 -6.6660 19.0069 -11.5458 5.4502 -0.1959 1.950e-05 5.880e-02 6.4218 4.0673 4.470e-18 0.40000 -5.941e-02 5.941e-02 0.2424
0.4 0.246464646465 0 0 3e-08 -3249270000.0 2.41166e+13 1e-08 4.3 -3.683e-03 -6.6660 19.0639 -11.5458 5.6002 -0.1981 2.024e-05 6.324e-02 6.4789 4.2707 4.607e-18 0.40000 -6.395e-02 6.395e-02 0.2465
0.4 0.250505050505 0 0 3e-08 -3249270000.0 2.41166e+13 1e-08 4.3 -3.919e-03 -6.6660 19.1175 -11.5458 5.7425 -0.1998 2.094e-05 6.824e-02 6.5324 4.4695 4.739e-18 0.40000 -6.907e-02 6.907e-02 0.2505
0.4 0.254545454545 0 0 3e-08 -3249270000.0 2.41166e+13 1e-08 4.3 -4.185e-03 -6.6660 19.1680 -11.5458 5.8779 -0.2013 2.161e-05 7.386e-02 6.5829 4.6627 4.864e-18 0.40000 -7.482e-02 7.482e-02 0.2545
0.4 0.258585858586 0 0 3e-08 -3249270000.0 2.41166e+13 1e-08 4.3 -4.483e-03 -6.6660 19.2157 -11.5458 6.0071 -0.2025 2.225e-05 8.015e-02 6.6307 4.8497 4.985e-18 0.40000 -8.127e-02 8.127e-02 0.2586
0.4 0.262626262626 0 0 3e-08 -3249270000.0 2.41166e+13 1e-08 4.3 -4.816e-03 -6.6660 19.2611 -11.5458 6.1307 -0.2035 2.287e-05 8.717e-02 6.6761 5.0299 5.100e-18 0.40000 -8.849e-02 8.849e-02 0.2626
0.4 0.266666666667 0 0 3e-08 -3249270000.0 2.41166e+13 1e-08 4.3 -5.189e-03 -6.6660 19.3043 -11.5458 6.2493 -0.2042 2.346e-05 9.500e-02 6.7193 5.2029 5.211e-18 0.40000 -9.656e-02 9.656e-02 0.2667
0.4 0.270707070707 0 0 3e-08 -3249270000.0 2.41166e+13 1e-08 4.3 -5.605e-03 -6.6660 19.3456 -11.5458 6.3634 -0.2047 2.403e-05 0.1037 6.7605 5.3684 5.318e-18 0.40000 -0.1056 0.1056 0.2707
0.4 0.274747474747 0 0 3e-08 -3249270000.0 2.41166e+13 1e-08 4.3 -6.068e-03 -6.6660 19.3851 -11.5458 6.4732 -0.2051 2.458e-05 0.1134 6.8000 5.5265 5.422e-18 0.40000 -0.1156 0.1156 0.2747
0.4 0.278787878788 0 0 3e-08 -3249270000.0 2.41166e+13 1e-08 4.3 -6.585e-03 -6.6660 19.4230 -11.5458 6.5792 -0.2053 2.512e-05 0.1242 6.8379 5.6771 5.522e-18 0.40000 -0.1268 0.1268 0.2788
0.4 0.282828282828 0 0 3e-08 -3249270000.0 2.41166e+13 1e-08 4.3 -7.161e-03 -6.6660 19.4594 -11.5458 6.6818 -0.2053 2.564e-05 0.1361 6.8743 5.8202 5.619e-18 0.40000 -0.1393 0.1393 0.2828
0.4 0.286868686869 0 0 3e-08 -3249270000.0 2.41166e+13 1e-08 4.3 -7.803e-03 -6.6660 19.4945 -11.5458 6.7811 -0.2052 2.614e-05 0.1494 6.9094 5.9562 5.713e-18 0.40000 -0.1532 0.1532 0.2869
0.4 0.290909090909 0 0 3e-08 -3249270000.0 2.41166e+13 1e-08 4.3 -8.518e-03 -6.6660 19.5283 -11.5458 6.8773 -0.2049 2.663e-05 0.1641 6.9433 6.0853 5.804e-18 0.40000 -0.1687 0.1687 0.2909
0.4 0.294949494949 0 0 3e-08 -3249270000.0 2.41166e+13 1e-08 4.3 -9.315e-03 -6.6660 19.5610 -11.5458 6.9708 -0.2046 2.711e-05 0.1804 6.9760 6.2078 5.893e-18 0.40000 -0.1859 0.1859 0.2949
0.4 0.29898989899 0 0 3e-08 -3249270000.0 2.41166e+13 1e-08 4.3 -1.020e-02 -6.6660 19.5927 -11.5458 7.0617 -0.2041 2.757e-05 0.1985 7.0076 6.3241 5.979e-18 0.40000 -0.2052 0.2052 0.2990
0.4 0.30303030303 0 0 3e-08 -3249270000.0 2.41166e+13 1e-08 4.3 -1.119e-02 -6.6660 19.6233 -11.5458 7.1501 -0.2035 2.802e-05 0.2185 7.0383 6.4345 6.063e-18 0.40000 -0.2266 0.2266 0.3030
0.4 0.307070707071 0 0 3e-08 -3249270000.0 2.41166e+13 1e-08 4.3 -1.230e-02 -6.6660 19.6531 -11.5458 7.2363 -0.2028 2.846e-05 0.2407 7.0680 6.5394 6.144e-18 0.40000 -0.2505 0.2505 0.3071
0.4 0.311111111111 0 0 3e-08 -3249270000.0 2.41166e+13 1e-08 4.3 -1.353e-02 -6.6660 19.6820 -11.5458 7.3203 -0.2021 2.889e-05 0.2652 7.0969 6.6393 6.224e-18 0.40000 -0.2772 0.2772 0.3111
0.4 0.315151515152 0 0 3e-08 -3249270000.0 2.41166e+13 1e-08 4.3 -1.490e-02 -6.6660 19.7100 -11.5458 7.4024 -0.2012 2.931e-05 0.2923 7.1250 6.7344 6.302e-18 0.40000 -0.3070 0.3070 0.3152
0.4 0.319191919192 0 0 3e-08 -3249270000.0 2.41166e+13 1e-08 4.3 -1.643e-02 -6.6660 19.7374 -11.5458 7.4825 -0.2003 2.972e-05 0.3222 7.1523 6.8252 6.377e-18 0.40000 -0.3402 0.3402 0.3192
0.4 0.323232323232 0 0 3e-08 -3249270000.0 2.41166e+13 1e-08 4.3 -1.814e-02 -6.6660 19.7640 -11.5458 7.5608 -0.1993 3.012e-05 0.3552 7.1789 6.9120 6.451e-18 0.40000 -0.3774 0.3774 0.3232
0.4 0.327272727273 0 0 3e-08 -3249270000.0 2.41166e+13 1e-08 4.3 -2.005e-02 -6.6660 19.7899 -11.5458 7.6374 -0.1982 3.051e-05 0.3916 7.2049 6.9952 6.523e-18 0.40000 -0.4189 0.4189 0.3273
0.4 0.331313131313 0 0 3e-08 -3249270000.0 2.41166e+13 1e-08 4.3 -2.219e-02 -6.6660 19.8152 -11.5458 7.7124 -0.1971 3.089e-05 0.4317 7.2302 7.0751 6.594e-18 0.40000 -0.4653 0.4653 0.3313
0.4 0.335353535354 0 0 3e-08 -3249270000.0 2.41166e+13 1e-08 4.3 -2.458e-02 -6.6660 19.8400 -11.5458 7.7859 -0.1959 3.126e-05 0.4758 7.2549 7.1520 6.664e-18 0.40000 -0.5174 0.5174 0.3354
0.4 0.339393939394 0 0 3e-08 -3249270000.0 2.41166e+13 1e-08 4.3 -2.725e-02 -6.6660 19.8641 -11.5458 7.8579 -0.1946 3.162e-05 0.5242 7.2791 7.2262 6.732e-18 0.40000 -0.5757 0.5757 0.3394
0.4 0.343434343434 0 0 3e-08 -3249270000.0 2.41166e+13 1e-08 4.3 -3.025e-02 -6.6660 19.8877 -11.5458 7.9285 -0.1932 3.197e-05 0.5773 7.3027 7.2979 6.800e-18 0.40000 -0.6412 0.6412 0.3434
0.4 0.347474747475 0 0 3e-08 -3249270000.0 2.41166e+13 1e-08 4.3 -3.361e-02 -6.6660 19.9108 -11.5458 7.9978 -0.1919 3.231e-05 0.6355 7.3258 7.3674 6.867e-18 0.40000 -0.7148 0.7148 0.3475
0.4 0.351515151515 0 0 3e-08 -3249270000.0 2.41166e+13 1e-08 4.3 -3.739e-02 -6.6660 19.9334 -11.5458 8.0659 -0.1904 3.263e-05 0.6990 7.3484 7.4349 6.933e-18 0.40000 -0.7977 0.7977 0.3515
0.4 0.355555555556 0 0 3e-08 -3249270000.0 2.41166e+13 1e-08 4.3 -4.164e-02 -6.6660 19.9556 -11.5458 8.1327 -0.1889 3.294e-05 0.7683 7.3705 7.5006 7.000e-18 0.40000 -0.8913 0.8913 0.3556
0.4 0.359595959596 0 0 3e-08 -3249270000.0 2.41166e+13 1e-08 4.3 -4.643e-02 -6.6660 19.9773 -11.5458 8.1984 -0.1874 3.323e-05 0.8437 7.3922 7.5646 7.068e-18 0.40000 -0.9971 0.9971 0.3596
0.4 0.363636363636 0 0 3e-08 -3249270000.0 2.41166e+13 1e-08 4.3 -5.183e-02 -6.6660 19.9985 -11.5458 8.2629 -0.1858 3.349e-05 0.9255 7.4135 7.6273 7.138e-18 0.40000 -1.1170 1.1170 0.3636
0.4 0.367676767677 0 0 3e-08 -3249270000.0 2.41166e+13 1e-08 4.3 -5.791e-02 -6.6660 20.0194 -11.5458 8.3264 -0.1842 3.372e-05 1.0142 7.4344 7.6886 7.211e-18 0.40000 -1.2530 1.2530 0.3677
0.4 0.371717171717 0 0 3e-08 -3249270000.0 2.41166e+13 1e-08 4.3 -6.476e-02 -6.6660 20.0399 -11.5458 8.3889 -0.1825 3.392e-05 1.1098 7.4548 7.7487 7.288e-18 0.40000 -1.4076 1.4076 0.3717
0.4 0.375757575758 0 0 3e-08 -3249270000.0 2.41166e+13 1e-08 4.3 -7.244e-02 -6.6660 20.0600 -11.5458 8.4504 -0.1808 3.407e-05 1.2127 7.4749 7.8078 7.371e-18 0.40000 -1.5830 1.5830 0.3758
0.4 0.379797979798 0 0 3e-08 -3249270000.0 2.41166e+13 1e-08 4.3 -8.102e-02 -6.6660 20.0798 -11.5458 8.5109 -0.1791 3.416e-05 1.3231 7.4947 7.8660 7.461e-18 0.40000 -1.7815 1.7815 0.3798
0.4 0.383838383838 0 0 3e-08 -3249270000.0 2.41166e+13 1e-08 4.3 -9.046e-02 -6.6660 20.0992 -11.5458 8.5706 -0.1773 3.418e-05 1.4411 7.5141 7.9233 7.562e-18 0.40000 -2.0041 2.0041 0.3838
0.4 0.387878787879 0 0 3e-08 -3249270000.0 2.41166e+13 1e-08 4.3 -0.1007 -6.6660 20.1182 -11.5458 8.6293 -0.1755 3.411e-05 1.5667 7.5332 7.9799 7.675e-18 0.40000 -2.2503 2.2503 0.3879
0.4 0.391919191919 0 0 3e-08 -3249270000.0 2.41166e+13 1e-08 4.3 -0.1114 -6.6660 20.1370 -11.5458 8.6872 -0.1736 3.394e-05 1.6999 7.5520 8.0358 7.800e-18 0.40000 -2.5165 2.5165 0.3919
0.4 0.39595959596 0 0 3e-08 -3249270000.0 2.41166e+13 1e-08 4.3 -0.1222 -6.6660 20.1555 -11.5458 8.7443 -0.1717 3.367e-05 1.8405 7.5704 8.0911 7.936e-18 0.40000 -2.7958 2.7958 0.3960
0.4 0.4 0 0 3e-08 -3249270000.0 2.41166e+13 1e-08 4.3 -0.1327 -6.6660 20.1736 -11.5458 8.8006 -0.1698 3.332e-05 1.9883 7.5886 8.1459 8.081e-18 0.40000 -3.0791 3.0791 0.4000
