vd vg vs vb l alpha1_p alpha11_p t_fe sweepvar vfes ids vfed qis vgs
0.5 0.0 0 0 3e-08 -84927000.0 611660000000.0 0.0 0.50000 0. 2.819e-09 0. 8.978e-06 -2.819e-12
0.5 0.0204081632653 0 0 3e-08 -84927000.0 611660000000.0 0.0 0.50000 0. 5.410e-09 0. 1.723e-05 2.041e-02
0.5 0.0408163265306 0 0 3e-08 -84927000.0 611660000000.0 0.0 0.50000 0. 1.038e-08 0. 3.305e-05 4.082e-02
0.5 0.0612244897959 0 0 3e-08 -84927000.0 611660000000.0 0.0 0.50000 0. 1.991e-08 0. 6.335e-05 6.122e-02
0.5 0.0816326530612 0 0 3e-08 -84927000.0 611660000000.0 0.0 0.50000 0. 3.815e-08 0. 1.213e-04 8.163e-02
0.5 0.102040816327 0 0 3e-08 -84927000.0 611660000000.0 0.0 0.50000 0. 7.298e-08 0. 2.315e-04 0.1020
0.5 0.122448979592 0 0 3e-08 -84927000.0 611660000000.0 0.0 0.50000 0. 1.392e-07 0. 4.398e-04 0.1224
0.5 0.142857142857 0 0 3e-08 -84927000.0 611660000000.0 0.0 0.50000 0. 2.640e-07 0. 8.281e-04 0.1429
0.5 0.163265306122 0 0 3e-08 -84927000.0 611660000000.0 0.0 0.50000 0. 4.956e-07 0. 1.535e-03 0.1633
0.5 0.183673469388 0 0 3e-08 -84927000.0 611660000000.0 0.0 0.50000 0. 9.146e-07 0. 2.771e-03 0.1837
0.5 0.204081632653 0 0 3e-08 -84927000.0 611660000000.0 0.0 0.50000 0. 1.643e-06 0. 4.811e-03 0.2041
0.5 0.224489795918 0 0 3e-08 -84927000.0 611660000000.0 0.0 0.50000 0. 2.845e-06 0. 7.929e-03 0.2245
0.5 0.244897959184 0 0 3e-08 -84927000.0 611660000000.0 0.0 0.50000 0. 4.705e-06 0. 1.231e-02 0.2449
0.5 0.265306122449 0 0 3e-08 -84927000.0 611660000000.0 0.0 0.50000 0. 7.402e-06 0. 1.802e-02 0.2653
0.5 0.285714285714 0 0 3e-08 -84927000.0 611660000000.0 0.0 0.50000 0. 1.108e-05 0. 2.498e-02 0.2857
0.5 0.30612244898 0 0 3e-08 -84927000.0 611660000000.0 0.0 0.50000 0. 1.586e-05 0. 3.310e-02 0.3061
0.5 0.326530612245 0 0 3e-08 -84927000.0 611660000000.0 0.0 0.50000 0. 2.178e-05 0. 4.224e-02 0.3265
0.5 0.34693877551 0 0 3e-08 -84927000.0 611660000000.0 0.0 0.50000 0. 2.886e-05 0. 5.229e-02 0.3469
0.5 0.367346938776 0 0 3e-08 -84927000.0 611660000000.0 0.0 0.50000 0. 3.711e-05 0. 6.315e-02 0.3673
0.5 0.387755102041 0 0 3e-08 -84927000.0 611660000000.0 0.0 0.50000 0. 4.648e-05 0. 7.474e-02 0.3878
0.5 0.408163265306 0 0 3e-08 -84927000.0 611660000000.0 0.0 0.50000 0. 5.690e-05 0. 8.698e-02 0.4082
0.5 0.428571428571 0 0 3e-08 -84927000.0 611660000000.0 0.0 0.50000 0. 6.832e-05 0. 9.982e-02 0.4286
0.5 0.448979591837 0 0 3e-08 -84927000.0 611660000000.0 0.0 0.50000 0. 8.064e-05 0. 0.1132 0.4490
0.5 0.469387755102 0 0 3e-08 -84927000.0 611660000000.0 0.0 0.50000 0. 9.377e-05 0. 0.1270 0.4694
0.5 0.489795918367 0 0 3e-08 -84927000.0 611660000000.0 0.0 0.50000 0. 1.076e-04 0. 0.1413 0.4898
0.5 0.510204081633 0 0 3e-08 -84927000.0 611660000000.0 0.0 0.50000 0. 1.221e-04 0. 0.1560 0.5102
0.5 0.530612244898 0 0 3e-08 -84927000.0 611660000000.0 0.0 0.50000 0. 1.371e-04 0. 0.1710 0.5306
0.5 0.551020408163 0 0 3e-08 -84927000.0 611660000000.0 0.0 0.50000 0. 1.526e-04 0. 0.1864 0.5510
0.5 0.571428571429 0 0 3e-08 -84927000.0 611660000000.0 0.0 0.50000 0. 1.684e-04 0. 0.2020 0.5714
0.5 0.591836734694 0 0 3e-08 -84927000.0 611660000000.0 0.0 0.50000 0. 1.845e-04 0. 0.2179 0.5918
0.5 0.612244897959 0 0 3e-08 -84927000.0 611660000000.0 0.0 0.50000 0. 2.008e-04 0. 0.2340 0.6122
0.5 0.632653061224 0 0 3e-08 -84927000.0 611660000000.0 0.0 0.50000 0. 2.173e-04 0. 0.2504 0.6327
0.5 0.65306122449 0 0 3e-08 -84927000.0 611660000000.0 0.0 0.50000 0. 2.339e-04 0. 0.2670 0.6531
0.5 0.673469387755 0 0 3e-08 -84927000.0 611660000000.0 0.0 0.50000 0. 2.505e-04 0. 0.2837 0.6735
0.5 0.69387755102 0 0 3e-08 -84927000.0 611660000000.0 0.0 0.50000 0. 2.671e-04 0. 0.3006 0.6939
0.5 0.714285714286 0 0 3e-08 -84927000.0 611660000000.0 0.0 0.50000 0. 2.837e-04 0. 0.3177 0.7143
0.5 0.734693877551 0 0 3e-08 -84927000.0 611660000000.0 0.0 0.50000 0. 3.001e-04 0. 0.3349 0.7347
0.5 0.755102040816 0 0 3e-08 -84927000.0 611660000000.0 0.0 0.50000 0. 3.164e-04 0. 0.3522 0.7551
0.5 0.775510204082 0 0 3e-08 -84927000.0 611660000000.0 0.0 0.50000 0. 3.325e-04 0. 0.3697 0.7755
0.5 0.795918367347 0 0 3e-08 -84927000.0 611660000000.0 0.0 0.50000 0. 3.484e-04 0. 0.3873 0.7959
0.5 0.816326530612 0 0 3e-08 -84927000.0 611660000000.0 0.0 0.50000 0. 3.640e-04 0. 0.4049 0.8163
0.5 0.836734693878 0 0 3e-08 -84927000.0 611660000000.0 0.0 0.50000 0. 3.793e-04 0. 0.4227 0.8367
0.5 0.857142857143 0 0 3e-08 -84927000.0 611660000000.0 0.0 0.50000 0. 3.944e-04 0. 0.4406 0.8571
0.5 0.877551020408 0 0 3e-08 -84927000.0 611660000000.0 0.0 0.50000 0. 4.091e-04 0. 0.4586 0.8776
0.5 0.897959183673 0 0 3e-08 -84927000.0 611660000000.0 0.0 0.50000 0. 4.235e-04 0. 0.4766 0.8980
0.5 0.918367346939 0 0 3e-08 -84927000.0 611660000000.0 0.0 0.50000 0. 4.375e-04 0. 0.4947 0.9184
0.5 0.938775510204 0 0 3e-08 -84927000.0 611660000000.0 0.0 0.50000 0. 4.512e-04 0. 0.5129 0.9388
0.5 0.959183673469 0 0 3e-08 -84927000.0 611660000000.0 0.0 0.50000 0. 4.645e-04 0. 0.5312 0.9592
0.5 0.979591836735 0 0 3e-08 -84927000.0 611660000000.0 0.0 0.50000 0. 4.774e-04 0. 0.5495 0.9796
0.5 1.0 0 0 3e-08 -84927000.0 611660000000.0 0.0 0.50000 0. 4.899e-04 0. 0.5679 1.0000
0.5 0.0 0 0 3e-08 -84927000.0 611660000000.0 1e-07 0.50000 -1.940e-04 2.836e-09 -1.908e-04 9.034e-06 -2.836e-12
0.5 0.0204081632653 0 0 3e-08 -84927000.0 611660000000.0 1e-07 0.50000 -1.973e-04 5.444e-09 -1.911e-04 1.734e-05 2.041e-02
0.5 0.0408163265306 0 0 3e-08 -84927000.0 611660000000.0 1e-07 0.50000 -2.035e-04 1.045e-08 -1.917e-04 3.326e-05 4.082e-02
0.5 0.0612244897959 0 0 3e-08 -84927000.0 611660000000.0 1e-07 0.50000 -2.154e-04 2.005e-08 -1.928e-04 6.378e-05 6.122e-02
0.5 0.0816326530612 0 0 3e-08 -84927000.0 611660000000.0 1e-07 0.50000 -2.383e-04 3.844e-08 -1.949e-04 1.222e-04 8.163e-02
0.5 0.102040816327 0 0 3e-08 -84927000.0 611660000000.0 1e-07 0.50000 -2.818e-04 7.366e-08 -1.989e-04 2.336e-04 0.1020
0.5 0.122448979592 0 0 3e-08 -84927000.0 611660000000.0 1e-07 0.50000 -3.644e-04 1.409e-07 -2.065e-04 4.448e-04 0.1224
0.5 0.142857142857 0 0 3e-08 -84927000.0 611660000000.0 1e-07 0.50000 -5.195e-04 2.685e-07 -2.207e-04 8.414e-04 0.1429
0.5 0.163265306122 0 0 3e-08 -84927000.0 611660000000.0 1e-07 0.50000 -8.051e-04 5.088e-07 -2.468e-04 1.572e-03 0.1633
0.5 0.183673469388 0 0 3e-08 -84927000.0 611660000000.0 1e-07 0.50000 -1.315e-03 9.536e-07 -2.932e-04 2.875e-03 0.1837
0.5 0.204081632653 0 0 3e-08 -84927000.0 611660000000.0 1e-07 0.50000 -2.179e-03 1.755e-06 -3.714e-04 5.088e-03 0.2041
0.5 0.224489795918 0 0 3e-08 -84927000.0 611660000000.0 1e-07 0.50000 -3.550e-03 3.143e-06 -4.941e-04 8.597e-03 0.2245
0.5 0.244897959184 0 0 3e-08 -84927000.0 611660000000.0 1e-07 0.50000 -5.552e-03 5.419e-06 -6.710e-04 1.373e-02 0.2449
0.5 0.265306122449 0 0 3e-08 -84927000.0 611660000000.0 1e-07 0.50000 -8.249e-03 8.924e-06 -9.050e-04 2.068e-02 0.2653
0.5 0.285714285714 0 0 3e-08 -84927000.0 611660000000.0 1e-07 0.50000 -1.163e-02 1.399e-05 -1.192e-03 2.946e-02 0.2857
0.5 0.30612244898 0 0 3e-08 -84927000.0 611660000000.0 1e-07 0.50000 -1.563e-02 2.089e-05 -1.524e-03 3.999e-02 0.3061
0.5 0.326530612245 0 0 3e-08 -84927000.0 611660000000.0 1e-07 0.50000 -2.013e-02 2.979e-05 -1.890e-03 5.212e-02 0.3265
0.5 0.34693877551 0 0 3e-08 -84927000.0 611660000000.0 1e-07 0.50000 -2.500e-02 4.073e-05 -2.280e-03 6.566e-02 0.3469
0.5 0.367346938776 0 0 3e-08 -84927000.0 611660000000.0 1e-07 0.50000 -3.005e-02 5.363e-05 -2.687e-03 8.041e-02 0.3673
0.5 0.387755102041 0 0 3e-08 -84927000.0 611660000000.0 1e-07 0.50000 -3.508e-02 6.823e-05 -3.113e-03 9.612e-02 0.3878
0.5 0.408163265306 0 0 3e-08 -84927000.0 611660000000.0 1e-07 0.50000 -3.988e-02 8.420e-05 -3.565e-03 0.1125 0.4082
0.5 0.428571428571 0 0 3e-08 -84927000.0 611660000000.0 1e-07 0.50000 -4.424e-02 1.011e-04 -4.057e-03 0.1294 0.4286
0.5 0.448979591837 0 0 3e-08 -84927000.0 611660000000.0 1e-07 0.50000 -4.797e-02 1.186e-04 -4.611e-03 0.1464 0.4490
0.5 0.469387755102 0 0 3e-08 -84927000.0 611660000000.0 1e-07 0.50000 -5.094e-02 1.363e-04 -5.251e-03 0.1634 0.4694
0.5 0.489795918367 0 0 3e-08 -84927000.0 611660000000.0 1e-07 0.50000 -5.304e-02 1.539e-04 -6.007e-03 0.1801 0.4898
0.5 0.510204081633 0 0 3e-08 -84927000.0 611660000000.0 1e-07 0.50000 -5.421e-02 1.710e-04 -6.908e-03 0.1966 0.5102
0.5 0.530612244898 0 0 3e-08 -84927000.0 611660000000.0 1e-07 0.50000 -5.444e-02 1.876e-04 -7.984e-03 0.2126 0.5306
0.5 0.551020408163 0 0 3e-08 -84927000.0 611660000000.0 1e-07 0.50000 -5.373e-02 2.035e-04 -9.266e-03 0.2281 0.5510
0.5 0.571428571429 0 0 3e-08 -84927000.0 611660000000.0 1e-07 0.50000 -5.211e-02 2.185e-04 -1.078e-02 0.2431 0.5714
0.5 0.591836734694 0 0 3e-08 -84927000.0 611660000000.0 1e-07 0.50000 -4.962e-02 2.326e-04 -1.255e-02 0.2575 0.5918
0.5 0.612244897959 0 0 3e-08 -84927000.0 611660000000.0 1e-07 0.50000 -4.631e-02 2.458e-04 -1.458e-02 0.2714 0.6122
0.5 0.632653061224 0 0 3e-08 -84927000.0 611660000000.0 1e-07 0.50000 -4.223e-02 2.580e-04 -1.690e-02 0.2848 0.6327
0.5 0.65306122449 0 0 3e-08 -84927000.0 611660000000.0 1e-07 0.50000 -3.743e-02 2.692e-04 -1.949e-02 0.2978 0.6531
0.5 0.673469387755 0 0 3e-08 -84927000.0 611660000000.0 1e-07 0.50000 -3.195e-02 2.793e-04 -2.234e-02 0.3102 0.6735
0.5 0.69387755102 0 0 3e-08 -84927000.0 611660000000.0 1e-07 0.50000 -2.586e-02 2.882e-04 -2.542e-02 0.3222 0.6939
0.5 0.714285714286 0 0 3e-08 -84927000.0 611660000000.0 1e-07 0.50000 -1.919e-02 2.961e-04 -2.870e-02 0.3338 0.7143
0.5 0.734693877551 0 0 3e-08 -84927000.0 611660000000.0 1e-07 0.50000 -1.198e-02 3.027e-04 -3.210e-02 0.3450 0.7347
0.5 0.755102040816 0 0 3e-08 -84927000.0 611660000000.0 1e-07 0.50000 -4.271e-03 3.082e-04 -3.557e-02 0.3559 0.7551
0.5 0.775510204082 0 0 3e-08 -84927000.0 611660000000.0 1e-07 0.50000 3.898e-03 3.125e-04 -3.900e-02 0.3663 0.7755
0.5 0.795918367347 0 0 3e-08 -84927000.0 611660000000.0 1e-07 0.50000 1.250e-02 3.158e-04 -4.231e-02 0.3765 0.7959
0.5 0.816326530612 0 0 3e-08 -84927000.0 611660000000.0 1e-07 0.50000 2.150e-02 3.179e-04 -4.539e-02 0.3863 0.8163
0.5 0.836734693878 0 0 3e-08 -84927000.0 611660000000.0 1e-07 0.50000 3.087e-02 3.190e-04 -4.815e-02 0.3959 0.8367
0.5 0.857142857143 0 0 3e-08 -84927000.0 611660000000.0 1e-07 0.50000 4.060e-02 3.192e-04 -5.049e-02 0.4051 0.8571
0.5 0.877551020408 0 0 3e-08 -84927000.0 611660000000.0 1e-07 0.50000 5.065e-02 3.186e-04 -5.235e-02 0.4141 0.8776
0.5 0.897959183673 0 0 3e-08 -84927000.0 611660000000.0 1e-07 0.50000 6.101e-02 3.173e-04 -5.365e-02 0.4229 0.8980
0.5 0.918367346939 0 0 3e-08 -84927000.0 611660000000.0 1e-07 0.50000 7.166e-02 3.154e-04 -5.435e-02 0.4315 0.9184
0.5 0.938775510204 0 0 3e-08 -84927000.0 611660000000.0 1e-07 0.50000 8.258e-02 3.130e-04 -5.442e-02 0.4398 0.9388
0.5 0.959183673469 0 0 3e-08 -84927000.0 611660000000.0 1e-07 0.50000 9.375e-02 3.101e-04 -5.385e-02 0.4479 0.9592
0.5 0.979591836735 0 0 3e-08 -84927000.0 611660000000.0 1e-07 0.50000 0.1052 3.069e-04 -5.261e-02 0.4558 0.9796
0.5 1.0 0 0 3e-08 -84927000.0 611660000000.0 1e-07 0.50000 0.1168 3.035e-04 -5.073e-02 0.4635 1.0000
0.5 0.0 0 0 3e-08 -84927000.0 611660000000.0 2e-07 0.50000 -3.881e-04 2.854e-09 -3.816e-04 9.090e-06 -2.854e-12
0.5 0.0204081632653 0 0 3e-08 -84927000.0 611660000000.0 2e-07 0.50000 -3.946e-04 5.479e-09 -3.822e-04 1.745e-05 2.041e-02
0.5 0.0408163265306 0 0 3e-08 -84927000.0 611660000000.0 2e-07 0.50000 -4.072e-04 1.052e-08 -3.834e-04 3.348e-05 4.082e-02
0.5 0.0612244897959 0 0 3e-08 -84927000.0 611660000000.0 2e-07 0.50000 -4.312e-04 2.019e-08 -3.856e-04 6.422e-05 6.122e-02
0.5 0.0816326530612 0 0 3e-08 -84927000.0 611660000000.0 2e-07 0.50000 -4.773e-04 3.874e-08 -3.898e-04 1.231e-04 8.163e-02
0.5 0.102040816327 0 0 3e-08 -84927000.0 611660000000.0 2e-07 0.50000 -5.653e-04 7.434e-08 -3.979e-04 2.357e-04 0.1020
0.5 0.122448979592 0 0 3e-08 -84927000.0 611660000000.0 2e-07 0.50000 -7.329e-04 1.426e-07 -4.131e-04 4.500e-04 0.1224
0.5 0.142857142857 0 0 3e-08 -84927000.0 611660000000.0 2e-07 0.50000 -1.050e-03 2.733e-07 -4.417e-04 8.552e-04 0.1429
0.5 0.163265306122 0 0 3e-08 -84927000.0 611660000000.0 2e-07 0.50000 -1.641e-03 5.229e-07 -4.943e-04 1.611e-03 0.1633
0.5 0.183673469388 0 0 3e-08 -84927000.0 611660000000.0 2e-07 0.50000 -2.719e-03 9.970e-07 -5.875e-04 2.990e-03 0.1837
0.5 0.204081632653 0 0 3e-08 -84927000.0 611660000000.0 2e-07 0.50000 -4.612e-03 1.888e-06 -7.430e-04 5.412e-03 0.2041
0.5 0.224489795918 0 0 3e-08 -84927000.0 611660000000.0 2e-07 0.50000 -7.757e-03 3.527e-06 -9.804e-04 9.439e-03 0.2245
0.5 0.244897959184 0 0 3e-08 -84927000.0 611660000000.0 2e-07 0.50000 -1.262e-02 6.433e-06 -1.301e-03 1.568e-02 0.2449
0.5 0.265306122449 0 0 3e-08 -84927000.0 611660000000.0 2e-07 0.50000 -1.956e-02 1.132e-05 -1.677e-03 2.465e-02 0.2653
0.5 0.285714285714 0 0 3e-08 -84927000.0 611660000000.0 2e-07 0.50000 -2.874e-02 1.901e-05 -2.053e-03 3.666e-02 0.2857
0.5 0.30612244898 0 0 3e-08 -84927000.0 611660000000.0 2e-07 0.50000 -4.003e-02 3.024e-05 -2.367e-03 5.178e-02 0.3061
0.5 0.326530612245 0 0 3e-08 -84927000.0 611660000000.0 2e-07 0.50000 -5.288e-02 4.537e-05 -2.583e-03 6.978e-02 0.3265
0.5 0.34693877551 0 0 3e-08 -84927000.0 611660000000.0 2e-07 0.50000 -6.633e-02 6.405e-05 -2.712e-03 8.998e-02 0.3469
0.5 0.367346938776 0 0 3e-08 -84927000.0 611660000000.0 2e-07 0.50000 -7.911e-02 8.518e-05 -2.806e-03 0.1113 0.3673
0.5 0.387755102041 0 0 3e-08 -84927000.0 611660000000.0 2e-07 0.50000 -9.008e-02 1.073e-04 -2.932e-03 0.1328 0.3878
0.5 0.408163265306 0 0 3e-08 -84927000.0 611660000000.0 2e-07 0.50000 -9.858e-02 1.290e-04 -3.153e-03 0.1534 0.4082
0.5 0.428571428571 0 0 3e-08 -84927000.0 611660000000.0 2e-07 0.50000 -0.1044 1.497e-04 -3.518e-03 0.1727 0.4286
0.5 0.448979591837 0 0 3e-08 -84927000.0 611660000000.0 2e-07 0.50000 -0.1078 1.690e-04 -4.080e-03 0.1907 0.4490
0.5 0.469387755102 0 0 3e-08 -84927000.0 611660000000.0 2e-07 0.50000 -0.1089 1.869e-04 -4.905e-03 0.2073 0.4694
0.5 0.489795918367 0 0 3e-08 -84927000.0 611660000000.0 2e-07 0.50000 -0.1082 2.032e-04 -6.079e-03 0.2227 0.4898
0.5 0.510204081633 0 0 3e-08 -84927000.0 611660000000.0 2e-07 0.50000 -0.1058 2.182e-04 -7.716e-03 0.2370 0.5102
0.5 0.530612244898 0 0 3e-08 -84927000.0 611660000000.0 2e-07 0.50000 -0.1020 2.320e-04 -9.952e-03 0.2503 0.5306
0.5 0.551020408163 0 0 3e-08 -84927000.0 611660000000.0 2e-07 0.50000 -9.695e-02 2.444e-04 -1.294e-02 0.2628 0.5510
0.5 0.571428571429 0 0 3e-08 -84927000.0 611660000000.0 2e-07 0.50000 -9.090e-02 2.556e-04 -1.684e-02 0.2745 0.5714
0.5 0.591836734694 0 0 3e-08 -84927000.0 611660000000.0 2e-07 0.50000 -8.395e-02 2.654e-04 -2.179e-02 0.2856 0.5918
0.5 0.612244897959 0 0 3e-08 -84927000.0 611660000000.0 2e-07 0.50000 -7.621e-02 2.739e-04 -2.790e-02 0.2961 0.6122
0.5 0.632653061224 0 0 3e-08 -84927000.0 611660000000.0 2e-07 0.50000 -6.777e-02 2.808e-04 -3.521e-02 0.3060 0.6327
0.5 0.65306122449 0 0 3e-08 -84927000.0 611660000000.0 2e-07 0.50000 -5.871e-02 2.859e-04 -4.366e-02 0.3155 0.6531
0.5 0.673469387755 0 0 3e-08 -84927000.0 611660000000.0 2e-07 0.50000 -4.910e-02 2.892e-04 -5.303e-02 0.3246 0.6735
0.5 0.69387755102 0 0 3e-08 -84927000.0 611660000000.0 2e-07 0.50000 -3.899e-02 2.905e-04 -6.296e-02 0.3333 0.6939
0.5 0.714285714286 0 0 3e-08 -84927000.0 611660000000.0 2e-07 0.50000 -2.844e-02 2.898e-04 -7.291e-02 0.3417 0.7143
0.5 0.734693877551 0 0 3e-08 -84927000.0 611660000000.0 2e-07 0.50000 -1.747e-02 2.874e-04 -8.230e-02 0.3497 0.7347
0.5 0.755102040816 0 0 3e-08 -84927000.0 611660000000.0 2e-07 0.50000 -6.142e-03 2.836e-04 -9.060e-02 0.3575 0.7551
0.5 0.775510204082 0 0 3e-08 -84927000.0 611660000000.0 2e-07 0.50000 5.530e-03 2.788e-04 -9.746e-02 0.3649 0.7755
0.5 0.795918367347 0 0 3e-08 -84927000.0 611660000000.0 2e-07 0.50000 1.751e-02 2.734e-04 -0.1027 0.3722 0.7959
0.5 0.816326530612 0 0 3e-08 -84927000.0 611660000000.0 2e-07 0.50000 2.978e-02 2.676e-04 -0.1063 0.3792 0.8163
0.5 0.836734693878 0 0 3e-08 -84927000.0 611660000000.0 2e-07 0.50000 4.232e-02 2.617e-04 -0.1084 0.3860 0.8367
0.5 0.857142857143 0 0 3e-08 -84927000.0 611660000000.0 2e-07 0.50000 5.510e-02 2.559e-04 -0.1089 0.3926 0.8571
0.5 0.877551020408 0 0 3e-08 -84927000.0 611660000000.0 2e-07 0.50000 6.812e-02 2.501e-04 -0.1082 0.3990 0.8776
0.5 0.897959183673 0 0 3e-08 -84927000.0 611660000000.0 2e-07 0.50000 8.134e-02 2.446e-04 -0.1063 0.4052 0.8980
0.5 0.918367346939 0 0 3e-08 -84927000.0 611660000000.0 2e-07 0.50000 9.477e-02 2.392e-04 -0.1033 0.4113 0.9184
0.5 0.938775510204 0 0 3e-08 -84927000.0 611660000000.0 2e-07 0.50000 0.1084 2.340e-04 -9.934e-02 0.4172 0.9388
0.5 0.959183673469 0 0 3e-08 -84927000.0 611660000000.0 2e-07 0.50000 0.1222 2.290e-04 -9.452e-02 0.4230 0.9592
0.5 0.979591836735 0 0 3e-08 -84927000.0 611660000000.0 2e-07 0.50000 0.1361 2.243e-04 -8.892e-02 0.4286 0.9796
0.5 1.0 0 0 3e-08 -84927000.0 611660000000.0 2e-07 0.50000 0.1502 2.198e-04 -8.261e-02 0.4341 1.0000
0.5 0.0 0 0 3e-08 -84927000.0 611660000000.0 3e-07 0.50000 -5.822e-04 2.872e-09 -5.725e-04 9.147e-06 -2.872e-12
0.5 0.0204081632653 0 0 3e-08 -84927000.0 611660000000.0 3e-07 0.50000 -5.921e-04 5.513e-09 -5.734e-04 1.756e-05 2.041e-02
0.5 0.0408163265306 0 0 3e-08 -84927000.0 611660000000.0 3e-07 0.50000 -6.110e-04 1.059e-08 -5.751e-04 3.370e-05 4.082e-02
0.5 0.0612244897959 0 0 3e-08 -84927000.0 611660000000.0 3e-07 0.50000 -6.473e-04 2.033e-08 -5.784e-04 6.467e-05 6.122e-02
0.5 0.0816326530612 0 0 3e-08 -84927000.0 611660000000.0 3e-07 0.50000 -7.170e-04 3.904e-08 -5.848e-04 1.240e-04 8.163e-02
0.5 0.102040816327 0 0 3e-08 -84927000.0 611660000000.0 3e-07 0.50000 -8.504e-04 7.504e-08 -5.970e-04 2.378e-04 0.1020
0.5 0.122448979592 0 0 3e-08 -84927000.0 611660000000.0 3e-07 0.50000 -1.106e-03 1.444e-07 -6.200e-04 4.553e-04 0.1224
0.5 0.142857142857 0 0 3e-08 -84927000.0 611660000000.0 3e-07 0.50000 -1.591e-03 2.782e-07 -6.632e-04 8.695e-04 0.1429
0.5 0.163265306122 0 0 3e-08 -84927000.0 611660000000.0 3e-07 0.50000 -2.511e-03 5.379e-07 -7.425e-04 1.653e-03 0.1633
0.5 0.183673469388 0 0 3e-08 -84927000.0 611660000000.0 3e-07 0.50000 -4.229e-03 1.046e-06 -8.827e-04 3.118e-03 0.1837
0.5 0.204081632653 0 0 3e-08 -84927000.0 611660000000.0 3e-07 0.50000 -7.373e-03 2.048e-06 -1.114e-03 5.800e-03 0.2041
0.5 0.224489795918 0 0 3e-08 -84927000.0 611660000000.0 3e-07 0.50000 -1.294e-02 4.047e-06 -1.451e-03 1.055e-02 0.2245
0.5 0.244897959184 0 0 3e-08 -84927000.0 611660000000.0 3e-07 0.50000 -2.233e-02 8.030e-06 -1.851e-03 1.860e-02 0.2449
0.5 0.265306122449 0 0 3e-08 -84927000.0 611660000000.0 3e-07 0.50000 -3.725e-02 1.578e-05 -2.176e-03 3.151e-02 0.2653
0.5 0.285714285714 0 0 3e-08 -84927000.0 611660000000.0 3e-07 0.50000 -5.917e-02 3.003e-05 -2.245e-03 5.100e-02 0.2857
0.5 0.30612244898 0 0 3e-08 -84927000.0 611660000000.0 3e-07 0.50000 -8.748e-02 5.318e-05 -2.017e-03 7.774e-02 0.3061
0.5 0.326530612245 0 0 3e-08 -84927000.0 611660000000.0 3e-07 0.50000 -0.1164 8.323e-05 -1.714e-03 0.1087 0.3265
0.5 0.34693877551 0 0 3e-08 -84927000.0 611660000000.0 3e-07 0.50000 -0.1386 1.136e-04 -1.543e-03 0.1380 0.3469
0.5 0.367346938776 0 0 3e-08 -84927000.0 611660000000.0 3e-07 0.50000 -0.1526 1.402e-04 -1.520e-03 0.1629 0.3673
0.5 0.387755102041 0 0 3e-08 -84927000.0 611660000000.0 3e-07 0.50000 -0.1601 1.628e-04 -1.618e-03 0.1839 0.3878
0.5 0.408163265306 0 0 3e-08 -84927000.0 611660000000.0 3e-07 0.50000 -0.1632 1.822e-04 -1.833e-03 0.2018 0.4082
0.5 0.428571428571 0 0 3e-08 -84927000.0 611660000000.0 3e-07 0.50000 -0.1630 1.993e-04 -2.195e-03 0.2175 0.4286
0.5 0.448979591837 0 0 3e-08 -84927000.0 611660000000.0 3e-07 0.50000 -0.1603 2.145e-04 -2.763e-03 0.2316 0.4490
0.5 0.469387755102 0 0 3e-08 -84927000.0 611660000000.0 3e-07 0.50000 -0.1558 2.282e-04 -3.638e-03 0.2443 0.4694
0.5 0.489795918367 0 0 3e-08 -84927000.0 611660000000.0 3e-07 0.50000 -0.1498 2.405e-04 -4.980e-03 0.2559 0.4898
0.5 0.510204081633 0 0 3e-08 -84927000.0 611660000000.0 3e-07 0.50000 -0.1426 2.518e-04 -7.035e-03 0.2667 0.5102
0.5 0.530612244898 0 0 3e-08 -84927000.0 611660000000.0 3e-07 0.50000 -0.1344 2.620e-04 -1.016e-02 0.2767 0.5306
0.5 0.551020408163 0 0 3e-08 -84927000.0 611660000000.0 3e-07 0.50000 -0.1254 2.710e-04 -1.486e-02 0.2861 0.5510
0.5 0.571428571429 0 0 3e-08 -84927000.0 611660000000.0 3e-07 0.50000 -0.1157 2.789e-04 -2.180e-02 0.2949 0.5714
0.5 0.591836734694 0 0 3e-08 -84927000.0 611660000000.0 3e-07 0.50000 -0.1053 2.851e-04 -3.180e-02 0.3033 0.5918
0.5 0.612244897959 0 0 3e-08 -84927000.0 611660000000.0 3e-07 0.50000 -9.440e-02 2.892e-04 -4.572e-02 0.3112 0.6122
0.5 0.632653061224 0 0 3e-08 -84927000.0 611660000000.0 3e-07 0.50000 -8.303e-02 2.902e-04 -6.416e-02 0.3188 0.6327
0.5 0.65306122449 0 0 3e-08 -84927000.0 611660000000.0 3e-07 0.50000 -7.122e-02 2.870e-04 -8.650e-02 0.3261 0.6531
0.5 0.673469387755 0 0 3e-08 -84927000.0 611660000000.0 3e-07 0.50000 -5.904e-02 2.794e-04 -0.1098 0.3330 0.6735
0.5 0.69387755102 0 0 3e-08 -84927000.0 611660000000.0 3e-07 0.50000 -4.652e-02 2.689e-04 -0.1299 0.3397 0.6939
0.5 0.714285714286 0 0 3e-08 -84927000.0 611660000000.0 3e-07 0.50000 -3.368e-02 2.577e-04 -0.1448 0.3461 0.7143
0.5 0.734693877551 0 0 3e-08 -84927000.0 611660000000.0 3e-07 0.50000 -2.056e-02 2.471e-04 -0.1545 0.3523 0.7347
0.5 0.755102040816 0 0 3e-08 -84927000.0 611660000000.0 3e-07 0.50000 -7.185e-03 2.375e-04 -0.1603 0.3583 0.7551
0.5 0.775510204082 0 0 3e-08 -84927000.0 611660000000.0 3e-07 0.50000 6.433e-03 2.289e-04 -0.1630 0.3642 0.7755
0.5 0.795918367347 0 0 3e-08 -84927000.0 611660000000.0 3e-07 0.50000 2.027e-02 2.211e-04 -0.1633 0.3698 0.7959
0.5 0.816326530612 0 0 3e-08 -84927000.0 611660000000.0 3e-07 0.50000 3.431e-02 2.140e-04 -0.1617 0.3753 0.8163
0.5 0.836734693878 0 0 3e-08 -84927000.0 611660000000.0 3e-07 0.50000 4.854e-02 2.075e-04 -0.1586 0.3806 0.8367
0.5 0.857142857143 0 0 3e-08 -84927000.0 611660000000.0 3e-07 0.50000 6.295e-02 2.015e-04 -0.1541 0.3858 0.8571
0.5 0.877551020408 0 0 3e-08 -84927000.0 611660000000.0 3e-07 0.50000 7.752e-02 1.960e-04 -0.1486 0.3908 0.8776
0.5 0.897959183673 0 0 3e-08 -84927000.0 611660000000.0 3e-07 0.50000 9.225e-02 1.910e-04 -0.1422 0.3957 0.8980
0.5 0.918367346939 0 0 3e-08 -84927000.0 611660000000.0 3e-07 0.50000 0.1071 1.863e-04 -0.1350 0.4005 0.9184
0.5 0.938775510204 0 0 3e-08 -84927000.0 611660000000.0 3e-07 0.50000 0.1221 1.819e-04 -0.1270 0.4052 0.9388
0.5 0.959183673469 0 0 3e-08 -84927000.0 611660000000.0 3e-07 0.50000 0.1373 1.778e-04 -0.1185 0.4098 0.9592
0.5 0.979591836735 0 0 3e-08 -84927000.0 611660000000.0 3e-07 0.50000 0.1525 1.739e-04 -0.1093 0.4143 0.9796
0.5 1.0 0 0 3e-08 -84927000.0 611660000000.0 3e-07 0.50000 0.1679 1.703e-04 -9.973e-02 0.4187 1.0000
