idsperum vfed vg qms vfes ids vgs_out vgs_noswap sweepvar qm qmd
1.845e-11 -3.803e-04 -9.958e-02 -8.627e-07 -3.812e-04 1.698e-12 -1.685e-15 3.812e-04 0. 1.095e-05 -1.477e-10
1.845e-11 -3.803e-04 -0.1000 -8.627e-07 -3.812e-04 1.698e-12 -1.699e-15 3.812e-04 1.0000e-10 1.095e-05 -1.477e-10
1.845e-11 -3.803e-04 -0.1000 -8.627e-07 -3.812e-04 1.698e-12 -1.699e-15 3.812e-04 2.0000e-10 1.095e-05 -1.477e-10
1.845e-11 -3.803e-04 -0.1000 -8.627e-07 -3.812e-04 1.698e-12 -1.706e-15 3.812e-04 3.0000e-10 1.095e-05 -1.477e-10
1.845e-11 -3.803e-04 -0.1000 -8.627e-07 -3.812e-04 1.698e-12 -1.713e-15 3.812e-04 4.0000e-10 1.095e-05 -1.477e-10
1.845e-11 -3.803e-04 -0.1000 -8.627e-07 -3.812e-04 1.698e-12 -1.709e-15 3.812e-04 5.0000e-10 1.095e-05 -1.477e-10
1.845e-11 -3.803e-04 -0.1000 -8.627e-07 -3.812e-04 1.698e-12 -1.706e-15 3.812e-04 6.0000e-10 1.095e-05 -1.477e-10
1.845e-11 -3.803e-04 -0.1000 -8.627e-07 -3.812e-04 1.698e-12 -1.703e-15 3.812e-04 7.0000e-10 1.095e-05 -1.477e-10
1.845e-11 -3.803e-04 -0.1000 -8.627e-07 -3.812e-04 1.698e-12 -1.699e-15 3.812e-04 8.0000e-10 1.095e-05 -1.477e-10
1.845e-11 -3.803e-04 -0.1000 -8.627e-07 -3.812e-04 1.698e-12 -1.694e-15 3.812e-04 9.0000e-10 1.095e-05 -1.477e-10
1.845e-11 -3.803e-04 -0.1000 -8.627e-07 -3.812e-04 1.698e-12 -1.690e-15 3.812e-04 1.0000e-09 1.095e-05 -1.477e-10
1.845e-11 -3.803e-04 -0.1000 -8.627e-07 -3.812e-04 1.698e-12 -1.685e-15 3.812e-04 1.1000e-09 1.095e-05 -1.477e-10
1.845e-11 -3.803e-04 -0.1000 -8.627e-07 -3.812e-04 1.698e-12 -1.681e-15 3.812e-04 1.2000e-09 1.095e-05 -1.477e-10
1.845e-11 -3.803e-04 -0.1000 -8.627e-07 -3.812e-04 1.698e-12 -1.676e-15 3.812e-04 1.3000e-09 1.095e-05 -1.477e-10
1.845e-11 -3.803e-04 -0.1000 -8.627e-07 -3.812e-04 1.698e-12 -1.671e-15 3.812e-04 1.4000e-09 1.095e-05 -1.477e-10
1.845e-11 -3.803e-04 -0.1000 -8.627e-07 -3.812e-04 1.698e-12 -1.676e-15 3.812e-04 1.5000e-09 1.095e-05 -1.477e-10
1.845e-11 -3.803e-04 -0.1000 -8.627e-07 -3.812e-04 1.698e-12 -1.681e-15 3.812e-04 1.6000e-09 1.095e-05 -1.477e-10
1.845e-11 -3.803e-04 -0.1000 -8.627e-07 -3.812e-04 1.698e-12 -1.685e-15 3.812e-04 1.7000e-09 1.095e-05 -1.477e-10
1.845e-11 -3.803e-04 -0.1000 -8.627e-07 -3.812e-04 1.698e-12 -1.690e-15 3.812e-04 1.8000e-09 1.095e-05 -1.477e-10
1.845e-11 -3.803e-04 -0.1000 -8.627e-07 -3.812e-04 1.698e-12 -1.694e-15 3.812e-04 1.9000e-09 1.095e-05 -1.477e-10
1.845e-11 -3.803e-04 -0.1000 -8.627e-07 -3.812e-04 1.698e-12 -1.699e-15 3.812e-04 2.0000e-09 1.095e-05 -1.477e-10
4.539e-11 -3.803e-04 -8.000e-02 -2.122e-06 -3.812e-04 4.176e-12 2.500e-02 2.538e-02 2.1000e-09 1.190e-05 -3.634e-10
1.118e-10 -3.803e-04 -6.000e-02 -5.227e-06 -3.813e-04 1.029e-11 5.000e-02 5.038e-02 2.2000e-09 1.377e-05 -8.951e-10
2.750e-10 -3.803e-04 -4.000e-02 -1.286e-05 -3.814e-04 2.530e-11 7.500e-02 7.538e-02 2.3000e-09 1.790e-05 -2.201e-09
6.762e-10 -3.803e-04 -2.000e-02 -3.161e-05 -3.817e-04 6.221e-11 0.1000 0.1004 2.4000e-09 2.758e-05 -5.414e-09
1.726e-09 -3.803e-04 0. -8.068e-05 -3.824e-04 1.588e-10 0.1250 0.1254 2.5000e-09 5.241e-05 -1.382e-08
4.125e-09 -3.803e-04 2.000e-02 -1.927e-04 -3.840e-04 3.795e-10 0.1500 0.1504 2.6000e-09 1.087e-04 -3.303e-08
1.039e-08 -3.803e-04 4.000e-02 -4.848e-04 -3.881e-04 9.559e-10 0.1750 0.1754 2.7000e-09 2.551e-04 -8.322e-08
2.492e-08 -3.803e-04 6.000e-02 -1.160e-03 -3.976e-04 2.293e-09 0.2000 0.2004 2.8000e-09 5.932e-04 -1.997e-07
6.210e-08 -3.803e-04 8.000e-02 -2.872e-03 -4.225e-04 5.713e-09 0.2250 0.2254 2.9000e-09 1.451e-03 -4.980e-07
1.485e-07 -3.804e-04 0.1000 -6.787e-03 -4.823e-04 1.366e-08 0.2500 0.2505 3.0000e-09 3.416e-03 -1.192e-06
3.609e-07 -3.805e-04 0.1200 -1.607e-02 -6.376e-04 3.320e-08 0.2750 0.2756 3.1000e-09 8.098e-03 -2.896e-06
8.883e-07 -3.809e-04 0.1400 -3.758e-02 -1.047e-03 8.172e-08 0.3000 0.3010 3.2000e-09 1.906e-02 -7.058e-06
2.027e-06 -3.817e-04 0.1600 -7.948e-02 -1.966e-03 1.865e-07 0.3250 0.3270 3.3000e-09 4.083e-02 -1.567e-05
4.475e-06 -3.832e-04 0.1800 -0.1569 -3.935e-03 4.117e-07 0.3500 0.3539 3.4000e-09 8.225e-02 -3.263e-05
9.520e-06 -3.859e-04 0.2000 -0.2881 -7.770e-03 8.758e-07 0.3750 0.3828 3.5000e-09 0.1552 -6.330e-05
1.951e-05 -3.906e-04 0.2200 -0.4947 -1.458e-02 1.795e-06 0.4000 0.4146 3.6000e-09 0.2754 -1.156e-04
4.384e-05 -4.017e-04 0.2400 -0.8457 -2.755e-02 4.033e-06 0.4250 0.4526 3.7000e-09 0.4910 -2.406e-04
7.449e-05 -4.158e-04 0.2600 -1.2559 -4.307e-02 6.853e-06 0.4500 0.4931 3.8000e-09 0.7462 -3.987e-04
1.266e-04 -4.494e-04 0.2800 -1.8175 -6.520e-02 1.165e-05 0.4747 0.5399 3.9000e-09 1.1047 -7.750e-04
2.153e-04 -5.606e-04 0.3000 -2.6071 -9.581e-02 1.981e-05 0.5000 0.5958 4.0000e-09 1.6187 -2.022e-03
2.974e-04 -7.958e-04 0.3000 -3.2616 -0.1377 2.736e-05 0.5000 0.6377 4.1000e-09 2.0490 -4.659e-03
3.501e-04 -1.078e-03 0.3001 -3.6616 -0.1620 3.221e-05 0.5000 0.6619 4.2000e-09 2.3134 -7.821e-03
3.810e-04 -1.312e-03 0.3000 -3.8907 -0.1756 3.505e-05 0.4999 0.6754 4.3000e-09 2.4652 -1.045e-02
3.975e-04 -1.470e-03 0.3000 -4.0120 -0.1825 3.657e-05 0.5000 0.6825 4.4000e-09 2.5457 -1.222e-02
4.053e-04 -1.553e-03 0.3000 -4.0693 -0.1858 3.729e-05 0.5000 0.6858 4.5000e-09 2.5837 -1.315e-02
4.092e-04 -1.596e-03 0.3000 -4.0975 -0.1874 3.764e-05 0.5000 0.6874 4.6000e-09 2.6024 -1.364e-02
4.110e-04 -1.618e-03 0.3000 -4.1111 -0.1882 3.782e-05 0.5000 0.6882 4.7000e-09 2.6115 -1.388e-02
4.120e-04 -1.629e-03 0.3000 -4.1179 -0.1886 3.790e-05 0.5000 0.6886 4.8000e-09 2.6160 -1.400e-02
4.124e-04 -1.634e-03 0.3000 -4.1212 -0.1888 3.794e-05 0.5000 0.6888 4.9000e-09 2.6182 -1.406e-02
4.126e-04 -1.637e-03 0.3000 -4.1229 -0.1889 3.796e-05 0.5000 0.6889 5.0000e-09 2.6193 -1.409e-02
4.128e-04 -1.638e-03 0.3000 -4.1237 -0.1889 3.797e-05 0.5000 0.6889 5.1000e-09 2.6199 -1.411e-02
4.128e-04 -1.639e-03 0.3000 -4.1241 -0.1890 3.798e-05 0.5000 0.6890 5.2000e-09 2.6201 -1.411e-02
4.128e-04 -1.639e-03 0.3000 -4.1243 -0.1890 3.798e-05 0.5000 0.6890 5.3000e-09 2.6203 -1.412e-02
4.129e-04 -1.639e-03 0.3000 -4.1244 -0.1890 3.798e-05 0.5000 0.6890 5.4000e-09 2.6203 -1.412e-02
4.129e-04 -1.639e-03 0.3000 -4.1244 -0.1890 3.798e-05 0.5000 0.6890 5.5000e-09 2.6204 -1.412e-02
4.129e-04 -1.639e-03 0.3000 -4.1245 -0.1890 3.798e-05 0.5000 0.6890 5.6000e-09 2.6204 -1.412e-02
4.129e-04 -1.639e-03 0.3000 -4.1245 -0.1890 3.798e-05 0.5000 0.6890 5.7000e-09 2.6204 -1.412e-02
4.129e-04 -1.639e-03 0.3000 -4.1245 -0.1890 3.798e-05 0.5000 0.6890 5.8000e-09 2.6204 -1.412e-02
4.129e-04 -1.639e-03 0.3000 -4.1245 -0.1890 3.798e-05 0.5000 0.6890 5.9000e-09 2.6204 -1.412e-02
4.129e-04 -1.639e-03 0.3000 -4.1245 -0.1890 3.798e-05 0.5000 0.6890 6.0000e-09 2.6204 -1.412e-02
4.129e-04 -1.639e-03 0.3000 -4.1245 -0.1890 3.798e-05 0.5000 0.6890 6.1000e-09 2.6204 -1.412e-02
4.129e-04 -1.639e-03 0.3000 -4.1245 -0.1890 3.798e-05 0.5000 0.6890 6.2000e-09 2.6204 -1.412e-02
4.129e-04 -1.639e-03 0.3000 -4.1245 -0.1890 3.798e-05 0.5000 0.6890 6.3000e-09 2.6204 -1.412e-02
4.129e-04 -1.639e-03 0.3000 -4.1245 -0.1890 3.798e-05 0.5000 0.6890 6.4000e-09 2.6204 -1.412e-02
4.129e-04 -1.639e-03 0.3000 -4.1245 -0.1890 3.798e-05 0.5000 0.6890 6.5000e-09 2.6204 -1.412e-02
4.129e-04 -1.639e-03 0.3000 -4.1245 -0.1890 3.798e-05 0.5000 0.6890 6.6000e-09 2.6204 -1.412e-02
4.129e-04 -1.639e-03 0.3000 -4.1245 -0.1890 3.798e-05 0.5000 0.6890 6.7000e-09 2.6204 -1.412e-02
4.129e-04 -1.639e-03 0.3000 -4.1245 -0.1890 3.798e-05 0.5000 0.6890 6.8000e-09 2.6204 -1.412e-02
4.129e-04 -1.639e-03 0.3000 -4.1245 -0.1890 3.798e-05 0.5000 0.6890 6.9000e-09 2.6204 -1.412e-02
4.129e-04 -1.639e-03 0.3000 -4.1245 -0.1890 3.798e-05 0.5000 0.6890 7.0000e-09 2.6204 -1.412e-02
4.129e-04 -1.639e-03 0.3000 -4.1245 -0.1890 3.798e-05 0.5000 0.6890 7.1000e-09 2.6204 -1.412e-02
4.129e-04 -1.639e-03 0.3000 -4.1245 -0.1890 3.798e-05 0.5000 0.6890 7.2000e-09 2.6204 -1.412e-02
4.129e-04 -1.639e-03 0.3000 -4.1245 -0.1890 3.798e-05 0.5000 0.6890 7.3000e-09 2.6204 -1.412e-02
4.129e-04 -1.639e-03 0.3000 -4.1245 -0.1890 3.798e-05 0.5000 0.6890 7.4000e-09 2.6204 -1.412e-02
4.129e-04 -1.639e-03 0.3000 -4.1245 -0.1890 3.798e-05 0.5000 0.6890 7.5000e-09 2.6204 -1.412e-02
4.129e-04 -1.639e-03 0.3000 -4.1245 -0.1890 3.798e-05 0.5000 0.6890 7.6000e-09 2.6204 -1.412e-02
4.129e-04 -1.639e-03 0.3000 -4.1245 -0.1890 3.798e-05 0.5000 0.6890 7.7000e-09 2.6204 -1.412e-02
4.129e-04 -1.639e-03 0.3000 -4.1245 -0.1890 3.798e-05 0.5000 0.6890 7.8000e-09 2.6204 -1.412e-02
4.129e-04 -1.639e-03 0.3000 -4.1245 -0.1890 3.798e-05 0.5000 0.6890 7.9000e-09 2.6204 -1.412e-02
4.129e-04 -1.639e-03 0.3000 -4.1245 -0.1890 3.798e-05 0.5000 0.6890 8.0000e-09 2.6204 -1.412e-02
3.811e-04 -1.313e-03 0.2800 -3.8920 -0.2005 3.506e-05 0.4750 0.6755 8.1000e-09 2.4660 -1.046e-02
3.106e-04 -8.535e-04 0.2600 -3.3630 -0.1939 2.858e-05 0.4500 0.6439 8.2000e-09 2.1159 -5.307e-03
2.180e-04 -5.698e-04 0.2400 -2.6270 -0.1719 2.005e-05 0.4250 0.5970 8.3000e-09 1.6319 -2.125e-03
1.174e-04 -4.430e-04 0.2200 -1.7243 -0.1325 1.080e-05 0.4000 0.5325 8.4000e-09 1.0448 -7.036e-04
3.806e-05 -3.985e-04 0.2000 -0.8026 -7.630e-02 3.502e-06 0.3750 0.4513 8.5000e-09 0.4612 -2.046e-04
7.036e-06 -3.847e-04 0.1800 -0.2299 -2.266e-02 6.473e-07 0.3500 0.3727 8.6000e-09 0.1222 -4.925e-05
2.216e-06 -3.818e-04 0.1600 -8.692e-02 -6.967e-03 2.039e-07 0.3250 0.3320 8.7000e-09 4.464e-02 -1.715e-05
8.885e-07 -3.809e-04 0.1400 -3.787e-02 -3.212e-03 8.175e-08 0.3000 0.3032 8.8000e-09 1.919e-02 -7.080e-06
3.610e-07 -3.805e-04 0.1200 -1.612e-02 -1.585e-03 3.322e-08 0.2750 0.2766 8.9000e-09 8.117e-03 -2.899e-06
1.474e-07 -3.804e-04 0.1000 -6.743e-03 -8.871e-04 1.356e-08 0.2500 0.2509 9.0000e-09 3.393e-03 -1.184e-06
6.093e-08 -3.803e-04 8.000e-02 -2.820e-03 -5.934e-04 5.605e-09 0.2250 0.2256 9.1000e-09 1.425e-03 -4.886e-07
2.492e-08 -3.803e-04 6.000e-02 -1.160e-03 -4.688e-04 2.292e-09 0.2000 0.2005 9.2000e-09 5.931e-04 -1.996e-07
1.006e-08 -3.803e-04 4.000e-02 -4.695e-04 -4.168e-04 9.256e-10 0.1750 0.1754 9.3000e-09 2.475e-04 -8.057e-08
4.086e-09 -3.803e-04 2.000e-02 -1.909e-04 -3.958e-04 3.759e-10 0.1500 0.1504 9.4000e-09 1.078e-04 -3.272e-08
1.681e-09 -3.803e-04 0. -7.855e-05 -3.873e-04 1.546e-10 0.1250 0.1254 9.5000e-09 5.135e-05 -1.346e-08
6.843e-10 -3.803e-04 -2.000e-02 -3.199e-05 -3.837e-04 6.295e-11 0.1000 0.1004 9.6000e-09 2.776e-05 -5.478e-09
2.751e-10 -3.803e-04 -4.000e-02 -1.286e-05 -3.823e-04 2.531e-11 7.500e-02 7.538e-02 9.7000e-09 1.790e-05 -2.202e-09
1.126e-10 -3.803e-04 -6.000e-02 -5.266e-06 -3.817e-04 1.036e-11 5.000e-02 5.038e-02 9.8000e-09 1.379e-05 -9.018e-10
4.621e-11 -3.803e-04 -8.000e-02 -2.160e-06 -3.814e-04 4.251e-12 2.500e-02 2.538e-02 9.9000e-09 1.192e-05 -3.699e-10
1.845e-11 -3.803e-04 -0.1000 -8.627e-07 -3.813e-04 1.698e-12 2.637e-12 3.813e-04 1.0000e-08 1.095e-05 -1.477e-10
1.845e-11 -3.803e-04 -0.1000 -8.627e-07 -3.812e-04 1.698e-12 -1.699e-15 3.812e-04 1.0100e-08 1.095e-05 -1.477e-10
1.845e-11 -3.803e-04 -0.1000 -8.627e-07 -3.812e-04 1.698e-12 -1.699e-15 3.812e-04 1.0200e-08 1.095e-05 -1.477e-10
1.845e-11 -3.803e-04 -0.1000 -8.627e-07 -3.812e-04 1.698e-12 -1.692e-15 3.812e-04 1.0300e-08 1.095e-05 -1.477e-10
1.845e-11 -3.803e-04 -0.1000 -8.627e-07 -3.812e-04 1.698e-12 -1.685e-15 3.812e-04 1.0400e-08 1.095e-05 -1.477e-10
1.845e-11 -3.803e-04 -0.1000 -8.627e-07 -3.812e-04 1.698e-12 -1.692e-15 3.812e-04 1.0500e-08 1.095e-05 -1.477e-10
1.845e-11 -3.803e-04 -0.1000 -8.627e-07 -3.812e-04 1.698e-12 -1.699e-15 3.812e-04 1.0600e-08 1.095e-05 -1.477e-10
1.845e-11 -3.803e-04 -0.1000 -8.627e-07 -3.812e-04 1.698e-12 -1.706e-15 3.812e-04 1.0700e-08 1.095e-05 -1.477e-10
1.845e-11 -3.803e-04 -0.1000 -8.627e-07 -3.812e-04 1.698e-12 -1.713e-15 3.812e-04 1.0800e-08 1.095e-05 -1.477e-10
1.845e-11 -3.803e-04 -0.1000 -8.627e-07 -3.812e-04 1.698e-12 -1.711e-15 3.812e-04 1.0900e-08 1.095e-05 -1.477e-10
1.845e-11 -3.803e-04 -0.1000 -8.627e-07 -3.812e-04 1.698e-12 -1.708e-15 3.812e-04 1.1000e-08 1.095e-05 -1.477e-10
1.845e-11 -3.803e-04 -0.1000 -8.627e-07 -3.812e-04 1.698e-12 -1.706e-15 3.812e-04 1.1100e-08 1.095e-05 -1.477e-10
1.845e-11 -3.803e-04 -0.1000 -8.627e-07 -3.812e-04 1.698e-12 -1.704e-15 3.812e-04 1.1200e-08 1.095e-05 -1.477e-10
1.845e-11 -3.803e-04 -0.1000 -8.627e-07 -3.812e-04 1.698e-12 -1.701e-15 3.812e-04 1.1300e-08 1.095e-05 -1.477e-10
1.845e-11 -3.803e-04 -0.1000 -8.627e-07 -3.812e-04 1.698e-12 -1.699e-15 3.812e-04 1.1400e-08 1.095e-05 -1.477e-10
1.845e-11 -3.803e-04 -0.1000 -8.627e-07 -3.812e-04 1.698e-12 -1.699e-15 3.812e-04 1.1500e-08 1.095e-05 -1.477e-10
1.845e-11 -3.803e-04 -0.1000 -8.627e-07 -3.812e-04 1.698e-12 -1.699e-15 3.812e-04 1.1600e-08 1.095e-05 -1.477e-10
1.845e-11 -3.803e-04 -0.1000 -8.627e-07 -3.812e-04 1.698e-12 -1.699e-15 3.812e-04 1.1700e-08 1.095e-05 -1.477e-10
1.845e-11 -3.803e-04 -0.1000 -8.627e-07 -3.812e-04 1.698e-12 -1.699e-15 3.812e-04 1.1800e-08 1.095e-05 -1.477e-10
1.845e-11 -3.803e-04 -0.1000 -8.627e-07 -3.812e-04 1.698e-12 -1.699e-15 3.812e-04 1.1900e-08 1.095e-05 -1.477e-10
1.845e-11 -3.803e-04 -0.1000 -8.627e-07 -3.812e-04 1.698e-12 -1.699e-15 3.812e-04 1.2000e-08 1.095e-05 -1.477e-10
