vd vg vs vb l alpha1_p alpha11_p t_fe idsperum vfed qms vfes ids sweepvar qm qmd
0.05 0.0 0 0 2e-08 -3249270000.0 2.41166e+13 1e-08 1.143e-11 -3.803e-04 -6.480e-07 -3.812e-04 1.051e-12 5.0000e-02 1.097e-05 -1.098e-07
0.7 0.0 0 0 2e-08 -3249270000.0 2.41166e+13 1e-08 2.133e-11 -3.803e-04 -9.933e-07 -3.812e-04 1.962e-12 0.70000 1.097e-05 -1.008e-10
0.05 0.00707070707071 0 0 2e-08 -3249270000.0 2.41166e+13 1e-08 1.475e-11 -3.803e-04 -8.364e-07 -3.813e-04 1.357e-12 5.0000e-02 1.118e-05 -1.417e-07
0.7 0.00707070707071 0 0 2e-08 -3249270000.0 2.41166e+13 1e-08 2.749e-11 -3.803e-04 -1.280e-06 -3.813e-04 2.529e-12 0.70000 1.121e-05 -1.299e-10
0.05 0.0141414141414 0 0 2e-08 -3249270000.0 2.41166e+13 1e-08 1.904e-11 -3.803e-04 -1.080e-06 -3.813e-04 1.751e-12 5.0000e-02 1.141e-05 -1.829e-07
0.7 0.0141414141414 0 0 2e-08 -3249270000.0 2.41166e+13 1e-08 3.542e-11 -3.803e-04 -1.650e-06 -3.813e-04 3.259e-12 0.70000 1.149e-05 -1.674e-10
0.05 0.0212121212121 0 0 2e-08 -3249270000.0 2.41166e+13 1e-08 2.457e-11 -3.803e-04 -1.393e-06 -3.813e-04 2.260e-12 5.0000e-02 1.169e-05 -2.361e-07
0.7 0.0212121212121 0 0 2e-08 -3249270000.0 2.41166e+13 1e-08 4.565e-11 -3.803e-04 -2.126e-06 -3.813e-04 4.200e-12 0.70000 1.182e-05 -2.157e-10
0.05 0.0282828282828 0 0 2e-08 -3249270000.0 2.41166e+13 1e-08 3.171e-11 -3.803e-04 -1.798e-06 -3.813e-04 2.917e-12 5.0000e-02 1.202e-05 -3.047e-07
0.7 0.0282828282828 0 0 2e-08 -3249270000.0 2.41166e+13 1e-08 5.884e-11 -3.803e-04 -2.740e-06 -3.814e-04 5.413e-12 0.70000 1.221e-05 -2.780e-10
0.05 0.0353535353535 0 0 2e-08 -3249270000.0 2.41166e+13 1e-08 4.093e-11 -3.803e-04 -2.321e-06 -3.814e-04 3.765e-12 5.0000e-02 1.241e-05 -3.932e-07
0.7 0.0353535353535 0 0 2e-08 -3249270000.0 2.41166e+13 1e-08 7.583e-11 -3.803e-04 -3.532e-06 -3.814e-04 6.977e-12 0.70000 1.270e-05 -3.583e-10
0.05 0.0424242424242 0 0 2e-08 -3249270000.0 2.41166e+13 1e-08 5.282e-11 -3.803e-04 -2.995e-06 -3.814e-04 4.860e-12 5.0000e-02 1.290e-05 -5.075e-07
0.7 0.0424242424242 0 0 2e-08 -3249270000.0 2.41166e+13 1e-08 9.773e-11 -3.803e-04 -4.552e-06 -3.814e-04 8.991e-12 0.70000 1.330e-05 -4.618e-10
0.05 0.0494949494949 0 0 2e-08 -3249270000.0 2.41166e+13 1e-08 6.818e-11 -3.803e-04 -3.866e-06 -3.815e-04 6.272e-12 5.0000e-02 1.350e-05 -6.550e-07
0.7 0.0494949494949 0 0 2e-08 -3249270000.0 2.41166e+13 1e-08 1.260e-10 -3.803e-04 -5.866e-06 -3.815e-04 1.159e-11 0.70000 1.404e-05 -5.952e-10
0.05 0.0565656565657 0 0 2e-08 -3249270000.0 2.41166e+13 1e-08 8.799e-11 -3.803e-04 -4.990e-06 -3.815e-04 8.096e-12 5.0000e-02 1.424e-05 -8.454e-07
0.7 0.0565656565657 0 0 2e-08 -3249270000.0 2.41166e+13 1e-08 1.623e-10 -3.803e-04 -7.561e-06 -3.816e-04 1.493e-11 0.70000 1.498e-05 -7.670e-10
0.05 0.0636363636364 0 0 2e-08 -3249270000.0 2.41166e+13 1e-08 1.136e-10 -3.804e-04 -6.440e-06 -3.816e-04 1.045e-11 5.0000e-02 1.518e-05 -1.091e-06
0.7 0.0636363636364 0 0 2e-08 -3249270000.0 2.41166e+13 1e-08 2.092e-10 -3.803e-04 -9.744e-06 -3.817e-04 1.925e-11 0.70000 1.616e-05 -9.886e-10
0.05 0.0707070707071 0 0 2e-08 -3249270000.0 2.41166e+13 1e-08 1.466e-10 -3.804e-04 -8.312e-06 -3.817e-04 1.349e-11 5.0000e-02 1.636e-05 -1.408e-06
0.7 0.0707070707071 0 0 2e-08 -3249270000.0 2.41166e+13 1e-08 2.696e-10 -3.803e-04 -1.256e-05 -3.818e-04 2.481e-11 0.70000 1.765e-05 -1.274e-09
0.05 0.0777777777778 0 0 2e-08 -3249270000.0 2.41166e+13 1e-08 1.892e-10 -3.804e-04 -1.073e-05 -3.818e-04 1.741e-11 5.0000e-02 1.786e-05 -1.818e-06
0.7 0.0777777777778 0 0 2e-08 -3249270000.0 2.41166e+13 1e-08 3.475e-10 -3.803e-04 -1.618e-05 -3.820e-04 3.197e-11 0.70000 1.955e-05 -1.642e-09
0.05 0.0848484848485 0 0 2e-08 -3249270000.0 2.41166e+13 1e-08 2.442e-10 -3.805e-04 -1.385e-05 -3.820e-04 2.246e-11 5.0000e-02 1.977e-05 -2.346e-06
0.7 0.0848484848485 0 0 2e-08 -3249270000.0 2.41166e+13 1e-08 4.479e-10 -3.803e-04 -2.086e-05 -3.822e-04 4.120e-11 0.70000 2.197e-05 -2.116e-09
0.05 0.0919191919192 0 0 2e-08 -3249270000.0 2.41166e+13 1e-08 3.151e-10 -3.805e-04 -1.787e-05 -3.822e-04 2.899e-11 5.0000e-02 2.221e-05 -3.028e-06
0.7 0.0919191919192 0 0 2e-08 -3249270000.0 2.41166e+13 1e-08 5.772e-10 -3.803e-04 -2.688e-05 -3.825e-04 5.310e-11 0.70000 2.507e-05 -2.727e-09
0.05 0.0989898989899 0 0 2e-08 -3249270000.0 2.41166e+13 1e-08 4.067e-10 -3.806e-04 -2.306e-05 -3.825e-04 3.742e-11 5.0000e-02 2.533e-05 -3.908e-06
0.7 0.0989898989899 0 0 2e-08 -3249270000.0 2.41166e+13 1e-08 7.439e-10 -3.803e-04 -3.464e-05 -3.829e-04 6.844e-11 0.70000 2.904e-05 -3.515e-09
0.05 0.106060606061 0 0 2e-08 -3249270000.0 2.41166e+13 1e-08 5.249e-10 -3.807e-04 -2.977e-05 -3.829e-04 4.830e-11 5.0000e-02 2.933e-05 -5.044e-06
0.7 0.106060606061 0 0 2e-08 -3249270000.0 2.41166e+13 1e-08 9.587e-10 -3.803e-04 -4.464e-05 -3.833e-04 8.820e-11 0.70000 3.412e-05 -4.530e-09
0.05 0.113131313131 0 0 2e-08 -3249270000.0 2.41166e+13 1e-08 6.775e-10 -3.808e-04 -3.841e-05 -3.833e-04 6.233e-11 5.0000e-02 3.448e-05 -6.510e-06
0.7 0.113131313131 0 0 2e-08 -3249270000.0 2.41166e+13 1e-08 1.236e-09 -3.803e-04 -5.753e-05 -3.839e-04 1.137e-10 0.70000 4.065e-05 -5.838e-09
0.05 0.120202020202 0 0 2e-08 -3249270000.0 2.41166e+13 1e-08 8.744e-10 -3.810e-04 -4.958e-05 -3.839e-04 8.045e-11 5.0000e-02 4.109e-05 -8.402e-06
0.7 0.120202020202 0 0 2e-08 -3249270000.0 2.41166e+13 1e-08 1.592e-09 -3.803e-04 -7.414e-05 -3.846e-04 1.465e-10 0.70000 4.904e-05 -7.524e-09
0.05 0.127272727273 0 0 2e-08 -3249270000.0 2.41166e+13 1e-08 1.129e-09 -3.812e-04 -6.398e-05 -3.847e-04 1.038e-10 5.0000e-02 4.959e-05 -1.084e-05
0.7 0.127272727273 0 0 2e-08 -3249270000.0 2.41166e+13 1e-08 2.052e-09 -3.803e-04 -9.554e-05 -3.856e-04 1.888e-10 0.70000 5.982e-05 -9.697e-09
0.05 0.134343434343 0 0 2e-08 -3249270000.0 2.41166e+13 1e-08 1.456e-09 -3.815e-04 -8.257e-05 -3.856e-04 1.340e-10 5.0000e-02 6.055e-05 -1.400e-05
0.7 0.134343434343 0 0 2e-08 -3249270000.0 2.41166e+13 1e-08 2.645e-09 -3.803e-04 -1.231e-04 -3.868e-04 2.433e-10 0.70000 7.369e-05 -1.250e-08
0.05 0.141414141414 0 0 2e-08 -3249270000.0 2.41166e+13 1e-08 1.880e-09 -3.819e-04 -1.066e-04 -3.869e-04 1.729e-10 5.0000e-02 7.465e-05 -1.807e-05
0.7 0.141414141414 0 0 2e-08 -3249270000.0 2.41166e+13 1e-08 3.408e-09 -3.803e-04 -1.586e-04 -3.884e-04 3.135e-10 0.70000 9.153e-05 -1.610e-08
0.05 0.148484848485 0 0 2e-08 -3249270000.0 2.41166e+13 1e-08 2.426e-09 -3.823e-04 -1.375e-04 -3.885e-04 2.232e-10 5.0000e-02 9.284e-05 -2.332e-05
0.7 0.148484848485 0 0 2e-08 -3249270000.0 2.41166e+13 1e-08 4.392e-09 -3.803e-04 -2.044e-04 -3.905e-04 4.041e-10 0.70000 1.145e-04 -2.075e-08
0.05 0.155555555556 0 0 2e-08 -3249270000.0 2.41166e+13 1e-08 3.131e-09 -3.829e-04 -1.774e-04 -3.906e-04 2.880e-10 5.0000e-02 1.163e-04 -3.009e-05
0.7 0.155555555556 0 0 2e-08 -3249270000.0 2.41166e+13 1e-08 5.660e-09 -3.803e-04 -2.633e-04 -3.931e-04 5.207e-10 0.70000 1.441e-04 -2.674e-08
0.05 0.162626262626 0 0 2e-08 -3249270000.0 2.41166e+13 1e-08 4.040e-09 -3.837e-04 -2.289e-04 -3.933e-04 3.717e-10 5.0000e-02 1.465e-04 -3.884e-05
0.7 0.162626262626 0 0 2e-08 -3249270000.0 2.41166e+13 1e-08 7.293e-09 -3.803e-04 -3.392e-04 -3.965e-04 6.710e-10 0.70000 1.821e-04 -3.446e-08
0.05 0.169696969697 0 0 2e-08 -3249270000.0 2.41166e+13 1e-08 5.214e-09 -3.847e-04 -2.954e-04 -3.967e-04 4.796e-10 5.0000e-02 1.854e-04 -5.014e-05
0.7 0.169696969697 0 0 2e-08 -3249270000.0 2.41166e+13 1e-08 9.397e-09 -3.803e-04 -4.370e-04 -4.009e-04 8.645e-10 0.70000 2.311e-04 -4.441e-08
0.05 0.176767676768 0 0 2e-08 -3249270000.0 2.41166e+13 1e-08 6.728e-09 -3.860e-04 -3.810e-04 -4.012e-04 6.189e-10 5.0000e-02 2.356e-04 -6.471e-05
0.7 0.176767676768 0 0 2e-08 -3249270000.0 2.41166e+13 1e-08 1.211e-08 -3.803e-04 -5.627e-04 -4.065e-04 1.114e-09 0.70000 2.940e-04 -5.722e-08
0.05 0.183838383838 0 0 2e-08 -3249270000.0 2.41166e+13 1e-08 8.681e-09 -3.877e-04 -4.915e-04 -4.069e-04 7.986e-10 5.0000e-02 3.003e-04 -8.352e-05
0.7 0.183838383838 0 0 2e-08 -3249270000.0 2.41166e+13 1e-08 1.560e-08 -3.803e-04 -7.246e-04 -4.138e-04 1.435e-09 0.70000 3.751e-04 -7.372e-08
0.05 0.190909090909 0 0 2e-08 -3249270000.0 2.41166e+13 1e-08 1.120e-08 -3.898e-04 -6.338e-04 -4.144e-04 1.030e-09 5.0000e-02 3.838e-04 -1.078e-04
0.7 0.190909090909 0 0 2e-08 -3249270000.0 2.41166e+13 1e-08 2.010e-08 -3.803e-04 -9.327e-04 -4.231e-04 1.849e-09 0.70000 4.793e-04 -9.497e-08
0.05 0.19797979798 0 0 2e-08 -3249270000.0 2.41166e+13 1e-08 1.445e-08 -3.926e-04 -8.172e-04 -4.239e-04 1.329e-09 5.0000e-02 4.912e-04 -1.392e-04
0.7 0.19797979798 0 0 2e-08 -3249270000.0 2.41166e+13 1e-08 2.588e-08 -3.803e-04 -1.200e-03 -4.350e-04 2.381e-09 0.70000 6.133e-04 -1.223e-07
0.05 0.205050505051 0 0 2e-08 -3249270000.0 2.41166e+13 1e-08 1.864e-08 -3.962e-04 -1.053e-03 -4.362e-04 1.715e-09 5.0000e-02 6.297e-04 -1.796e-04
0.7 0.205050505051 0 0 2e-08 -3249270000.0 2.41166e+13 1e-08 3.334e-08 -3.803e-04 -1.544e-03 -4.504e-04 3.067e-09 0.70000 7.854e-04 -1.575e-07
0.05 0.212121212121 0 0 2e-08 -3249270000.0 2.41166e+13 1e-08 2.404e-08 -4.009e-04 -1.357e-03 -4.520e-04 2.212e-09 5.0000e-02 8.080e-04 -2.319e-04
0.7 0.212121212121 0 0 2e-08 -3249270000.0 2.41166e+13 1e-08 4.293e-08 -3.803e-04 -1.985e-03 -4.702e-04 3.949e-09 0.70000 1.006e-03 -2.029e-07
0.05 0.219191919192 0 0 2e-08 -3249270000.0 2.41166e+13 1e-08 3.100e-08 -4.069e-04 -1.748e-03 -4.724e-04 2.852e-09 5.0000e-02 1.037e-03 -2.993e-04
0.7 0.219191919192 0 0 2e-08 -3249270000.0 2.41166e+13 1e-08 5.526e-08 -3.803e-04 -2.551e-03 -4.955e-04 5.084e-09 0.70000 1.290e-03 -2.611e-07
0.05 0.226262626263 0 0 2e-08 -3249270000.0 2.41166e+13 1e-08 3.996e-08 -4.146e-04 -2.251e-03 -4.986e-04 3.677e-09 5.0000e-02 1.332e-03 -3.865e-04
0.7 0.226262626263 0 0 2e-08 -3249270000.0 2.41166e+13 1e-08 7.113e-08 -3.803e-04 -3.275e-03 -5.279e-04 6.544e-09 0.70000 1.653e-03 -3.361e-07
0.05 0.233333333333 0 0 2e-08 -3249270000.0 2.41166e+13 1e-08 5.151e-08 -4.246e-04 -2.896e-03 -5.323e-04 4.739e-09 5.0000e-02 1.712e-03 -4.990e-04
0.7 0.233333333333 0 0 2e-08 -3249270000.0 2.41166e+13 1e-08 9.151e-08 -3.803e-04 -4.202e-03 -5.694e-04 8.419e-09 0.70000 2.117e-03 -4.323e-07
0.05 0.240404040404 0 0 2e-08 -3249270000.0 2.41166e+13 1e-08 6.637e-08 -4.375e-04 -3.723e-03 -5.756e-04 6.106e-09 5.0000e-02 2.199e-03 -6.443e-04
0.7 0.240404040404 0 0 2e-08 -3249270000.0 2.41166e+13 1e-08 1.177e-07 -3.803e-04 -5.385e-03 -6.225e-04 1.083e-08 0.70000 2.711e-03 -5.558e-07
0.05 0.247474747475 0 0 2e-08 -3249270000.0 2.41166e+13 1e-08 8.548e-08 -4.542e-04 -4.782e-03 -6.310e-04 7.864e-09 5.0000e-02 2.823e-03 -8.321e-04
0.7 0.247474747475 0 0 2e-08 -3249270000.0 2.41166e+13 1e-08 1.513e-07 -3.803e-04 -6.893e-03 -6.901e-04 1.392e-08 0.70000 3.468e-03 -7.142e-07
0.05 0.254545454545 0 0 2e-08 -3249270000.0 2.41166e+13 1e-08 1.100e-07 -4.757e-04 -6.136e-03 -7.021e-04 1.012e-08 5.0000e-02 3.623e-03 -1.075e-03
0.7 0.254545454545 0 0 2e-08 -3249270000.0 2.41166e+13 1e-08 1.944e-07 -3.803e-04 -8.811e-03 -7.762e-04 1.789e-08 0.70000 4.432e-03 -9.169e-07
0.05 0.261616161616 0 0 2e-08 -3249270000.0 2.41166e+13 1e-08 1.416e-07 -5.036e-04 -7.863e-03 -7.930e-04 1.303e-08 5.0000e-02 4.646e-03 -1.388e-03
0.7 0.261616161616 0 0 2e-08 -3249270000.0 2.41166e+13 1e-08 2.497e-07 -3.804e-04 -1.124e-02 -8.856e-04 2.297e-08 0.70000 5.657e-03 -1.176e-06
0.05 0.268686868687 0 0 2e-08 -3249270000.0 2.41166e+13 1e-08 1.821e-07 -5.397e-04 -1.006e-02 -9.091e-04 1.675e-08 5.0000e-02 5.953e-03 -1.794e-03
0.7 0.268686868687 0 0 2e-08 -3249270000.0 2.41166e+13 1e-08 3.205e-07 -3.804e-04 -1.432e-02 -1.024e-03 2.949e-08 0.70000 7.208e-03 -1.506e-06
0.05 0.275757575758 0 0 2e-08 -3249270000.0 2.41166e+13 1e-08 2.340e-07 -5.863e-04 -1.285e-02 -1.057e-03 2.153e-08 5.0000e-02 7.619e-03 -2.320e-03
0.7 0.275757575758 0 0 2e-08 -3249270000.0 2.41166e+13 1e-08 4.111e-07 -3.804e-04 -1.820e-02 -1.199e-03 3.782e-08 0.70000 9.169e-03 -1.926e-06
0.05 0.282828282828 0 0 2e-08 -3249270000.0 2.41166e+13 1e-08 3.006e-07 -6.468e-04 -1.639e-02 -1.245e-03 2.765e-08 5.0000e-02 9.740e-03 -3.000e-03
0.7 0.282828282828 0 0 2e-08 -3249270000.0 2.41166e+13 1e-08 5.269e-07 -3.805e-04 -2.307e-02 -1.420e-03 4.848e-08 0.70000 1.164e-02 -2.458e-06
0.05 0.289898989899 0 0 2e-08 -3249270000.0 2.41166e+13 1e-08 3.858e-07 -7.252e-04 -2.086e-02 -1.485e-03 3.549e-08 5.0000e-02 1.243e-02 -3.882e-03
0.7 0.289898989899 0 0 2e-08 -3249270000.0 2.41166e+13 1e-08 6.748e-07 -3.805e-04 -2.917e-02 -1.697e-03 6.208e-08 0.70000 1.474e-02 -3.130e-06
0.05 0.29696969697 0 0 2e-08 -3249270000.0 2.41166e+13 1e-08 4.948e-07 -8.270e-04 -2.648e-02 -1.788e-03 4.552e-08 5.0000e-02 1.585e-02 -5.028e-03
0.7 0.29696969697 0 0 2e-08 -3249270000.0 2.41166e+13 1e-08 8.636e-07 -3.806e-04 -3.677e-02 -2.043e-03 7.945e-08 0.70000 1.862e-02 -3.975e-06
0.05 0.30404040404 0 0 2e-08 -3249270000.0 2.41166e+13 1e-08 6.340e-07 -9.594e-04 -3.354e-02 -2.171e-03 5.833e-08 5.0000e-02 2.016e-02 -6.519e-03
0.7 0.30404040404 0 0 2e-08 -3249270000.0 2.41166e+13 1e-08 1.104e-06 -3.807e-04 -4.618e-02 -2.475e-03 1.016e-07 0.70000 2.345e-02 -5.029e-06
0.05 0.311111111111 0 0 2e-08 -3249270000.0 2.41166e+13 1e-08 8.119e-07 -1.132e-03 -4.236e-02 -2.655e-03 7.470e-08 5.0000e-02 2.560e-02 -8.461e-03
0.7 0.311111111111 0 0 2e-08 -3249270000.0 2.41166e+13 1e-08 1.411e-06 -3.808e-04 -5.780e-02 -3.010e-03 1.298e-07 0.70000 2.944e-02 -6.338e-06
0.05 0.318181818182 0 0 2e-08 -3249270000.0 2.41166e+13 1e-08 1.039e-06 -1.357e-03 -5.333e-02 -3.264e-03 9.559e-08 5.0000e-02 3.246e-02 -1.100e-02
0.7 0.318181818182 0 0 2e-08 -3249270000.0 2.41166e+13 1e-08 1.801e-06 -3.810e-04 -7.204e-02 -3.672e-03 1.657e-07 0.70000 3.684e-02 -7.949e-06
0.05 0.325252525253 0 0 2e-08 -3249270000.0 2.41166e+13 1e-08 1.329e-06 -1.653e-03 -6.694e-02 -4.029e-03 1.223e-07 5.0000e-02 4.108e-02 -1.433e-02
0.7 0.325252525253 0 0 2e-08 -3249270000.0 2.41166e+13 1e-08 2.297e-06 -3.811e-04 -8.940e-02 -4.485e-03 2.113e-07 0.70000 4.594e-02 -9.916e-06
0.05 0.332323232323 0 0 2e-08 -3249270000.0 2.41166e+13 1e-08 1.699e-06 -2.042e-03 -8.376e-02 -4.989e-03 1.563e-07 5.0000e-02 5.189e-02 -1.870e-02
0.7 0.332323232323 0 0 2e-08 -3249270000.0 2.41166e+13 1e-08 2.927e-06 -3.814e-04 -0.1105 -5.480e-03 2.693e-07 0.70000 5.708e-02 -1.229e-05
0.05 0.339393939394 0 0 2e-08 -3249270000.0 2.41166e+13 1e-08 2.172e-06 -2.556e-03 -0.1045 -6.194e-03 1.998e-07 5.0000e-02 6.545e-02 -2.449e-02
0.7 0.339393939394 0 0 2e-08 -3249270000.0 2.41166e+13 1e-08 3.728e-06 -3.816e-04 -0.1359 -6.692e-03 3.429e-07 0.70000 7.066e-02 -1.513e-05
0.05 0.346464646465 0 0 2e-08 -3249270000.0 2.41166e+13 1e-08 2.777e-06 -3.238e-03 -0.1300 -7.704e-03 2.555e-07 5.0000e-02 8.246e-02 -3.217e-02
0.7 0.346464646465 0 0 2e-08 -3249270000.0 2.41166e+13 1e-08 4.745e-06 -3.819e-04 -0.1663 -8.163e-03 4.365e-07 0.70000 8.713e-02 -1.849e-05
0.05 0.353535353535 0 0 2e-08 -3249270000.0 2.41166e+13 1e-08 3.553e-06 -4.151e-03 -0.1613 -9.600e-03 3.269e-07 5.0000e-02 0.1038 -4.245e-02
0.7 0.353535353535 0 0 2e-08 -3249270000.0 2.41166e+13 1e-08 6.037e-06 -3.823e-04 -0.2026 -9.940e-03 5.554e-07 0.70000 0.1070 -2.239e-05
0.05 0.360606060606 0 0 2e-08 -3249270000.0 2.41166e+13 1e-08 4.554e-06 -5.379e-03 -0.1997 -1.199e-02 4.189e-07 5.0000e-02 0.1307 -5.628e-02
0.7 0.360606060606 0 0 2e-08 -3249270000.0 2.41166e+13 1e-08 7.680e-06 -3.827e-04 -0.2458 -1.208e-02 7.066e-07 0.70000 0.1310 -2.688e-05
0.05 0.367676767677 0 0 2e-08 -3249270000.0 2.41166e+13 1e-08 5.852e-06 -7.048e-03 -0.2472 -1.502e-02 5.384e-07 5.0000e-02 0.1649 -7.507e-02
0.7 0.367676767677 0 0 2e-08 -3249270000.0 2.41166e+13 1e-08 9.771e-06 -3.831e-04 -0.2969 -1.465e-02 8.989e-07 0.70000 0.1598 -3.196e-05
0.05 0.374747474747 0 0 2e-08 -3249270000.0 2.41166e+13 1e-08 7.552e-06 -9.342e-03 -0.3062 -1.888e-02 6.948e-07 5.0000e-02 0.2086 -0.1009
0.7 0.374747474747 0 0 2e-08 -3249270000.0 2.41166e+13 1e-08 1.243e-05 -3.836e-04 -0.3572 -1.772e-02 1.144e-06 0.70000 0.1943 -3.762e-05
0.05 0.381818181818 0 0 2e-08 -3249270000.0 2.41166e+13 1e-08 9.811e-06 -1.254e-02 -0.3805 -2.390e-02 9.027e-07 5.0000e-02 0.2653 -0.1370
0.7 0.381818181818 0 0 2e-08 -3249270000.0 2.41166e+13 1e-08 1.583e-05 -3.842e-04 -0.4283 -2.139e-02 1.457e-06 0.70000 0.2356 -4.383e-05
0.05 0.388888888889 0 0 2e-08 -3249270000.0 2.41166e+13 1e-08 1.288e-05 -1.711e-02 -0.4762 -3.054e-02 1.185e-06 5.0000e-02 0.3407 -0.1885
0.7 0.388888888889 0 0 2e-08 -3249270000.0 2.41166e+13 1e-08 2.018e-05 -3.848e-04 -0.5118 -2.577e-02 1.857e-06 0.70000 0.2848 -5.055e-05
0.05 0.39595959596 0 0 2e-08 -3249270000.0 2.41166e+13 1e-08 1.719e-05 -2.386e-02 -0.6039 -3.966e-02 1.582e-06 5.0000e-02 0.4446 -0.2648
0.7 0.39595959596 0 0 2e-08 -3249270000.0 2.41166e+13 1e-08 2.576e-05 -3.854e-04 -0.6101 -3.097e-02 2.370e-06 0.70000 0.3436 -5.773e-05
0.05 0.40303030303 0 0 2e-08 -3249270000.0 2.41166e+13 1e-08 2.363e-05 -3.443e-02 -0.7852 -5.292e-02 2.174e-06 5.0000e-02 0.5974 -0.3850
0.7 0.40303030303 0 0 2e-08 -3249270000.0 2.41166e+13 1e-08 3.293e-05 -3.861e-04 -0.7257 -3.716e-02 3.029e-06 0.70000 0.4138 -6.534e-05
0.05 0.410101010101 0 0 2e-08 -3249270000.0 2.41166e+13 1e-08 3.438e-05 -5.300e-02 -1.0761 -7.448e-02 3.163e-06 5.0000e-02 0.8515 -0.5984
0.7 0.410101010101 0 0 2e-08 -3249270000.0 2.41166e+13 1e-08 4.215e-05 -3.868e-04 -0.8619 -4.451e-02 3.878e-06 0.70000 0.4975 -7.338e-05
0.05 0.417171717172 0 0 2e-08 -3249270000.0 2.41166e+13 1e-08 5.603e-05 -9.143e-02 -1.6448 -0.1155 5.155e-06 5.0000e-02 1.3670 -1.0582
0.7 0.417171717172 0 0 2e-08 -3249270000.0 2.41166e+13 1e-08 5.406e-05 -3.876e-04 -1.0223 -5.320e-02 4.973e-06 0.70000 0.5973 -8.198e-05
0.05 0.424242424242 0 0 2e-08 -3249270000.0 2.41166e+13 1e-08 8.243e-05 -0.1357 -2.3292 -0.1585 7.584e-06 5.0000e-02 2.0043 -1.6484
0.7 0.424242424242 0 0 2e-08 -3249270000.0 2.41166e+13 1e-08 6.941e-05 -3.884e-04 -1.2114 -6.344e-02 6.385e-06 0.70000 0.7164 -9.142e-05
0.05 0.431313131313 0 0 2e-08 -3249270000.0 2.41166e+13 1e-08 9.843e-05 -0.1592 -2.7430 -0.1791 9.055e-06 5.0000e-02 2.3950 -2.0163
0.7 0.431313131313 0 0 2e-08 -3249270000.0 2.41166e+13 1e-08 8.913e-05 -3.894e-04 -1.4338 -7.541e-02 8.200e-06 0.70000 0.8578 -1.022e-04
0.05 0.438383838384 0 0 2e-08 -3249270000.0 2.41166e+13 1e-08 1.094e-04 -0.1732 -3.0278 -0.1903 1.007e-05 5.0000e-02 2.6655 -2.2730
0.7 0.438383838384 0 0 2e-08 -3249270000.0 2.41166e+13 1e-08 1.141e-04 -3.906e-04 -1.6932 -8.916e-02 1.050e-05 0.70000 1.0242 -1.154e-04
0.05 0.445454545455 0 0 2e-08 -3249270000.0 2.41166e+13 1e-08 1.180e-04 -0.1827 -3.2494 -0.1970 1.085e-05 5.0000e-02 2.8768 -2.4744
0.7 0.445454545455 0 0 2e-08 -3249270000.0 2.41166e+13 1e-08 1.450e-04 -3.921e-04 -1.9890 -0.1044 1.334e-05 0.70000 1.2154 -1.322e-04
0.05 0.452525252525 0 0 2e-08 -3249270000.0 2.41166e+13 1e-08 1.250e-04 -0.1894 -3.4334 -0.2012 1.150e-05 5.0000e-02 3.0527 -2.6426
0.7 0.452525252525 0 0 2e-08 -3249270000.0 2.41166e+13 1e-08 1.812e-04 -3.941e-04 -2.3127 -0.1204 1.667e-05 0.70000 1.4260 -1.547e-04
0.05 0.459595959596 0 0 2e-08 -3249270000.0 2.41166e+13 1e-08 1.311e-04 -0.1944 -3.5922 -0.2036 1.206e-05 5.0000e-02 3.2050 -2.7885
0.7 0.459595959596 0 0 2e-08 -3249270000.0 2.41166e+13 1e-08 2.209e-04 -3.967e-04 -2.6476 -0.1361 2.033e-05 0.70000 1.6449 -1.845e-04
0.05 0.466666666667 0 0 2e-08 -3249270000.0 2.41166e+13 1e-08 1.365e-04 -0.1981 -3.7330 -0.2049 1.256e-05 5.0000e-02 3.3401 -2.9182
0.7 0.466666666667 0 0 2e-08 -3249270000.0 2.41166e+13 1e-08 2.616e-04 -4.002e-04 -2.9748 -0.1503 2.406e-05 0.70000 1.8596 -2.229e-04
0.05 0.473737373737 0 0 2e-08 -3249270000.0 2.41166e+13 1e-08 1.414e-04 -0.2008 -3.8600 -0.2053 1.301e-05 5.0000e-02 3.4622 -3.0356
0.7 0.473737373737 0 0 2e-08 -3249270000.0 2.41166e+13 1e-08 3.010e-04 -4.044e-04 -3.2816 -0.1625 2.769e-05 0.70000 2.0616 -2.706e-04
0.05 0.480808080808 0 0 2e-08 -3249270000.0 2.41166e+13 1e-08 1.459e-04 -0.2028 -3.9762 -0.2050 1.342e-05 5.0000e-02 3.5740 -3.1433
0.7 0.480808080808 0 0 2e-08 -3249270000.0 2.41166e+13 1e-08 3.380e-04 -4.096e-04 -3.5632 -0.1725 3.110e-05 0.70000 2.2473 -3.279e-04
0.05 0.487878787879 0 0 2e-08 -3249270000.0 2.41166e+13 1e-08 1.500e-04 -0.2041 -4.0835 -0.2041 1.380e-05 5.0000e-02 3.6775 -3.2431
0.7 0.487878787879 0 0 2e-08 -3249270000.0 2.41166e+13 1e-08 3.724e-04 -4.156e-04 -3.8196 -0.1807 3.426e-05 0.70000 2.4168 -3.953e-04
0.05 0.494949494949 0 0 2e-08 -3249270000.0 2.41166e+13 1e-08 1.538e-04 -0.2049 -4.1836 -0.2027 1.415e-05 5.0000e-02 3.7740 -3.3362
0.7 0.494949494949 0 0 2e-08 -3249270000.0 2.41166e+13 1e-08 4.042e-04 -4.225e-04 -4.0532 -0.1873 3.719e-05 0.70000 2.5715 -4.731e-04
0.05 0.50202020202 0 0 2e-08 -3249270000.0 2.41166e+13 1e-08 1.574e-04 -0.2053 -4.2774 -0.2010 1.448e-05 5.0000e-02 3.8646 -3.4237
0.7 0.50202020202 0 0 2e-08 -3249270000.0 2.41166e+13 1e-08 4.336e-04 -4.305e-04 -4.2671 -0.1925 3.989e-05 0.70000 2.7133 -5.619e-04
0.05 0.509090909091 0 0 2e-08 -3249270000.0 2.41166e+13 1e-08 1.608e-04 -0.2052 -4.3660 -0.1989 1.479e-05 5.0000e-02 3.9501 -3.5065
0.7 0.509090909091 0 0 2e-08 -3249270000.0 2.41166e+13 1e-08 4.608e-04 -4.394e-04 -4.4639 -0.1965 4.239e-05 0.70000 2.8439 -6.625e-04
0.05 0.516161616162 0 0 2e-08 -3249270000.0 2.41166e+13 1e-08 1.640e-04 -0.2049 -4.4499 -0.1965 1.509e-05 5.0000e-02 4.0312 -3.5850
0.7 0.516161616162 0 0 2e-08 -3249270000.0 2.41166e+13 1e-08 4.862e-04 -4.495e-04 -4.6463 -0.1997 4.473e-05 0.70000 2.9651 -7.755e-04
0.05 0.523232323232 0 0 2e-08 -3249270000.0 2.41166e+13 1e-08 1.670e-04 -0.2043 -4.5297 -0.1939 1.537e-05 5.0000e-02 4.1085 -3.6598
0.7 0.523232323232 0 0 2e-08 -3249270000.0 2.41166e+13 1e-08 5.099e-04 -4.608e-04 -4.8162 -0.2020 4.691e-05 0.70000 3.0780 -9.019e-04
0.05 0.530303030303 0 0 2e-08 -3249270000.0 2.41166e+13 1e-08 1.700e-04 -0.2034 -4.6060 -0.1911 1.564e-05 5.0000e-02 4.1823 -3.7313
0.7 0.530303030303 0 0 2e-08 -3249270000.0 2.41166e+13 1e-08 5.322e-04 -4.734e-04 -4.9752 -0.2036 4.897e-05 0.70000 3.1838 -1.043e-03
0.05 0.537373737374 0 0 2e-08 -3249270000.0 2.41166e+13 1e-08 1.727e-04 -0.2023 -4.6790 -0.1880 1.589e-05 5.0000e-02 4.2530 -3.7999
0.7 0.537373737374 0 0 2e-08 -3249270000.0 2.41166e+13 1e-08 5.533e-04 -4.873e-04 -5.1248 -0.2047 5.090e-05 0.70000 3.2835 -1.198e-03
0.05 0.544444444444 0 0 2e-08 -3249270000.0 2.41166e+13 1e-08 1.754e-04 -0.2010 -4.7491 -0.1848 1.614e-05 5.0000e-02 4.3210 -3.8658
0.7 0.544444444444 0 0 2e-08 -3249270000.0 2.41166e+13 1e-08 5.732e-04 -5.027e-04 -5.2662 -0.2052 5.273e-05 0.70000 3.3777 -1.370e-03
0.05 0.551515151515 0 0 2e-08 -3249270000.0 2.41166e+13 1e-08 1.780e-04 -0.1995 -4.8166 -0.1815 1.638e-05 5.0000e-02 4.3864 -3.9293
0.7 0.551515151515 0 0 2e-08 -3249270000.0 2.41166e+13 1e-08 5.921e-04 -5.196e-04 -5.4002 -0.2053 5.447e-05 0.70000 3.4671 -1.559e-03
0.05 0.558585858586 0 0 2e-08 -3249270000.0 2.41166e+13 1e-08 1.805e-04 -0.1978 -4.8817 -0.1779 1.660e-05 5.0000e-02 4.4496 -3.9906
0.7 0.558585858586 0 0 2e-08 -3249270000.0 2.41166e+13 1e-08 6.101e-04 -5.381e-04 -5.5278 -0.2050 5.613e-05 0.70000 3.5522 -1.767e-03
0.05 0.565656565657 0 0 2e-08 -3249270000.0 2.41166e+13 1e-08 1.829e-04 -0.1959 -4.9446 -0.1743 1.682e-05 5.0000e-02 4.5106 -4.0499
0.7 0.565656565657 0 0 2e-08 -3249270000.0 2.41166e+13 1e-08 6.273e-04 -5.584e-04 -5.6495 -0.2043 5.771e-05 0.70000 3.6334 -1.994e-03
0.05 0.572727272727 0 0 2e-08 -3249270000.0 2.41166e+13 1e-08 1.852e-04 -0.1940 -5.0054 -0.1705 1.704e-05 5.0000e-02 4.5697 -4.1073
0.7 0.572727272727 0 0 2e-08 -3249270000.0 2.41166e+13 1e-08 6.438e-04 -5.805e-04 -5.7660 -0.2034 5.923e-05 0.70000 3.7112 -2.241e-03
0.05 0.579797979798 0 0 2e-08 -3249270000.0 2.41166e+13 1e-08 1.874e-04 -0.1919 -5.0645 -0.1666 1.724e-05 5.0000e-02 4.6270 -4.1631
0.7 0.579797979798 0 0 2e-08 -3249270000.0 2.41166e+13 1e-08 6.596e-04 -6.045e-04 -5.8778 -0.2021 6.068e-05 0.70000 3.7859 -2.510e-03
0.05 0.586868686869 0 0 2e-08 -3249270000.0 2.41166e+13 1e-08 1.896e-04 -0.1896 -5.1217 -0.1626 1.745e-05 5.0000e-02 4.6827 -4.2172
0.7 0.586868686869 0 0 2e-08 -3249270000.0 2.41166e+13 1e-08 6.747e-04 -6.306e-04 -5.9852 -0.2007 6.208e-05 0.70000 3.8577 -2.803e-03
0.05 0.593939393939 0 0 2e-08 -3249270000.0 2.41166e+13 1e-08 1.917e-04 -0.1873 -5.1774 -0.1586 1.764e-05 5.0000e-02 4.7368 -4.2699
0.7 0.593939393939 0 0 2e-08 -3249270000.0 2.41166e+13 1e-08 6.894e-04 -6.589e-04 -6.0887 -0.1989 6.342e-05 0.70000 3.9270 -3.119e-03
0.05 0.60101010101 0 0 2e-08 -3249270000.0 2.41166e+13 1e-08 1.938e-04 -0.1848 -5.2316 -0.1544 1.783e-05 5.0000e-02 4.7895 -4.3211
0.7 0.60101010101 0 0 2e-08 -3249270000.0 2.41166e+13 1e-08 7.035e-04 -6.895e-04 -6.1885 -0.1970 6.472e-05 0.70000 3.9938 -3.461e-03
0.05 0.608080808081 0 0 2e-08 -3249270000.0 2.41166e+13 1e-08 1.958e-04 -0.1823 -5.2844 -0.1501 1.801e-05 5.0000e-02 4.8408 -4.3711
0.7 0.608080808081 0 0 2e-08 -3249270000.0 2.41166e+13 1e-08 7.171e-04 -7.225e-04 -6.2851 -0.1949 6.598e-05 0.70000 4.0584 -3.830e-03
0.05 0.615151515152 0 0 2e-08 -3249270000.0 2.41166e+13 1e-08 1.978e-04 -0.1796 -5.3358 -0.1458 1.820e-05 5.0000e-02 4.8909 -4.4199
0.7 0.615151515152 0 0 2e-08 -3249270000.0 2.41166e+13 1e-08 7.303e-04 -7.580e-04 -6.3785 -0.1926 6.719e-05 0.70000 4.1210 -4.228e-03
0.05 0.622222222222 0 0 2e-08 -3249270000.0 2.41166e+13 1e-08 1.997e-04 -0.1769 -5.3861 -0.1414 1.837e-05 5.0000e-02 4.9398 -4.4676
0.7 0.622222222222 0 0 2e-08 -3249270000.0 2.41166e+13 1e-08 7.431e-04 -7.961e-04 -6.4691 -0.1901 6.837e-05 0.70000 4.1817 -4.655e-03
0.05 0.629292929293 0 0 2e-08 -3249270000.0 2.41166e+13 1e-08 2.016e-04 -0.1741 -5.4352 -0.1369 1.854e-05 5.0000e-02 4.9876 -4.5141
0.7 0.629292929293 0 0 2e-08 -3249270000.0 2.41166e+13 1e-08 7.555e-04 -8.371e-04 -6.5570 -0.1875 6.951e-05 0.70000 4.2407 -5.113e-03
0.05 0.636363636364 0 0 2e-08 -3249270000.0 2.41166e+13 1e-08 2.034e-04 -0.1712 -5.4831 -0.1324 1.871e-05 5.0000e-02 5.0343 -4.5597
0.7 0.636363636364 0 0 2e-08 -3249270000.0 2.41166e+13 1e-08 7.676e-04 -8.809e-04 -6.6425 -0.1848 7.062e-05 0.70000 4.2980 -5.604e-03
0.05 0.643434343434 0 0 2e-08 -3249270000.0 2.41166e+13 1e-08 2.052e-04 -0.1682 -5.5301 -0.1278 1.887e-05 5.0000e-02 5.0800 -4.6042
0.7 0.643434343434 0 0 2e-08 -3249270000.0 2.41166e+13 1e-08 7.793e-04 -9.278e-04 -6.7256 -0.1819 7.170e-05 0.70000 4.3537 -6.129e-03
0.05 0.650505050505 0 0 2e-08 -3249270000.0 2.41166e+13 1e-08 2.069e-04 -0.1652 -5.5760 -0.1231 1.904e-05 5.0000e-02 5.1248 -4.6479
0.7 0.650505050505 0 0 2e-08 -3249270000.0 2.41166e+13 1e-08 7.907e-04 -9.779e-04 -6.8066 -0.1789 7.275e-05 0.70000 4.4081 -6.689e-03
0.05 0.657575757576 0 0 2e-08 -3249270000.0 2.41166e+13 1e-08 2.086e-04 -0.1620 -5.6211 -0.1184 1.919e-05 5.0000e-02 5.1687 -4.6907
0.7 0.657575757576 0 0 2e-08 -3249270000.0 2.41166e+13 1e-08 8.018e-04 -1.031e-03 -6.8855 -0.1758 7.377e-05 0.70000 4.4611 -7.287e-03
0.05 0.664646464646 0 0 2e-08 -3249270000.0 2.41166e+13 1e-08 2.103e-04 -0.1589 -5.6652 -0.1137 1.935e-05 5.0000e-02 5.2117 -4.7327
0.7 0.664646464646 0 0 2e-08 -3249270000.0 2.41166e+13 1e-08 8.127e-04 -1.088e-03 -6.9625 -0.1725 7.476e-05 0.70000 4.5128 -7.923e-03
0.05 0.671717171717 0 0 2e-08 -3249270000.0 2.41166e+13 1e-08 2.119e-04 -0.1556 -5.7085 -0.1088 1.950e-05 5.0000e-02 5.2539 -4.7739
0.7 0.671717171717 0 0 2e-08 -3249270000.0 2.41166e+13 1e-08 8.232e-04 -1.148e-03 -7.0377 -0.1692 7.574e-05 0.70000 4.5633 -8.599e-03
0.05 0.678787878788 0 0 2e-08 -3249270000.0 2.41166e+13 1e-08 2.136e-04 -0.1523 -5.7510 -0.1040 1.965e-05 5.0000e-02 5.2953 -4.8144
0.7 0.678787878788 0 0 2e-08 -3249270000.0 2.41166e+13 1e-08 8.336e-04 -1.213e-03 -7.1111 -0.1658 7.669e-05 0.70000 4.6127 -9.317e-03
0.05 0.685858585859 0 0 2e-08 -3249270000.0 2.41166e+13 1e-08 2.151e-04 -0.1490 -5.7927 -9.909e-02 1.979e-05 5.0000e-02 5.3360 -4.8541
0.7 0.685858585859 0 0 2e-08 -3249270000.0 2.41166e+13 1e-08 8.437e-04 -1.281e-03 -7.1830 -0.1623 7.762e-05 0.70000 4.6610 -1.008e-02
0.05 0.692929292929 0 0 2e-08 -3249270000.0 2.41166e+13 1e-08 2.167e-04 -0.1456 -5.8337 -9.415e-02 1.994e-05 5.0000e-02 5.3760 -4.8932
0.7 0.692929292929 0 0 2e-08 -3249270000.0 2.41166e+13 1e-08 8.535e-04 -1.353e-03 -7.2533 -0.1587 7.852e-05 0.70000 4.7083 -1.088e-02
0.05 0.7 0 0 2e-08 -3249270000.0 2.41166e+13 1e-08 2.182e-04 -0.1421 -5.8740 -8.917e-02 2.008e-05 5.0000e-02 5.4153 -4.9316
0.7 0.7 0 0 2e-08 -3249270000.0 2.41166e+13 1e-08 8.632e-04 -1.429e-03 -7.3221 -0.1550 7.941e-05 0.70000 4.7546 -1.174e-02
