idsperum vfed vg qms vfes ids vgs_out vgs_noswap sweepvar qm qmd
1.820e-11 0. -8.929e-02 -8.510e-07 0. 1.675e-12 -1.707e-15 -1.707e-15 0. 1.093e-05 -1.457e-10
1.820e-11 0. -0.1123 -8.510e-07 0. 1.675e-12 -1.671e-15 -1.671e-15 5.0000e-11 1.093e-05 -1.457e-10
1.820e-11 0. -0.1017 -8.510e-07 0. 1.675e-12 -1.679e-15 -1.679e-15 1.0000e-10 1.093e-05 -1.457e-10
1.820e-11 0. -9.211e-02 -8.510e-07 0. 1.675e-12 -1.683e-15 -1.683e-15 1.5000e-10 1.093e-05 -1.457e-10
1.820e-11 0. -9.597e-02 -8.510e-07 0. 1.675e-12 -1.696e-15 -1.696e-15 2.0000e-10 1.093e-05 -1.457e-10
1.820e-11 0. -7.379e-02 -8.510e-07 0. 1.675e-12 -1.667e-15 -1.667e-15 2.5000e-10 1.093e-05 -1.457e-10
1.820e-11 0. -9.479e-02 -8.510e-07 0. 1.675e-12 -1.661e-15 -1.661e-15 3.0000e-10 1.093e-05 -1.457e-10
1.820e-11 0. -0.1002 -8.510e-07 0. 1.675e-12 -1.683e-15 -1.683e-15 3.5000e-10 1.093e-05 -1.457e-10
1.820e-11 0. -0.1003 -8.510e-07 0. 1.675e-12 -1.692e-15 -1.692e-15 4.0000e-10 1.093e-05 -1.457e-10
1.820e-11 0. -0.1009 -8.510e-07 0. 1.675e-12 -1.687e-15 -1.687e-15 4.5000e-10 1.093e-05 -1.457e-10
1.820e-11 0. -0.1008 -8.510e-07 0. 1.675e-12 -1.653e-15 -1.653e-15 5.0000e-10 1.093e-05 -1.457e-10
1.820e-11 0. -0.1010 -8.510e-07 0. 1.675e-12 -1.665e-15 -1.665e-15 5.5000e-10 1.093e-05 -1.457e-10
1.820e-11 0. -0.1012 -8.510e-07 0. 1.675e-12 -1.679e-15 -1.679e-15 6.0000e-10 1.093e-05 -1.457e-10
1.820e-11 0. -0.1015 -8.510e-07 0. 1.675e-12 -1.693e-15 -1.693e-15 6.5000e-10 1.093e-05 -1.457e-10
1.820e-11 0. -0.1023 -8.510e-07 0. 1.675e-12 -1.684e-15 -1.684e-15 7.0000e-10 1.093e-05 -1.457e-10
1.820e-11 0. -0.1031 -8.510e-07 0. 1.675e-12 -1.675e-15 -1.675e-15 7.5000e-10 1.093e-05 -1.457e-10
1.820e-11 0. -0.1039 -8.510e-07 0. 1.675e-12 -1.666e-15 -1.666e-15 8.0000e-10 1.093e-05 -1.457e-10
1.820e-11 0. -0.1046 -8.510e-07 0. 1.675e-12 -1.657e-15 -1.657e-15 8.5000e-10 1.093e-05 -1.457e-10
1.820e-11 0. -0.1044 -8.510e-07 0. 1.675e-12 -1.654e-15 -1.654e-15 9.0000e-10 1.093e-05 -1.457e-10
1.820e-11 0. -0.1025 -8.510e-07 0. 1.675e-12 -1.660e-15 -1.660e-15 9.5000e-10 1.093e-05 -1.457e-10
1.820e-11 0. -0.1006 -8.510e-07 0. 1.675e-12 -1.665e-15 -1.665e-15 1.0000e-09 1.093e-05 -1.457e-10
2.853e-11 0. -8.304e-02 -1.334e-06 0. 2.625e-12 1.250e-02 1.250e-02 1.0500e-09 1.134e-05 -2.284e-10
4.471e-11 0. -7.302e-02 -2.090e-06 0. 4.114e-12 2.500e-02 2.500e-02 1.1000e-09 1.188e-05 -3.579e-10
7.008e-11 0. -5.473e-02 -3.276e-06 0. 6.447e-12 3.750e-02 3.750e-02 1.1500e-09 1.263e-05 -5.610e-10
1.098e-10 0. -5.970e-02 -5.135e-06 0. 1.010e-11 5.000e-02 5.000e-02 1.2000e-09 1.372e-05 -8.793e-10
1.721e-10 0. -6.583e-02 -8.048e-06 0. 1.584e-11 6.250e-02 6.250e-02 1.2500e-09 1.533e-05 -1.378e-09
2.698e-10 0. -6.065e-02 -1.261e-05 0. 2.482e-11 7.500e-02 7.500e-02 1.3000e-09 1.777e-05 -2.160e-09
4.229e-10 0. -3.489e-02 -1.977e-05 0. 3.890e-11 8.750e-02 8.750e-02 1.3500e-09 2.150e-05 -3.385e-09
6.627e-10 0. -2.725e-02 -3.098e-05 0. 6.097e-11 0.1000 0.1000 1.4000e-09 2.726e-05 -5.306e-09
1.039e-09 0. -2.489e-03 -4.855e-05 0. 9.556e-11 0.1125 0.1125 1.4500e-09 3.619e-05 -8.315e-09
1.628e-09 0. 1.527e-02 -7.608e-05 0. 1.498e-10 0.1250 0.1250 1.5000e-09 5.010e-05 -1.303e-08
2.551e-09 0. 2.169e-02 -1.192e-04 0. 2.347e-10 0.1375 0.1375 1.5500e-09 7.181e-05 -2.042e-08
3.997e-09 0. 2.263e-02 -1.867e-04 0. 3.677e-10 0.1500 0.1500 1.6000e-09 1.057e-04 -3.200e-08
6.262e-09 0. 3.308e-02 -2.924e-04 0. 5.761e-10 0.1625 0.1625 1.6500e-09 1.587e-04 -5.014e-08
9.808e-09 0. 3.531e-02 -4.578e-04 0. 9.024e-10 0.1750 0.1750 1.7000e-09 2.416e-04 -7.855e-08
1.536e-08 0. 5.575e-02 -7.161e-04 0. 1.413e-09 0.1875 0.1875 1.7500e-09 3.710e-04 -1.230e-07
2.403e-08 0. 5.283e-02 -1.119e-03 0. 2.211e-09 0.2000 0.2000 1.8000e-09 5.727e-04 -1.926e-07
3.758e-08 0. 5.845e-02 -1.746e-03 0. 3.458e-09 0.2125 0.2125 1.8500e-09 8.867e-04 -3.012e-07
5.870e-08 0. 7.708e-02 -2.718e-03 0. 5.401e-09 0.2250 0.2250 1.9000e-09 1.374e-03 -4.708e-07
9.153e-08 0. 6.692e-02 -4.219e-03 0. 8.421e-09 0.2375 0.2375 1.9500e-09 2.126e-03 -7.345e-07
1.424e-07 0. 9.969e-02 -6.517e-03 0. 1.310e-08 0.2500 0.2500 2.0000e-09 3.280e-03 -1.143e-06
2.207e-07 0. 0.1110 -1.001e-02 0. 2.031e-08 0.2625 0.2625 2.0500e-09 5.035e-03 -1.773e-06
3.406e-07 0. 0.1214 -1.524e-02 0. 3.134e-08 0.2750 0.2750 2.1000e-09 7.675e-03 -2.735e-06
5.225e-07 0. 0.1572 -2.297e-02 0. 4.807e-08 0.2875 0.2875 2.1500e-09 1.159e-02 -4.188e-06
7.951e-07 0. 0.1394 -3.416e-02 0. 7.315e-08 0.3000 0.3000 2.2000e-09 1.728e-02 -6.348e-06
1.198e-06 0. 0.1519 -4.997e-02 0. 1.102e-07 0.3125 0.3125 2.2500e-09 2.540e-02 -9.491e-06
1.784e-06 0. 0.1527 -7.169e-02 0. 1.641e-07 0.3250 0.3250 2.3000e-09 3.666e-02 -1.395e-05
2.619e-06 0. 0.1803 -0.1006 0. 2.409e-07 0.3375 0.3375 2.3500e-09 5.188e-02 -2.008e-05
3.782e-06 0. 0.1786 -0.1380 0. 3.480e-07 0.3500 0.3500 2.4000e-09 7.181e-02 -2.825e-05
5.367e-06 0. 0.1771 -0.1847 0. 4.938e-07 0.3625 0.3625 2.4500e-09 9.717e-02 -3.878e-05
7.474e-06 0. 0.1883 -0.2413 0. 6.876e-07 0.3750 0.3750 2.5000e-09 0.1285 -5.191e-05
1.021e-05 0. 0.2054 -0.3081 0. 9.394e-07 0.3875 0.3875 2.5500e-09 0.1662 -6.786e-05
1.368e-05 0. 0.2210 -0.3851 0. 1.259e-06 0.4000 0.4000 2.6000e-09 0.2105 -8.679e-05
1.800e-05 0. 0.2315 -0.4721 0. 1.656e-06 0.4125 0.4125 2.6500e-09 0.2613 -1.089e-04
2.325e-05 0. 0.2425 -0.5685 0. 2.139e-06 0.4250 0.4250 2.7000e-09 0.3187 -1.346e-04
2.953e-05 0. 0.2445 -0.6740 0. 2.716e-06 0.4375 0.4375 2.7500e-09 0.3823 -1.644e-04
3.690e-05 0. 0.2554 -0.7879 0. 3.395e-06 0.4500 0.4500 2.8000e-09 0.4519 -1.990e-04
4.542e-05 0. 0.2759 -0.9098 0. 4.179e-06 0.4625 0.4625 2.8500e-09 0.5272 -2.396e-04
5.516e-05 0. 0.2745 -1.0391 0. 5.074e-06 0.4750 0.4750 2.9000e-09 0.6079 -2.875e-04
6.614e-05 0. 0.2889 -1.1754 0. 6.085e-06 0.4875 0.4875 2.9500e-09 0.6937 -3.450e-04
7.839e-05 0. 0.3038 -1.3185 0. 7.212e-06 0.5000 0.5000 3.0000e-09 0.7844 -4.145e-04
7.839e-05 0. 0.3180 -1.3185 0. 7.212e-06 0.5000 0.5000 3.0500e-09 0.7844 -4.145e-04
7.839e-05 0. 0.3311 -1.3185 0. 7.212e-06 0.5000 0.5000 3.1000e-09 0.7844 -4.145e-04
7.839e-05 0. 0.3303 -1.3185 0. 7.212e-06 0.5000 0.5000 3.1500e-09 0.7844 -4.145e-04
7.839e-05 0. 0.3033 -1.3185 0. 7.212e-06 0.5000 0.5000 3.2000e-09 0.7844 -4.145e-04
7.839e-05 0. 0.3182 -1.3185 0. 7.212e-06 0.5000 0.5000 3.2500e-09 0.7844 -4.145e-04
7.839e-05 0. 0.3047 -1.3185 0. 7.212e-06 0.5000 0.5000 3.3000e-09 0.7844 -4.145e-04
7.839e-05 0. 0.3226 -1.3185 0. 7.212e-06 0.5000 0.5000 3.3500e-09 0.7844 -4.145e-04
7.839e-05 0. 0.3033 -1.3185 0. 7.212e-06 0.5000 0.5000 3.4000e-09 0.7844 -4.145e-04
7.839e-05 0. 0.3316 -1.3185 0. 7.212e-06 0.5000 0.5000 3.4500e-09 0.7844 -4.145e-04
7.839e-05 0. 0.3177 -1.3185 0. 7.212e-06 0.5000 0.5000 3.5000e-09 0.7844 -4.145e-04
7.839e-05 0. 0.3114 -1.3185 0. 7.212e-06 0.5000 0.5000 3.5500e-09 0.7844 -4.145e-04
7.839e-05 0. 0.3087 -1.3185 0. 7.212e-06 0.5000 0.5000 3.6000e-09 0.7844 -4.145e-04
7.839e-05 0. 0.3167 -1.3185 0. 7.212e-06 0.5000 0.5000 3.6500e-09 0.7844 -4.145e-04
7.839e-05 0. 0.3176 -1.3185 0. 7.212e-06 0.5000 0.5000 3.7000e-09 0.7844 -4.145e-04
7.839e-05 0. 0.3081 -1.3185 0. 7.212e-06 0.5000 0.5000 3.7500e-09 0.7844 -4.145e-04
7.839e-05 0. 0.3063 -1.3185 0. 7.212e-06 0.5000 0.5000 3.8000e-09 0.7844 -4.145e-04
7.839e-05 0. 0.3288 -1.3185 0. 7.212e-06 0.5000 0.5000 3.8500e-09 0.7844 -4.145e-04
7.839e-05 0. 0.3309 -1.3185 0. 7.212e-06 0.5000 0.5000 3.9000e-09 0.7844 -4.145e-04
7.839e-05 0. 0.3282 -1.3185 0. 7.212e-06 0.5000 0.5000 3.9500e-09 0.7844 -4.145e-04
7.839e-05 0. 0.3187 -1.3185 0. 7.212e-06 0.5000 0.5000 4.0000e-09 0.7844 -4.145e-04
7.839e-05 0. 0.3105 -1.3185 0. 7.212e-06 0.5000 0.5000 4.0500e-09 0.7844 -4.145e-04
7.839e-05 0. 0.3080 -1.3185 0. 7.212e-06 0.5000 0.5000 4.1000e-09 0.7844 -4.145e-04
7.839e-05 0. 0.3113 -1.3185 0. 7.212e-06 0.5000 0.5000 4.1500e-09 0.7844 -4.145e-04
7.839e-05 0. 0.3102 -1.3185 0. 7.212e-06 0.5000 0.5000 4.2000e-09 0.7844 -4.145e-04
7.839e-05 0. 0.3087 -1.3185 0. 7.212e-06 0.5000 0.5000 4.2500e-09 0.7844 -4.145e-04
7.839e-05 0. 0.3086 -1.3185 0. 7.212e-06 0.5000 0.5000 4.3000e-09 0.7844 -4.145e-04
7.839e-05 0. 0.3089 -1.3185 0. 7.212e-06 0.5000 0.5000 4.3500e-09 0.7844 -4.145e-04
7.839e-05 0. 0.3109 -1.3185 0. 7.212e-06 0.5000 0.5000 4.4000e-09 0.7844 -4.145e-04
7.839e-05 0. 0.3130 -1.3185 0. 7.212e-06 0.5000 0.5000 4.4500e-09 0.7844 -4.145e-04
7.839e-05 0. 0.3141 -1.3185 0. 7.212e-06 0.5000 0.5000 4.5000e-09 0.7844 -4.145e-04
7.839e-05 0. 0.3147 -1.3185 0. 7.212e-06 0.5000 0.5000 4.5500e-09 0.7844 -4.145e-04
7.839e-05 0. 0.3153 -1.3185 0. 7.212e-06 0.5000 0.5000 4.6000e-09 0.7844 -4.145e-04
7.839e-05 0. 0.3159 -1.3185 0. 7.212e-06 0.5000 0.5000 4.6500e-09 0.7844 -4.145e-04
7.839e-05 0. 0.3165 -1.3185 0. 7.212e-06 0.5000 0.5000 4.7000e-09 0.7844 -4.145e-04
7.839e-05 0. 0.3171 -1.3185 0. 7.212e-06 0.5000 0.5000 4.7500e-09 0.7844 -4.145e-04
7.839e-05 0. 0.3176 -1.3185 0. 7.212e-06 0.5000 0.5000 4.8000e-09 0.7844 -4.145e-04
7.839e-05 0. 0.3180 -1.3185 0. 7.212e-06 0.5000 0.5000 4.8500e-09 0.7844 -4.145e-04
7.839e-05 0. 0.3175 -1.3185 0. 7.212e-06 0.5000 0.5000 4.9000e-09 0.7844 -4.145e-04
7.839e-05 0. 0.3169 -1.3185 0. 7.212e-06 0.5000 0.5000 4.9500e-09 0.7844 -4.145e-04
7.839e-05 0. 0.3163 -1.3185 0. 7.212e-06 0.5000 0.5000 5.0000e-09 0.7844 -4.145e-04
6.614e-05 0. 0.2886 -1.1754 0. 6.085e-06 0.4875 0.4875 5.0500e-09 0.6937 -3.450e-04
5.516e-05 0. 0.2914 -1.0391 0. 5.074e-06 0.4750 0.4750 5.1000e-09 0.6079 -2.875e-04
4.542e-05 0. 0.2771 -0.9098 0. 4.179e-06 0.4625 0.4625 5.1500e-09 0.5272 -2.396e-04
3.690e-05 0. 0.2691 -0.7879 0. 3.395e-06 0.4500 0.4500 5.2000e-09 0.4519 -1.990e-04
2.953e-05 0. 0.2467 -0.6740 0. 2.716e-06 0.4375 0.4375 5.2500e-09 0.3823 -1.644e-04
2.325e-05 0. 0.2473 -0.5685 0. 2.139e-06 0.4250 0.4250 5.3000e-09 0.3187 -1.346e-04
1.800e-05 0. 0.2396 -0.4721 0. 1.656e-06 0.4125 0.4125 5.3500e-09 0.2613 -1.089e-04
1.368e-05 0. 0.2387 -0.3851 0. 1.259e-06 0.4000 0.4000 5.4000e-09 0.2105 -8.679e-05
1.021e-05 0. 0.2150 -0.3081 0. 9.394e-07 0.3875 0.3875 5.4500e-09 0.1662 -6.786e-05
7.474e-06 0. 0.1896 -0.2413 0. 6.876e-07 0.3750 0.3750 5.5000e-09 0.1285 -5.191e-05
5.367e-06 0. 0.1828 -0.1847 0. 4.938e-07 0.3625 0.3625 5.5500e-09 9.717e-02 -3.878e-05
3.782e-06 0. 0.1721 -0.1380 0. 3.480e-07 0.3500 0.3500 5.6000e-09 7.181e-02 -2.825e-05
2.619e-06 0. 0.1712 -0.1006 0. 2.409e-07 0.3375 0.3375 5.6500e-09 5.188e-02 -2.008e-05
1.784e-06 0. 0.1461 -7.169e-02 0. 1.641e-07 0.3250 0.3250 5.7000e-09 3.666e-02 -1.395e-05
1.198e-06 0. 0.1509 -4.997e-02 0. 1.102e-07 0.3125 0.3125 5.7500e-09 2.540e-02 -9.491e-06
7.951e-07 0. 0.1341 -3.416e-02 0. 7.315e-08 0.3000 0.3000 5.8000e-09 1.728e-02 -6.348e-06
5.225e-07 0. 0.1259 -2.297e-02 0. 4.807e-08 0.2875 0.2875 5.8500e-09 1.159e-02 -4.188e-06
3.406e-07 0. 0.1143 -1.524e-02 0. 3.134e-08 0.2750 0.2750 5.9000e-09 7.675e-03 -2.735e-06
2.207e-07 0. 0.1127 -1.001e-02 0. 2.031e-08 0.2625 0.2625 5.9500e-09 5.035e-03 -1.773e-06
1.424e-07 0. 9.595e-02 -6.517e-03 0. 1.310e-08 0.2500 0.2500 6.0000e-09 3.280e-03 -1.143e-06
9.153e-08 0. 8.066e-02 -4.219e-03 0. 8.421e-09 0.2375 0.2375 6.0500e-09 2.126e-03 -7.345e-07
5.870e-08 0. 7.762e-02 -2.718e-03 0. 5.401e-09 0.2250 0.2250 6.1000e-09 1.374e-03 -4.708e-07
3.758e-08 0. 7.638e-02 -1.746e-03 0. 3.458e-09 0.2125 0.2125 6.1500e-09 8.867e-04 -3.012e-07
2.403e-08 0. 5.181e-02 -1.119e-03 0. 2.211e-09 0.2000 0.2000 6.2000e-09 5.727e-04 -1.926e-07
1.536e-08 0. 3.783e-02 -7.161e-04 0. 1.413e-09 0.1875 0.1875 6.2500e-09 3.710e-04 -1.230e-07
9.808e-09 0. 2.806e-02 -4.578e-04 0. 9.024e-10 0.1750 0.1750 6.3000e-09 2.416e-04 -7.855e-08
6.262e-09 0. 3.867e-02 -2.924e-04 0. 5.761e-10 0.1625 0.1625 6.3500e-09 1.587e-04 -5.014e-08
3.997e-09 0. -1.372e-02 -1.867e-04 0. 3.677e-10 0.1500 0.1500 6.4000e-09 1.057e-04 -3.200e-08
2.551e-09 0. 2.349e-02 -1.192e-04 0. 2.347e-10 0.1375 0.1375 6.4500e-09 7.181e-05 -2.042e-08
1.628e-09 0. 1.562e-02 -7.608e-05 0. 1.498e-10 0.1250 0.1250 6.5000e-09 5.010e-05 -1.303e-08
1.039e-09 0. -1.711e-02 -4.855e-05 0. 9.556e-11 0.1125 0.1125 6.5500e-09 3.619e-05 -8.315e-09
6.627e-10 0. -2.857e-02 -3.098e-05 0. 6.097e-11 0.1000 0.1000 6.6000e-09 2.726e-05 -5.306e-09
4.229e-10 0. -4.126e-03 -1.977e-05 0. 3.890e-11 8.750e-02 8.750e-02 6.6500e-09 2.150e-05 -3.385e-09
2.698e-10 0. -4.016e-02 -1.261e-05 0. 2.482e-11 7.500e-02 7.500e-02 6.7000e-09 1.777e-05 -2.160e-09
1.721e-10 0. -7.008e-02 -8.048e-06 0. 1.584e-11 6.250e-02 6.250e-02 6.7500e-09 1.533e-05 -1.378e-09
1.098e-10 0. -4.440e-02 -5.135e-06 0. 1.010e-11 5.000e-02 5.000e-02 6.8000e-09 1.372e-05 -8.793e-10
7.008e-11 0. -8.938e-02 -3.276e-06 0. 6.447e-12 3.750e-02 3.750e-02 6.8500e-09 1.263e-05 -5.610e-10
4.471e-11 0. -9.281e-02 -2.090e-06 0. 4.114e-12 2.500e-02 2.500e-02 6.9000e-09 1.188e-05 -3.579e-10
2.853e-11 0. -8.976e-02 -1.334e-06 0. 2.625e-12 1.250e-02 1.250e-02 6.9500e-09 1.134e-05 -2.284e-10
1.820e-11 0. -0.1026 -8.510e-07 0. 1.675e-12 3.296e-12 3.296e-12 7.0000e-09 1.093e-05 -1.457e-10
1.820e-11 0. -8.959e-02 -8.510e-07 0. 1.675e-12 -1.664e-15 -1.664e-15 7.0500e-09 1.093e-05 -1.457e-10
1.820e-11 0. -9.587e-02 -8.510e-07 0. 1.675e-12 -1.661e-15 -1.661e-15 7.1000e-09 1.093e-05 -1.457e-10
1.820e-11 0. -0.1003 -8.510e-07 0. 1.675e-12 -1.710e-15 -1.710e-15 7.1500e-09 1.093e-05 -1.457e-10
1.820e-11 0. -0.1011 -8.510e-07 0. 1.675e-12 -1.679e-15 -1.679e-15 7.2000e-09 1.093e-05 -1.457e-10
1.820e-11 0. -0.1043 -8.510e-07 0. 1.675e-12 -1.693e-15 -1.693e-15 7.2500e-09 1.093e-05 -1.457e-10
1.820e-11 0. -8.300e-02 -8.510e-07 0. 1.675e-12 -1.678e-15 -1.678e-15 7.3000e-09 1.093e-05 -1.457e-10
1.820e-11 0. -8.909e-02 -8.510e-07 0. 1.675e-12 -1.686e-15 -1.686e-15 7.3500e-09 1.093e-05 -1.457e-10
1.820e-11 0. -0.1057 -8.510e-07 0. 1.675e-12 -1.694e-15 -1.694e-15 7.4000e-09 1.093e-05 -1.457e-10
1.820e-11 0. -0.1072 -8.510e-07 0. 1.675e-12 -1.680e-15 -1.680e-15 7.4500e-09 1.093e-05 -1.457e-10
1.820e-11 0. -8.470e-02 -8.510e-07 0. 1.675e-12 -1.705e-15 -1.705e-15 7.5000e-09 1.093e-05 -1.457e-10
1.820e-11 0. -9.190e-02 -8.510e-07 0. 1.675e-12 -1.665e-15 -1.665e-15 7.5500e-09 1.093e-05 -1.457e-10
1.820e-11 0. -9.161e-02 -8.510e-07 0. 1.675e-12 -1.679e-15 -1.679e-15 7.6000e-09 1.093e-05 -1.457e-10
1.820e-11 0. -8.760e-02 -8.510e-07 0. 1.675e-12 -1.671e-15 -1.671e-15 7.6500e-09 1.093e-05 -1.457e-10
1.820e-11 0. -8.772e-02 -8.510e-07 0. 1.675e-12 -1.671e-15 -1.671e-15 7.7000e-09 1.093e-05 -1.457e-10
1.820e-11 0. -8.610e-02 -8.510e-07 0. 1.675e-12 -1.693e-15 -1.693e-15 7.7500e-09 1.093e-05 -1.457e-10
1.820e-11 0. -7.820e-02 -8.510e-07 0. 1.675e-12 -1.669e-15 -1.669e-15 7.8000e-09 1.093e-05 -1.457e-10
1.820e-11 0. -8.909e-02 -8.510e-07 0. 1.675e-12 -1.682e-15 -1.682e-15 7.8500e-09 1.093e-05 -1.457e-10
1.820e-11 0. -7.879e-02 -8.510e-07 0. 1.675e-12 -1.679e-15 -1.679e-15 7.9000e-09 1.093e-05 -1.457e-10
1.820e-11 0. -9.456e-02 -8.510e-07 0. 1.675e-12 -1.676e-15 -1.676e-15 7.9500e-09 1.093e-05 -1.457e-10
1.820e-11 0. -8.844e-02 -8.510e-07 0. 1.675e-12 -1.693e-15 -1.693e-15 8.0000e-09 1.093e-05 -1.457e-10
