Vd Vg Vs Vb L Ids Qg E_FE V_FE  
0.05 0.0 0 0 1e-06 4.797e-13 -3.595e-19 580.3824 1.335e-04 
0.3 0.0 0 0 1e-06 5.629e-13 -2.170e-18 3.503e+03 8.057e-04 
0.05 0.0030303030303 0 0 1e-06 5.395e-13 -3.158e-19 509.8333 1.173e-04 
0.3 0.0030303030303 0 0 1e-06 6.335e-13 -2.126e-18 3.431e+03 7.893e-04 
0.05 0.00606060606061 0 0 1e-06 6.068e-13 -2.721e-19 439.3135 1.010e-04 
0.3 0.00606060606061 0 0 1e-06 7.115e-13 -2.082e-18 3.362e+03 7.733e-04 
0.05 0.00909090909091 0 0 1e-06 6.830e-13 -2.279e-19 367.8843 8.461e-05 
0.3 0.00909090909091 0 0 1e-06 8.016e-13 -2.038e-18 3.290e+03 7.567e-04 
0.05 0.0121212121212 0 0 1e-06 7.680e-13 -1.841e-19 297.1819 6.835e-05 
0.3 0.0121212121212 0 0 1e-06 9.018e-13 -1.994e-18 3.219e+03 7.404e-04 
0.05 0.0151515151515 0 0 1e-06 8.635e-13 -1.404e-19 226.6125 5.212e-05 
0.3 0.0151515151515 0 0 1e-06 1.015e-12 -1.950e-18 3.148e+03 7.241e-04 
0.05 0.0181818181818 0 0 1e-06 9.721e-13 -9.593e-20 154.8767 3.562e-05 
0.3 0.0181818181818 0 0 1e-06 1.142e-12 -1.906e-18 3.077e+03 7.077e-04 
0.05 0.0212121212121 0 0 1e-06 1.093e-12 -5.225e-20 84.3520 1.940e-05 
0.3 0.0212121212121 0 0 1e-06 1.286e-12 -1.862e-18 3.005e+03 6.913e-04 
0.05 0.0242424242424 0 0 1e-06 1.231e-12 -8.028e-21 12.9606 2.981e-06 
0.3 0.0242424242424 0 0 1e-06 1.445e-12 -1.818e-18 2.934e+03 6.750e-04 
0.05 0.0272727272727 0 0 1e-06 1.384e-12 3.596e-20 -58.0505 -1.335e-05 
0.3 0.0272727272727 0 0 1e-06 1.626e-12 -1.774e-18 2.864e+03 6.587e-04 
0.05 0.030303030303 0 0 1e-06 1.557e-12 7.994e-20 -129.0675 -2.969e-05 
0.3 0.030303030303 0 0 1e-06 1.828e-12 -1.730e-18 2.793e+03 6.424e-04 
0.05 0.0333333333333 0 0 1e-06 1.753e-12 1.240e-19 -200.2300 -4.605e-05 
0.3 0.0333333333333 0 0 1e-06 2.058e-12 -1.686e-18 2.722e+03 6.262e-04 
0.05 0.0363636363636 0 0 1e-06 1.973e-12 1.687e-19 -272.3622 -6.264e-05 
0.3 0.0363636363636 0 0 1e-06 2.315e-12 -1.642e-18 2.650e+03 6.096e-04 
0.05 0.0393939393939 0 0 1e-06 2.214e-12 2.120e-19 -342.3274 -7.874e-05 
0.3 0.0393939393939 0 0 1e-06 2.601e-12 -1.598e-18 2.579e+03 5.934e-04 
0.05 0.0424242424242 0 0 1e-06 2.493e-12 2.563e-19 -413.8195 -9.518e-05 
0.3 0.0424242424242 0 0 1e-06 2.926e-12 -1.554e-18 2.508e+03 5.770e-04 
0.05 0.0454545454545 0 0 1e-06 2.806e-12 3.007e-19 -485.4134 -1.116e-04 
0.3 0.0454545454545 0 0 1e-06 3.295e-12 -1.510e-18 2.437e+03 5.606e-04 
0.05 0.0484848484848 0 0 1e-06 3.150e-12 3.434e-19 -554.4760 -1.275e-04 
0.3 0.0484848484848 0 0 1e-06 3.708e-12 -1.465e-18 2.365e+03 5.440e-04 
0.05 0.0515151515152 0 0 1e-06 3.558e-12 3.900e-19 -629.5988 -1.448e-04 
0.3 0.0515151515152 0 0 1e-06 4.176e-12 -1.420e-18 2.293e+03 5.274e-04 
0.05 0.0545454545455 0 0 1e-06 3.993e-12 4.335e-19 -699.8351 -1.610e-04 
0.3 0.0545454545455 0 0 1e-06 4.692e-12 -1.377e-18 2.222e+03 5.112e-04 
0.05 0.0575757575758 0 0 1e-06 4.502e-12 4.789e-19 -773.2188 -1.778e-04 
0.3 0.0575757575758 0 0 1e-06 5.279e-12 -1.332e-18 2.151e+03 4.947e-04 
0.05 0.0606060606061 0 0 1e-06 5.057e-12 5.225e-19 -843.5821 -1.940e-04 
0.3 0.0606060606061 0 0 1e-06 5.946e-12 -1.288e-18 2.079e+03 4.782e-04 
0.05 0.0636363636364 0 0 1e-06 5.700e-12 5.681e-19 -917.1114 -2.109e-04 
0.3 0.0636363636364 0 0 1e-06 6.672e-12 -1.244e-18 2.008e+03 4.620e-04 
0.05 0.0666666666667 0 0 1e-06 6.400e-12 6.117e-19 -987.5663 -2.271e-04 
0.3 0.0666666666667 0 0 1e-06 6.076e-16 -3.587e-15 5.790e+06 1.3318 
0.05 0.069696969697 0 0 1e-06 5.032e-16 -3.597e-15 5.807e+06 1.3358 
0.3 0.069696969697 0 0 1e-06 6.068e-16 -3.597e-15 5.807e+06 1.3356 
0.05 0.0727272727273 0 0 1e-06 5.026e-16 -3.608e-15 5.824e+06 1.3396 
0.3 0.0727272727273 0 0 1e-06 6.059e-16 -3.607e-15 5.823e+06 1.3394 
0.05 0.0757575757576 0 0 1e-06 5.019e-16 -3.618e-15 5.841e+06 1.3434 
0.3 0.0757575757576 0 0 1e-06 6.051e-16 -3.617e-15 5.840e+06 1.3432 
0.05 0.0787878787879 0 0 1e-06 5.012e-16 -3.628e-15 5.857e+06 1.3472 
0.3 0.0787878787879 0 0 1e-06 6.043e-16 -3.628e-15 5.856e+06 1.3471 
0.05 0.0818181818182 0 0 1e-06 5.006e-16 -3.638e-15 5.874e+06 1.3511 
0.3 0.0818181818182 0 0 1e-06 6.035e-16 -3.638e-15 5.873e+06 1.3509 
0.05 0.0848484848485 0 0 1e-06 4.999e-16 -3.649e-15 5.890e+06 1.3549 
0.3 0.0848484848485 0 0 1e-06 1.524e-11 -9.298e-19 1.501e+03 3.452e-04 
0.05 0.0878787878788 0 0 1e-06 1.457e-11 9.269e-19 -1.496e+03 -3.442e-04 
0.3 0.0878787878788 0 0 1e-06 0. NaN NaN NaN 
0.05 0.0909090909091 0 0 1e-06 1.647e-11 9.741e-19 -1.572e+03 -3.617e-04 
0.3 0.0909090909091 0 0 1e-06 1.928e-11 -8.389e-19 1.354e+03 3.115e-04 
0.05 0.0939393939394 0 0 1e-06 1.847e-11 1.019e-18 -1.645e+03 -3.785e-04 
0.3 0.0939393939394 0 0 1e-06 2.169e-11 -7.931e-19 1.280e+03 2.945e-04 
0.05 0.0969696969697 0 0 1e-06 2.083e-11 1.066e-18 -1.721e+03 -3.960e-04 
0.3 0.0969696969697 0 0 1e-06 5.995e-16 -3.689e-15 5.956e+06 1.3699 
0.05 0.1 0 0 1e-06 4.965e-16 -3.700e-15 5.973e+06 1.3739 
0.3 0.1 0 0 1e-06 2.745e-11 -7.009e-19 1.131e+03 2.603e-04 
0.05 0.10303030303 0 0 1e-06 2.621e-11 1.158e-18 -1.869e+03 -4.301e-04 
0.3 0.10303030303 0 0 1e-06 5.979e-16 -3.710e-15 5.989e+06 1.3776 
0.05 0.106060606061 0 0 1e-06 4.953e-16 -3.721e-15 6.006e+06 1.3816 
0.3 0.106060606061 0 0 1e-06 5.971e-16 -3.720e-15 6.006e+06 1.3814 
0.05 0.109090909091 0 0 1e-06 4.946e-16 -3.731e-15 6.023e+06 1.3854 
0.3 0.109090909091 0 0 1e-06 3.908e-11 -5.603e-19 904.6015 2.081e-04 
0.05 0.112121212121 0 0 1e-06 3.741e-11 1.303e-18 -2.102e+03 -4.837e-04 
0.3 0.112121212121 0 0 1e-06 5.956e-16 -3.741e-15 6.039e+06 1.3890 
0.05 0.115151515152 0 0 1e-06 4.211e-11 1.352e-18 -2.182e+03 -5.020e-04 
0.3 0.115151515152 0 0 1e-06 5.948e-16 -3.751e-15 6.055e+06 1.3928 
0.05 0.118181818182 0 0 1e-06 4.744e-11 1.402e-18 -2.263e+03 -5.206e-04 
0.3 0.118181818182 0 0 1e-06 5.940e-16 -3.761e-15 6.072e+06 1.3966 
0.05 0.121212121212 0 0 1e-06 4.921e-16 -3.772e-15 6.089e+06 1.4006 
0.3 0.121212121212 0 0 1e-06 4.641e-06 4.078e-15 -6.583e+06 -1.5143 
0.05 0.124242424242 0 0 1e-06 7.671e-07 3.041e-15 -4.909e+06 -1.1292 
0.3 0.124242424242 0 0 1e-06 5.924e-16 -3.782e-15 6.105e+06 1.4042 
0.05 0.127272727273 0 0 1e-06 4.907e-16 -3.792e-15 6.122e+06 1.4082 
0.3 0.127272727273 0 0 1e-06 5.917e-16 -3.792e-15 6.121e+06 1.4080 
0.05 0.130303030303 0 0 1e-06 4.901e-16 -3.803e-15 6.139e+06 1.4120 
0.3 0.130303030303 0 0 1e-06 5.909e-16 -3.802e-15 6.138e+06 1.4118 
0.05 0.133333333333 0 0 1e-06 4.894e-16 -3.813e-15 6.155e+06 1.4158 
0.3 0.133333333333 0 0 1e-06 5.901e-16 -3.812e-15 6.154e+06 1.4156 
0.05 0.136363636364 0 0 1e-06 4.888e-16 -3.823e-15 6.172e+06 1.4196 
0.3 0.136363636364 0 0 1e-06 1.127e-10 -1.085e-19 175.1567 4.029e-05 
0.05 0.139393939394 0 0 1e-06 1.079e-10 1.773e-18 -2.862e+03 -6.583e-04 
0.3 0.139393939394 0 0 1e-06 5.886e-16 -3.833e-15 6.188e+06 1.4232 
0.05 0.142424242424 0 0 1e-06 1.215e-10 1.831e-18 -2.956e+03 -6.800e-04 
0.3 0.142424242424 0 0 1e-06 5.878e-16 -3.843e-15 6.204e+06 1.4270 
0.05 0.145454545455 0 0 1e-06 4.869e-16 -3.854e-15 6.221e+06 1.4310 
0.3 0.145454545455 0 0 1e-06 1.604e-10 5.996e-20 -96.8053 -2.227e-05 
0.05 0.148484848485 0 0 1e-06 1.533e-10 1.952e-18 -3.152e+03 -7.250e-04 
0.3 0.148484848485 0 0 1e-06 5.863e-16 -3.864e-15 6.237e+06 1.4346 
0.05 0.151515151515 0 0 1e-06 4.856e-16 -3.874e-15 6.254e+06 1.4386 
0.3 0.151515151515 0 0 1e-06 5.855e-16 -3.874e-15 6.254e+06 1.4384 
0.05 0.154545454545 0 0 1e-06 4.850e-16 -3.884e-15 6.271e+06 1.4424 
0.3 0.154545454545 0 0 1e-06 5.847e-16 -3.884e-15 6.270e+06 1.4422 
0.05 0.157575757576 0 0 1e-06 4.843e-16 -3.895e-15 6.287e+06 1.4462 
0.3 0.157575757576 0 0 1e-06 5.840e-16 -3.894e-15 6.287e+06 1.4460 
0.05 0.160606060606 0 0 1e-06 4.837e-16 -3.905e-15 6.304e+06 1.4500 
0.3 0.160606060606 0 0 1e-06 5.832e-16 -3.904e-15 6.303e+06 1.4498 
0.05 0.163636363636 0 0 1e-06 4.831e-16 -3.915e-15 6.320e+06 1.4538 
0.3 0.163636363636 0 0 1e-06 5.825e-16 -3.915e-15 6.320e+06 1.4536 
0.05 0.166666666667 0 0 1e-06 4.825e-16 -3.925e-15 6.337e+06 1.4576 
0.3 0.166666666667 0 0 1e-06 5.817e-16 -3.925e-15 6.336e+06 1.4574 
0.05 0.169696969697 0 0 1e-06 4.818e-16 -3.936e-15 6.353e+06 1.4614 
0.3 0.169696969697 0 0 1e-06 5.810e-16 -3.935e-15 6.353e+06 1.4612 
0.05 0.172727272727 0 0 1e-06 4.812e-16 -3.946e-15 6.370e+06 1.4652 
0.3 0.172727272727 0 0 1e-06 4.610e-10 6.863e-19 -1.108e+03 -2.549e-04 
0.05 0.175757575758 0 0 1e-06 4.407e-10 2.654e-18 -4.284e+03 -9.855e-04 
0.3 0.175757575758 0 0 1e-06 5.794e-16 -3.955e-15 6.386e+06 1.4688 
0.05 0.178787878788 0 0 1e-06 4.800e-16 -3.966e-15 6.403e+06 1.4727 
0.3 0.178787878788 0 0 1e-06 8.940e-16 -4.248e-15 6.857e+06 1.5772 
0.05 0.181818181818 0 0 1e-06 5.564e-10 2.865e-18 -4.625e+03 -1.064e-03 
0.3 0.181818181818 0 0 1e-06 5.780e-16 -3.976e-15 6.419e+06 1.4764 
0.05 0.184848484848 0 0 1e-06 4.787e-16 -3.987e-15 6.436e+06 1.4803 
0.3 0.184848484848 0 0 1e-06 5.772e-16 -3.986e-15 6.435e+06 1.4802 
0.05 0.187878787879 0 0 1e-06 4.781e-16 -3.997e-15 6.452e+06 1.4841 
0.3 0.187878787879 0 0 1e-06 5.765e-16 -3.996e-15 6.451e+06 1.4839 
0.05 0.190909090909 0 0 1e-06 4.775e-16 -4.007e-15 6.469e+06 1.4879 
0.3 0.190909090909 0 0 1e-06 5.757e-16 -4.007e-15 6.468e+06 1.4877 
0.05 0.193939393939 0 0 1e-06 4.769e-16 -4.017e-15 6.485e+06 1.4917 
0.3 0.193939393939 0 0 1e-06 5.750e-16 -4.017e-15 6.484e+06 1.4915 
0.05 0.19696969697 0 0 1e-06 4.763e-16 -4.027e-15 6.502e+06 1.4955 
0.3 0.19696969697 0 0 1e-06 5.742e-16 -4.027e-15 6.501e+06 1.4953 
0.05 0.2 0 0 1e-06 4.757e-16 -4.038e-15 6.518e+06 1.4993 
0.3 0.2 0 0 1e-06 1.315e-09 1.733e-18 -2.798e+03 -6.436e-04 
0.05 0.20303030303 0 0 1e-06 1.253e-09 3.911e-18 -6.314e+03 -1.452e-03 
0.3 0.20303030303 0 0 1e-06 1.477e-09 1.899e-18 -3.066e+03 -7.053e-04 
0.05 0.206060606061 0 0 1e-06 1.406e-09 4.117e-18 -6.647e+03 -1.529e-03 
0.3 0.206060606061 0 0 1e-06 1.657e-09 2.079e-18 -3.357e+03 -7.721e-04 
0.05 0.209090909091 0 0 1e-06 1.576e-09 4.342e-18 -7.009e+03 -1.612e-03 
0.3 0.209090909091 0 0 1e-06 5.713e-16 -4.068e-15 6.567e+06 1.5105 
0.05 0.212121212121 0 0 1e-06 4.732e-16 -4.078e-15 6.584e+06 1.5144 
0.3 0.212121212121 0 0 1e-06 5.706e-16 -4.078e-15 6.583e+06 1.5142 
0.05 0.215151515152 0 0 1e-06 4.726e-16 -4.089e-15 6.600e+06 1.5182 
0.3 0.215151515152 0 0 1e-06 5.698e-16 -4.088e-15 6.600e+06 1.5180 
0.05 0.218181818182 0 0 1e-06 4.720e-16 -4.099e-15 6.617e+06 1.5220 
0.3 0.218181818182 0 0 1e-06 5.691e-16 -4.098e-15 6.616e+06 1.5218 
0.05 0.221212121212 0 0 1e-06 4.715e-16 -4.109e-15 6.633e+06 1.5257 
0.3 0.221212121212 0 0 1e-06 5.684e-16 -4.108e-15 6.633e+06 1.5256 
0.05 0.224242424242 0 0 1e-06 4.708e-16 -4.119e-15 6.650e+06 1.5295 
0.3 0.224242424242 0 0 1e-06 5.677e-16 -4.119e-15 6.649e+06 1.5294 
0.05 0.227272727273 0 0 1e-06 4.702e-16 -4.129e-15 6.666e+06 1.5333 
0.3 0.227272727273 0 0 1e-06 5.669e-16 -4.129e-15 6.665e+06 1.5331 
0.05 0.230303030303 0 0 1e-06 4.696e-16 -4.139e-15 6.683e+06 1.5371 
0.3 0.230303030303 0 0 1e-06 4.119e-09 4.253e-18 -6.866e+03 -1.579e-03 
0.05 0.233333333333 0 0 1e-06 7.332e-07 2.051e-15 -3.310e+06 -0.7615 
0.3 0.233333333333 0 0 1e-06 5.655e-16 -4.149e-15 6.698e+06 1.5407 
0.05 0.236363636364 0 0 1e-06 4.333e-09 7.637e-18 -1.233e+04 -2.836e-03 
0.3 0.236363636364 0 0 1e-06 5.648e-16 -4.159e-15 6.715e+06 1.5445 
0.05 0.239393939394 0 0 1e-06 4.678e-16 -4.170e-15 6.732e+06 1.5484 
0.3 0.239393939394 0 0 1e-06 5.641e-16 -4.170e-15 6.731e+06 1.5483 
0.05 0.242424242424 0 0 1e-06 4.672e-16 -4.180e-15 6.748e+06 1.5522 
0.3 0.242424242424 0 0 1e-06 5.634e-16 -4.180e-15 6.748e+06 1.5520 
0.05 0.245454545455 0 0 1e-06 4.666e-16 -4.190e-15 6.765e+06 1.5560 
0.3 0.245454545455 0 0 1e-06 5.626e-16 -4.190e-15 6.764e+06 1.5558 
0.05 0.248484848485 0 0 1e-06 4.661e-16 -4.200e-15 6.781e+06 1.5598 
0.3 0.248484848485 0 0 1e-06 5.619e-16 -4.200e-15 6.780e+06 1.5596 
0.05 0.251515151515 0 0 1e-06 4.655e-16 -4.211e-15 6.798e+06 1.5635 
0.3 0.251515151515 0 0 1e-06 5.612e-16 -4.210e-15 6.797e+06 1.5634 
0.05 0.254545454545 0 0 1e-06 4.649e-16 -4.221e-15 6.814e+06 1.5673 
0.3 0.254545454545 0 0 1e-06 9.887e-09 8.651e-18 -1.396e+04 -3.212e-03 
0.05 0.257575757576 0 0 1e-06 9.146e-09 1.296e-17 -2.091e+04 -4.811e-03 
0.3 0.257575757576 0 0 1e-06 1.099e-08 9.442e-18 -1.524e+04 -3.506e-03 
0.05 0.260606060606 0 0 1e-06 1.014e-08 1.404e-17 -2.266e+04 -5.212e-03 
0.3 0.260606060606 0 0 1e-06 5.591e-16 -4.241e-15 6.846e+06 1.5747 
0.05 0.263636363636 0 0 1e-06 7.115e-07 1.758e-15 -2.838e+06 -0.6528 
0.3 0.263636363636 0 0 1e-06 5.584e-16 -4.251e-15 6.862e+06 1.5785 
0.05 0.266666666667 0 0 1e-06 4.626e-16 -4.261e-15 6.880e+06 1.5824 
0.3 0.266666666667 0 0 1e-06 5.577e-16 -4.261e-15 6.879e+06 1.5822 
0.05 0.269696969697 0 0 1e-06 4.620e-16 -4.272e-15 6.896e+06 1.5862 
0.3 0.269696969697 0 0 1e-06 1.667e-08 1.332e-17 -2.150e+04 -4.946e-03 
0.05 0.272727272727 0 0 1e-06 1.518e-08 1.941e-17 -3.133e+04 -7.208e-03 
0.3 0.272727272727 0 0 1e-06 1.847e-08 1.449e-17 -2.339e+04 -5.382e-03 
0.05 0.275757575758 0 0 1e-06 6.999e-07 1.637e-15 -2.642e+06 -0.6078 
0.3 0.275757575758 0 0 1e-06 4.547e-06 2.703e-15 -4.364e+06 -1.0039 
0.05 0.278787878788 0 0 1e-06 6.966e-07 1.606e-15 -2.593e+06 -0.5964 
0.3 0.278787878788 0 0 1e-06 2.259e-08 1.712e-17 -2.763e+04 -6.356e-03 
0.05 0.281818181818 0 0 1e-06 2.033e-08 2.484e-17 -4.010e+04 -9.224e-03 
0.3 0.281818181818 0 0 1e-06 5.542e-16 -4.312e-15 6.961e+06 1.6011 
0.05 0.284848484848 0 0 1e-06 6.896e-07 1.544e-15 -2.493e+06 -0.5734 
0.3 0.284848484848 0 0 1e-06 4.532e-06 2.618e-15 -4.227e+06 -0.9723 
0.05 0.287878787879 0 0 1e-06 6.858e-07 1.513e-15 -2.442e+06 -0.5618 
0.3 0.287878787879 0 0 1e-06 3.039e-08 2.184e-17 -3.525e+04 -8.109e-03 
0.05 0.290909090909 0 0 1e-06 6.819e-07 1.481e-15 -2.391e+06 -0.5501 
0.3 0.290909090909 0 0 1e-06 4.520e-06 2.561e-15 -4.134e+06 -0.9510 
0.05 0.293939393939 0 0 1e-06 6.777e-07 1.450e-15 -2.340e+06 -0.5383 
0.3 0.293939393939 0 0 1e-06 4.514e-06 2.532e-15 -4.088e+06 -0.9403 
0.05 0.29696969697 0 0 1e-06 6.733e-07 1.417e-15 -2.288e+06 -0.5263 
0.3 0.29696969697 0 0 1e-06 4.507e-06 2.504e-15 -4.041e+06 -0.9296 
0.05 0.3 0 0 1e-06 6.687e-07 1.385e-15 -2.236e+06 -0.5143 
0.3 0.3 0 0 1e-06 4.501e-06 2.475e-15 -3.995e+06 -0.9189 
