idsperum vfed qms vfes ids vgsmos sweepvar qm qmd vgs
1.820e-11 0. -8.510e-07 0. 1.675e-12 -1.707e-15 0. 1.093e-05 -1.457e-10 -1.707e-15
1.820e-11 0. -8.510e-07 0. 1.675e-12 -1.672e-15 1.0000e-10 1.093e-05 -1.457e-10 -1.672e-15
1.820e-11 0. -8.510e-07 0. 1.675e-12 -1.686e-15 2.0000e-10 1.093e-05 -1.457e-10 -1.686e-15
1.820e-11 0. -8.510e-07 0. 1.675e-12 -1.671e-15 3.0000e-10 1.093e-05 -1.457e-10 -1.671e-15
1.820e-11 0. -8.510e-07 0. 1.675e-12 -1.668e-15 4.0000e-10 1.093e-05 -1.457e-10 -1.668e-15
1.820e-11 0. -8.510e-07 0. 1.675e-12 -1.679e-15 5.0000e-10 1.093e-05 -1.457e-10 -1.679e-15
1.820e-11 0. -8.510e-07 0. 1.675e-12 -1.690e-15 6.0000e-10 1.093e-05 -1.457e-10 -1.690e-15
1.820e-11 0. -8.510e-07 0. 1.675e-12 -1.689e-15 7.0000e-10 1.093e-05 -1.457e-10 -1.689e-15
1.820e-11 0. -8.510e-07 0. 1.675e-12 -1.683e-15 8.0000e-10 1.093e-05 -1.457e-10 -1.683e-15
1.820e-11 0. -8.510e-07 0. 1.675e-12 -1.679e-15 9.0000e-10 1.093e-05 -1.457e-10 -1.679e-15
1.820e-11 0. -8.510e-07 0. 1.675e-12 -1.679e-15 1.0000e-09 1.093e-05 -1.457e-10 -1.679e-15
1.820e-11 0. -8.510e-07 0. 1.675e-12 -1.679e-15 1.1000e-09 1.093e-05 -1.457e-10 -1.679e-15
1.820e-11 0. -8.510e-07 0. 1.675e-12 -1.680e-15 1.2000e-09 1.093e-05 -1.457e-10 -1.680e-15
1.820e-11 0. -8.510e-07 0. 1.675e-12 -1.682e-15 1.3000e-09 1.093e-05 -1.457e-10 -1.682e-15
1.820e-11 0. -8.510e-07 0. 1.675e-12 -1.684e-15 1.4000e-09 1.093e-05 -1.457e-10 -1.684e-15
1.820e-11 0. -8.510e-07 0. 1.675e-12 -1.687e-15 1.5000e-09 1.093e-05 -1.457e-10 -1.687e-15
1.820e-11 0. -8.510e-07 0. 1.675e-12 -1.689e-15 1.6000e-09 1.093e-05 -1.457e-10 -1.689e-15
1.820e-11 0. -8.510e-07 0. 1.675e-12 -1.691e-15 1.7000e-09 1.093e-05 -1.457e-10 -1.691e-15
1.820e-11 0. -8.510e-07 0. 1.675e-12 -1.694e-15 1.8000e-09 1.093e-05 -1.457e-10 -1.694e-15
1.820e-11 0. -8.510e-07 0. 1.675e-12 -1.701e-15 1.9000e-09 1.093e-05 -1.457e-10 -1.701e-15
1.820e-11 0. -8.510e-07 0. 1.675e-12 -1.707e-15 2.0000e-09 1.093e-05 -1.457e-10 -1.707e-15
1.021e-10 0. -4.772e-06 0. 9.390e-12 2.500e-02 2.1000e-09 1.321e-05 -8.171e-10 2.500e-02
1.859e-10 0. -8.693e-06 0. 1.711e-11 5.000e-02 2.2000e-09 1.549e-05 -1.489e-09 5.000e-02
2.698e-10 0. -1.261e-05 0. 2.482e-11 7.500e-02 2.3000e-09 1.777e-05 -2.160e-09 7.500e-02
6.771e-10 0. -3.165e-05 0. 6.229e-11 0.1000 2.4000e-09 2.759e-05 -5.421e-09 0.1000
2.462e-09 0. -1.150e-04 0. 2.265e-10 0.1250 2.5000e-09 6.958e-05 -1.971e-08 0.1250
4.247e-09 0. -1.984e-04 0. 3.907e-10 0.1500 2.6000e-09 1.116e-04 -3.400e-08 0.1500
1.342e-08 0. -6.253e-04 0. 1.235e-09 0.1750 2.7000e-09 3.254e-04 -1.075e-07 0.1750
2.506e-08 0. -1.166e-03 0. 2.306e-09 0.2000 2.8000e-09 5.961e-04 -2.008e-07 0.2000
7.481e-08 0. -3.445e-03 0. 6.882e-09 0.2250 2.9000e-09 1.738e-03 -6.003e-07 0.2250
1.862e-07 0. -8.335e-03 0. 1.713e-08 0.2500 3.0000e-09 4.204e-03 -1.493e-06 0.2500
4.471e-07 0. -1.955e-02 0. 4.113e-08 0.2750 3.1000e-09 9.873e-03 -3.579e-06 0.2750
1.086e-06 0. -4.263e-02 0. 9.993e-08 0.3000 3.2000e-09 2.190e-02 -8.297e-06 0.3000
2.807e-06 0. -9.966e-02 0. 2.583e-07 0.3250 3.3000e-09 5.213e-02 -2.054e-05 0.3250
4.528e-06 0. -0.1567 0. 4.166e-07 0.3500 3.4000e-09 8.235e-02 -3.278e-05 0.3500
7.647e-06 0. -0.2442 0. 7.035e-07 0.3750 3.5000e-09 0.1303 -5.270e-05 0.3750
1.369e-05 0. -0.3852 0. 1.259e-06 0.4000 3.6000e-09 0.2105 -8.681e-05 0.4000
2.375e-05 0. -0.5733 0. 2.185e-06 0.4250 3.7000e-09 0.3219 -1.366e-04 0.4250
3.724e-05 0. -0.7904 0. 3.426e-06 0.4500 3.8000e-09 0.4537 -2.007e-04 0.4500
5.568e-05 0. -1.0421 0. 5.122e-06 0.4750 3.9000e-09 0.6101 -2.912e-04 0.4750
7.839e-05 0. -1.3185 0. 7.212e-06 0.5000 4.0000e-09 0.7844 -4.145e-04 0.5000
7.839e-05 0. -1.3185 0. 7.212e-06 0.5000 4.1000e-09 0.7844 -4.145e-04 0.5000
7.839e-05 0. -1.3185 0. 7.212e-06 0.5000 4.2000e-09 0.7844 -4.145e-04 0.5000
7.839e-05 0. -1.3185 0. 7.212e-06 0.5000 4.3000e-09 0.7844 -4.145e-04 0.5000
7.839e-05 0. -1.3185 0. 7.212e-06 0.5000 4.4000e-09 0.7844 -4.145e-04 0.5000
7.839e-05 0. -1.3185 0. 7.212e-06 0.5000 4.5000e-09 0.7844 -4.145e-04 0.5000
7.839e-05 0. -1.3185 0. 7.212e-06 0.5000 4.6000e-09 0.7844 -4.145e-04 0.5000
7.839e-05 0. -1.3185 0. 7.212e-06 0.5000 4.7000e-09 0.7844 -4.145e-04 0.5000
7.839e-05 0. -1.3185 0. 7.212e-06 0.5000 4.8000e-09 0.7844 -4.145e-04 0.5000
7.839e-05 0. -1.3185 0. 7.212e-06 0.5000 4.9000e-09 0.7844 -4.145e-04 0.5000
7.839e-05 0. -1.3185 0. 7.212e-06 0.5000 5.0000e-09 0.7844 -4.145e-04 0.5000
7.839e-05 0. -1.3185 0. 7.212e-06 0.5000 5.1000e-09 0.7844 -4.145e-04 0.5000
7.839e-05 0. -1.3185 0. 7.212e-06 0.5000 5.2000e-09 0.7844 -4.145e-04 0.5000
7.839e-05 0. -1.3185 0. 7.212e-06 0.5000 5.3000e-09 0.7844 -4.145e-04 0.5000
7.839e-05 0. -1.3185 0. 7.212e-06 0.5000 5.4000e-09 0.7844 -4.145e-04 0.5000
7.839e-05 0. -1.3185 0. 7.212e-06 0.5000 5.5000e-09 0.7844 -4.145e-04 0.5000
7.839e-05 0. -1.3185 0. 7.212e-06 0.5000 5.6000e-09 0.7844 -4.145e-04 0.5000
7.839e-05 0. -1.3185 0. 7.212e-06 0.5000 5.7000e-09 0.7844 -4.145e-04 0.5000
7.839e-05 0. -1.3185 0. 7.212e-06 0.5000 5.8000e-09 0.7844 -4.145e-04 0.5000
7.839e-05 0. -1.3185 0. 7.212e-06 0.5000 5.9000e-09 0.7844 -4.145e-04 0.5000
7.839e-05 0. -1.3185 0. 7.212e-06 0.5000 6.0000e-09 0.7844 -4.145e-04 0.5000
7.839e-05 0. -1.3185 0. 7.212e-06 0.5000 6.1000e-09 0.7844 -4.145e-04 0.5000
7.839e-05 0. -1.3185 0. 7.212e-06 0.5000 6.2000e-09 0.7844 -4.145e-04 0.5000
7.839e-05 0. -1.3185 0. 7.212e-06 0.5000 6.3000e-09 0.7844 -4.145e-04 0.5000
7.839e-05 0. -1.3185 0. 7.212e-06 0.5000 6.4000e-09 0.7844 -4.145e-04 0.5000
7.839e-05 0. -1.3185 0. 7.212e-06 0.5000 6.5000e-09 0.7844 -4.145e-04 0.5000
7.839e-05 0. -1.3185 0. 7.212e-06 0.5000 6.6000e-09 0.7844 -4.145e-04 0.5000
7.839e-05 0. -1.3185 0. 7.212e-06 0.5000 6.7000e-09 0.7844 -4.145e-04 0.5000
7.839e-05 0. -1.3185 0. 7.212e-06 0.5000 6.8000e-09 0.7844 -4.145e-04 0.5000
7.839e-05 0. -1.3185 0. 7.212e-06 0.5000 6.9000e-09 0.7844 -4.145e-04 0.5000
7.839e-05 0. -1.3185 0. 7.212e-06 0.5000 7.0000e-09 0.7844 -4.145e-04 0.5000
7.839e-05 0. -1.3185 0. 7.212e-06 0.5000 7.1000e-09 0.7844 -4.145e-04 0.5000
7.839e-05 0. -1.3185 0. 7.212e-06 0.5000 7.2000e-09 0.7844 -4.145e-04 0.5000
7.839e-05 0. -1.3185 0. 7.212e-06 0.5000 7.3000e-09 0.7844 -4.145e-04 0.5000
7.839e-05 0. -1.3185 0. 7.212e-06 0.5000 7.4000e-09 0.7844 -4.145e-04 0.5000
7.839e-05 0. -1.3185 0. 7.212e-06 0.5000 7.5000e-09 0.7844 -4.145e-04 0.5000
7.839e-05 0. -1.3185 0. 7.212e-06 0.5000 7.6000e-09 0.7844 -4.145e-04 0.5000
7.839e-05 0. -1.3185 0. 7.212e-06 0.5000 7.7000e-09 0.7844 -4.145e-04 0.5000
7.839e-05 0. -1.3185 0. 7.212e-06 0.5000 7.8000e-09 0.7844 -4.145e-04 0.5000
7.839e-05 0. -1.3185 0. 7.212e-06 0.5000 7.9000e-09 0.7844 -4.145e-04 0.5000
7.839e-05 0. -1.3185 0. 7.212e-06 0.5000 8.0000e-09 0.7844 -4.145e-04 0.5000
6.001e-05 0. -1.0685 0. 5.521e-06 0.4750 8.1000e-09 0.6291 -3.212e-04 0.4750
4.163e-05 0. -0.8185 0. 3.830e-06 0.4500 8.2000e-09 0.4739 -2.279e-04 0.4500
2.325e-05 0. -0.5685 0. 2.139e-06 0.4250 8.3000e-09 0.3187 -1.346e-04 0.4250
1.435e-05 0. -0.3944 0. 1.320e-06 0.4000 8.4000e-09 0.2164 -8.951e-05 0.4000
8.965e-06 0. -0.2645 0. 8.247e-07 0.3750 8.5000e-09 0.1431 -5.842e-05 0.3750
3.884e-06 0. -0.1406 0. 3.573e-07 0.3500 8.6000e-09 7.329e-02 -2.889e-05 0.3500
2.430e-06 0. -9.016e-02 0. 2.235e-07 0.3250 8.7000e-09 4.678e-02 -1.824e-05 0.3250
9.758e-07 0. -3.967e-02 0. 8.978e-08 0.3000 8.8000e-09 2.026e-02 -7.596e-06 0.3000
4.812e-07 0. -2.096e-02 0. 4.427e-08 0.2750 8.9000e-09 1.059e-02 -3.850e-06 0.2750
2.471e-07 0. -1.087e-02 0. 2.273e-08 0.2500 9.0000e-09 5.492e-03 -1.978e-06 0.2500
6.984e-08 0. -3.227e-03 0. 6.425e-09 0.2250 9.1000e-09 1.629e-03 -5.603e-07 0.2250
5.375e-08 0. -2.484e-03 0. 4.945e-09 0.2000 9.2000e-09 1.256e-03 -4.312e-07 0.2000
3.766e-08 0. -1.740e-03 0. 3.465e-09 0.1750 9.3000e-09 8.839e-04 -3.021e-07 0.1750
2.157e-08 0. -9.970e-04 0. 1.984e-09 0.1500 9.4000e-09 5.115e-04 -1.730e-07 0.1500
5.477e-09 0. -2.537e-04 0. 5.039e-10 0.1250 9.5000e-09 1.390e-04 -4.391e-08 0.1250
1.090e-09 0. -5.095e-05 0. 1.003e-10 0.1000 9.6000e-09 3.723e-05 -8.727e-09 0.1000
8.221e-10 0. -3.843e-05 0. 7.563e-11 7.500e-02 9.7000e-09 3.066e-05 -6.582e-09 7.500e-02
5.541e-10 0. -2.590e-05 0. 5.098e-11 5.000e-02 9.8000e-09 2.408e-05 -4.436e-09 5.000e-02
2.862e-10 0. -1.338e-05 0. 2.633e-11 2.500e-02 9.9000e-09 1.751e-05 -2.291e-09 2.500e-02
1.820e-11 0. -8.510e-07 0. 1.675e-12 3.834e-12 1.0000e-08 1.093e-05 -1.457e-10 3.834e-12
1.820e-11 0. -8.510e-07 0. 1.675e-12 2.556e-12 1.0100e-08 1.093e-05 -1.457e-10 2.556e-12
1.820e-11 0. -8.510e-07 0. 1.675e-12 1.277e-12 1.0200e-08 1.093e-05 -1.457e-10 1.277e-12
1.820e-11 0. -8.510e-07 0. 1.675e-12 -1.721e-15 1.0300e-08 1.093e-05 -1.457e-10 -1.721e-15
1.820e-11 0. -8.510e-07 0. 1.675e-12 -1.652e-15 1.0400e-08 1.093e-05 -1.457e-10 -1.652e-15
1.820e-11 0. -8.510e-07 0. 1.675e-12 -1.665e-15 1.0500e-08 1.093e-05 -1.457e-10 -1.665e-15
1.820e-11 0. -8.510e-07 0. 1.675e-12 -1.679e-15 1.0600e-08 1.093e-05 -1.457e-10 -1.679e-15
1.820e-11 0. -8.510e-07 0. 1.675e-12 -1.692e-15 1.0700e-08 1.093e-05 -1.457e-10 -1.692e-15
1.820e-11 0. -8.510e-07 0. 1.675e-12 -1.693e-15 1.0800e-08 1.093e-05 -1.457e-10 -1.693e-15
1.820e-11 0. -8.510e-07 0. 1.675e-12 -1.693e-15 1.0900e-08 1.093e-05 -1.457e-10 -1.693e-15
1.820e-11 0. -8.510e-07 0. 1.675e-12 -1.693e-15 1.1000e-08 1.093e-05 -1.457e-10 -1.693e-15
1.820e-11 0. -8.510e-07 0. 1.675e-12 -1.693e-15 1.1100e-08 1.093e-05 -1.457e-10 -1.693e-15
1.820e-11 0. -8.510e-07 0. 1.675e-12 -1.693e-15 1.1200e-08 1.093e-05 -1.457e-10 -1.693e-15
1.820e-11 0. -8.510e-07 0. 1.675e-12 -1.693e-15 1.1300e-08 1.093e-05 -1.457e-10 -1.693e-15
1.820e-11 0. -8.510e-07 0. 1.675e-12 -1.693e-15 1.1400e-08 1.093e-05 -1.457e-10 -1.693e-15
1.820e-11 0. -8.510e-07 0. 1.675e-12 -1.693e-15 1.1500e-08 1.093e-05 -1.457e-10 -1.693e-15
1.820e-11 0. -8.510e-07 0. 1.675e-12 -1.693e-15 1.1600e-08 1.093e-05 -1.457e-10 -1.693e-15
1.820e-11 0. -8.510e-07 0. 1.675e-12 -1.693e-15 1.1700e-08 1.093e-05 -1.457e-10 -1.693e-15
1.820e-11 0. -8.510e-07 0. 1.675e-12 -1.693e-15 1.1800e-08 1.093e-05 -1.457e-10 -1.693e-15
1.820e-11 0. -8.510e-07 0. 1.675e-12 -1.693e-15 1.1900e-08 1.093e-05 -1.457e-10 -1.693e-15
1.820e-11 0. -8.510e-07 0. 1.675e-12 -1.207e-15 1.2000e-08 1.093e-05 -1.457e-10 -1.207e-15
