idsperum vfed vg qms vfes ids vgs_out vgs_noswap sweepvar qm qmd
2.147e-11 -3.803e-04 -0.1035 -8.627e-07 -3.803e-04 1.976e-12 -3.803e-04 -2.026e-15 0. -1.140e-08 -1.477e-10
2.147e-11 -3.803e-04 -9.612e-02 -8.627e-07 -3.803e-04 1.976e-12 -3.803e-04 -1.264e-08 1.0000e-10 -1.140e-08 -1.477e-10
2.147e-11 -3.803e-04 -9.500e-02 -8.627e-07 -3.803e-04 1.976e-12 -3.803e-04 -1.199e-08 2.0000e-10 -1.140e-08 -1.477e-10
2.147e-11 -3.803e-04 -0.1077 -8.627e-07 -3.803e-04 1.976e-12 -3.803e-04 5.648e-09 3.0000e-10 -1.140e-08 -1.477e-10
2.147e-11 -3.803e-04 -0.1001 -8.627e-07 -3.803e-04 1.976e-12 -3.803e-04 -2.067e-09 4.0000e-10 -1.140e-08 -1.477e-10
2.147e-11 -3.803e-04 -0.1076 -8.627e-07 -3.803e-04 1.976e-12 -3.803e-04 -3.781e-09 5.0000e-10 -1.140e-08 -1.477e-10
2.147e-11 -3.803e-04 -9.892e-02 -8.627e-07 -3.803e-04 1.976e-12 -3.804e-04 -1.604e-08 6.0000e-10 -1.140e-08 -1.477e-10
2.147e-11 -3.803e-04 -0.1043 -8.627e-07 -3.803e-04 1.976e-12 -3.803e-04 -2.980e-09 7.0000e-10 -1.140e-08 -1.477e-10
2.147e-11 -3.803e-04 -9.749e-02 -8.627e-07 -3.803e-04 1.976e-12 -3.803e-04 2.392e-10 8.0000e-10 -1.140e-08 -1.477e-10
2.147e-11 -3.803e-04 -0.1111 -8.627e-07 -3.803e-04 1.976e-12 -3.803e-04 -4.118e-09 9.0000e-10 -1.140e-08 -1.477e-10
2.147e-11 -3.803e-04 -0.1111 -8.627e-07 -3.803e-04 1.976e-12 -3.803e-04 -5.349e-10 1.0000e-09 -1.140e-08 -1.477e-10
2.147e-11 -3.803e-04 -9.706e-02 -8.627e-07 -3.803e-04 1.976e-12 -3.803e-04 -3.173e-10 1.1000e-09 -1.140e-08 -1.477e-10
2.147e-11 -3.803e-04 -9.684e-02 -8.627e-07 -3.803e-04 1.976e-12 -3.803e-04 2.108e-10 1.2000e-09 -1.140e-08 -1.477e-10
2.147e-11 -3.803e-04 -9.836e-02 -8.627e-07 -3.803e-04 1.976e-12 -3.803e-04 5.241e-10 1.3000e-09 -1.140e-08 -1.477e-10
2.147e-11 -3.803e-04 -0.1055 -8.627e-07 -3.803e-04 1.976e-12 -3.803e-04 -3.214e-09 1.4000e-09 -1.140e-08 -1.477e-10
2.147e-11 -3.803e-04 -0.1078 -8.627e-07 -3.803e-04 1.976e-12 -3.803e-04 -1.021e-11 1.5000e-09 -1.140e-08 -1.477e-10
2.147e-11 -3.803e-04 -9.245e-02 -8.627e-07 -3.803e-04 1.976e-12 -3.803e-04 5.899e-09 1.6000e-09 -1.140e-08 -1.477e-10
2.147e-11 -3.803e-04 -0.1047 -8.627e-07 -3.803e-04 1.976e-12 -3.803e-04 4.638e-09 1.7000e-09 -1.140e-08 -1.477e-10
2.147e-11 -3.803e-04 -0.1015 -8.627e-07 -3.803e-04 1.976e-12 -3.803e-04 -3.790e-09 1.8000e-09 -1.140e-08 -1.477e-10
2.147e-11 -3.803e-04 -0.1039 -8.627e-07 -3.803e-04 1.976e-12 -3.803e-04 3.581e-09 1.9000e-09 -1.140e-08 -1.477e-10
2.147e-11 -3.803e-04 -0.1007 -8.627e-07 -3.803e-04 1.976e-12 -3.803e-04 -1.451e-09 2.0000e-09 -1.140e-08 -1.477e-10
5.281e-11 -3.803e-04 -7.249e-02 -2.121e-06 -3.804e-04 4.858e-12 2.462e-02 2.500e-02 2.1000e-09 -2.804e-08 -3.633e-10
1.312e-10 -3.803e-04 -6.007e-02 -5.271e-06 -3.807e-04 1.207e-11 4.962e-02 5.000e-02 2.2000e-09 -6.966e-08 -9.026e-10
3.219e-10 -3.803e-04 -3.767e-02 -1.293e-05 -3.814e-04 2.961e-11 7.462e-02 7.500e-02 2.3000e-09 -1.709e-07 -2.214e-09
7.845e-10 -3.803e-04 -1.302e-02 -3.151e-05 -3.831e-04 7.217e-11 9.962e-02 0.1000 2.4000e-09 -4.165e-07 -5.396e-09
1.921e-09 -3.803e-04 -8.073e-03 -7.715e-05 -3.871e-04 1.767e-10 0.1246 0.1250 2.5000e-09 -1.020e-06 -1.321e-08
4.732e-09 -3.803e-04 1.985e-02 -1.900e-04 -3.972e-04 4.353e-10 0.1496 0.1500 2.6000e-09 -2.511e-06 -3.254e-08
1.162e-08 -3.803e-04 4.286e-02 -4.662e-04 -4.218e-04 1.069e-09 0.1746 0.1750 2.7000e-09 -6.161e-06 -7.988e-08
2.875e-08 -3.803e-04 6.950e-02 -1.150e-03 -4.828e-04 2.645e-09 0.1995 0.2000 2.8000e-09 -1.520e-05 -1.972e-07
6.985e-08 -3.803e-04 8.038e-02 -2.779e-03 -6.281e-04 6.426e-09 0.2244 0.2250 2.9000e-09 -3.673e-05 -4.772e-07
1.715e-07 -3.804e-04 9.908e-02 -6.743e-03 -9.815e-04 1.577e-08 0.2490 0.2500 3.0000e-09 -8.911e-05 -1.158e-06
4.217e-07 -3.805e-04 0.1251 -1.620e-02 -1.825e-03 3.880e-08 0.2732 0.2750 3.1000e-09 -2.140e-04 -2.765e-06
1.048e-06 -3.808e-04 0.1361 -3.846e-02 -3.810e-03 9.643e-08 0.2962 0.3000 3.2000e-09 -5.080e-04 -6.358e-06
2.680e-06 -3.815e-04 0.1692 -9.037e-02 -8.437e-03 2.465e-07 0.3166 0.3250 3.3000e-09 -1.192e-03 -1.339e-05
7.439e-06 -3.823e-04 0.1783 -0.2152 -1.954e-02 6.844e-07 0.3305 0.3500 3.4000e-09 -2.830e-03 -2.304e-05
2.682e-05 -3.822e-04 0.2072 -0.5786 -5.148e-02 2.467e-06 0.3235 0.3750 3.5000e-09 -7.571e-03 -2.210e-05
1.904e-04 -3.805e-04 0.2175 -2.3065 -0.1753 1.752e-05 0.2247 0.4000 3.6000e-09 -3.010e-02 -2.606e-06
2.890e-04 -3.805e-04 0.2455 -3.1056 -0.2024 2.659e-05 0.2226 0.4250 3.7000e-09 -4.052e-02 -2.677e-06
3.468e-04 -3.807e-04 0.2632 -3.5476 -0.2050 3.191e-05 0.2450 0.4500 3.8000e-09 -4.629e-02 -4.457e-06
3.920e-04 -3.810e-04 0.2728 -3.8841 -0.2002 3.606e-05 0.2748 0.4750 3.9000e-09 -5.068e-02 -8.439e-06
4.297e-04 -3.818e-04 0.2948 -4.1618 -0.1913 3.953e-05 0.3087 0.5000 4.0000e-09 -5.431e-02 -1.706e-05
4.297e-04 -3.818e-04 0.2935 -4.1618 -0.1913 3.953e-05 0.3087 0.5000 4.1000e-09 -5.431e-02 -1.706e-05
4.297e-04 -3.818e-04 0.2992 -4.1618 -0.1913 3.953e-05 0.3087 0.5000 4.2000e-09 -5.431e-02 -1.706e-05
4.297e-04 -3.818e-04 0.3002 -4.1618 -0.1913 3.953e-05 0.3087 0.5000 4.3000e-09 -5.431e-02 -1.706e-05
4.297e-04 -3.818e-04 0.3017 -4.1618 -0.1913 3.953e-05 0.3087 0.5000 4.4000e-09 -5.431e-02 -1.706e-05
4.297e-04 -3.818e-04 0.3038 -4.1618 -0.1913 3.953e-05 0.3087 0.5000 4.5000e-09 -5.431e-02 -1.706e-05
4.297e-04 -3.818e-04 0.3117 -4.1618 -0.1913 3.953e-05 0.3087 0.5000 4.6000e-09 -5.431e-02 -1.706e-05
4.297e-04 -3.818e-04 0.3022 -4.1618 -0.1913 3.953e-05 0.3087 0.5000 4.7000e-09 -5.431e-02 -1.706e-05
4.297e-04 -3.818e-04 0.3040 -4.1618 -0.1913 3.953e-05 0.3087 0.5000 4.8000e-09 -5.431e-02 -1.706e-05
4.297e-04 -3.818e-04 0.3064 -4.1618 -0.1913 3.953e-05 0.3087 0.5000 4.9000e-09 -5.431e-02 -1.706e-05
4.297e-04 -3.818e-04 0.3098 -4.1618 -0.1913 3.953e-05 0.3087 0.5000 5.0000e-09 -5.431e-02 -1.706e-05
4.297e-04 -3.818e-04 0.3019 -4.1618 -0.1913 3.953e-05 0.3087 0.5000 5.1000e-09 -5.431e-02 -1.706e-05
4.297e-04 -3.818e-04 0.3096 -4.1618 -0.1913 3.953e-05 0.3087 0.5000 5.2000e-09 -5.431e-02 -1.706e-05
4.297e-04 -3.818e-04 0.2970 -4.1618 -0.1913 3.953e-05 0.3087 0.5000 5.3000e-09 -5.431e-02 -1.706e-05
4.297e-04 -3.818e-04 0.3073 -4.1618 -0.1913 3.953e-05 0.3087 0.5000 5.4000e-09 -5.431e-02 -1.706e-05
4.297e-04 -3.818e-04 0.2974 -4.1618 -0.1913 3.953e-05 0.3087 0.5000 5.5000e-09 -5.431e-02 -1.706e-05
4.297e-04 -3.818e-04 0.3050 -4.1618 -0.1913 3.953e-05 0.3087 0.5000 5.6000e-09 -5.431e-02 -1.706e-05
4.297e-04 -3.818e-04 0.2917 -4.1618 -0.1913 3.953e-05 0.3087 0.5000 5.7000e-09 -5.431e-02 -1.706e-05
4.297e-04 -3.818e-04 0.2896 -4.1618 -0.1913 3.953e-05 0.3087 0.5000 5.8000e-09 -5.431e-02 -1.706e-05
4.297e-04 -3.818e-04 0.3010 -4.1618 -0.1913 3.953e-05 0.3087 0.5000 5.9000e-09 -5.431e-02 -1.706e-05
4.297e-04 -3.818e-04 0.3103 -4.1618 -0.1913 3.953e-05 0.3087 0.5000 6.0000e-09 -5.431e-02 -1.706e-05
4.297e-04 -3.818e-04 0.2971 -4.1618 -0.1913 3.953e-05 0.3087 0.5000 6.1000e-09 -5.431e-02 -1.706e-05
4.297e-04 -3.818e-04 0.2910 -4.1618 -0.1913 3.953e-05 0.3087 0.5000 6.2000e-09 -5.431e-02 -1.706e-05
4.297e-04 -3.818e-04 0.3014 -4.1618 -0.1913 3.953e-05 0.3087 0.5000 6.3000e-09 -5.431e-02 -1.706e-05
4.297e-04 -3.818e-04 0.3013 -4.1618 -0.1913 3.953e-05 0.3087 0.5000 6.4000e-09 -5.431e-02 -1.706e-05
4.297e-04 -3.818e-04 0.3108 -4.1618 -0.1913 3.953e-05 0.3087 0.5000 6.5000e-09 -5.431e-02 -1.706e-05
4.297e-04 -3.818e-04 0.3132 -4.1618 -0.1913 3.953e-05 0.3087 0.5000 6.6000e-09 -5.431e-02 -1.706e-05
4.297e-04 -3.818e-04 0.3050 -4.1618 -0.1913 3.953e-05 0.3087 0.5000 6.7000e-09 -5.431e-02 -1.706e-05
4.297e-04 -3.818e-04 0.3054 -4.1618 -0.1913 3.953e-05 0.3087 0.5000 6.8000e-09 -5.431e-02 -1.706e-05
4.297e-04 -3.818e-04 0.2963 -4.1618 -0.1913 3.953e-05 0.3087 0.5000 6.9000e-09 -5.431e-02 -1.706e-05
4.297e-04 -3.818e-04 0.3053 -4.1618 -0.1913 3.953e-05 0.3087 0.5000 7.0000e-09 -5.431e-02 -1.706e-05
4.297e-04 -3.818e-04 0.3082 -4.1618 -0.1913 3.953e-05 0.3087 0.5000 7.1000e-09 -5.431e-02 -1.706e-05
4.297e-04 -3.818e-04 0.3052 -4.1618 -0.1913 3.953e-05 0.3087 0.5000 7.2000e-09 -5.431e-02 -1.706e-05
4.297e-04 -3.818e-04 0.3190 -4.1618 -0.1913 3.953e-05 0.3087 0.5000 7.3000e-09 -5.431e-02 -1.706e-05
4.297e-04 -3.818e-04 0.2947 -4.1618 -0.1913 3.953e-05 0.3087 0.5000 7.4000e-09 -5.431e-02 -1.706e-05
4.297e-04 -3.818e-04 0.3003 -4.1618 -0.1913 3.953e-05 0.3087 0.5000 7.5000e-09 -5.431e-02 -1.706e-05
4.297e-04 -3.818e-04 0.3106 -4.1618 -0.1913 3.953e-05 0.3087 0.5000 7.6000e-09 -5.431e-02 -1.706e-05
4.297e-04 -3.818e-04 0.3049 -4.1618 -0.1913 3.953e-05 0.3087 0.5000 7.7000e-09 -5.431e-02 -1.706e-05
4.297e-04 -3.818e-04 0.3024 -4.1618 -0.1913 3.953e-05 0.3087 0.5000 7.8000e-09 -5.431e-02 -1.706e-05
4.297e-04 -3.818e-04 0.3057 -4.1618 -0.1913 3.953e-05 0.3087 0.5000 7.9000e-09 -5.431e-02 -1.706e-05
4.297e-04 -3.818e-04 0.2952 -4.1618 -0.1913 3.953e-05 0.3087 0.5000 8.0000e-09 -5.431e-02 -1.706e-05
3.920e-04 -3.810e-04 0.2803 -3.8841 -0.2002 3.606e-05 0.2748 0.4750 8.1000e-09 -5.068e-02 -8.439e-06
3.468e-04 -3.807e-04 0.2672 -3.5476 -0.2050 3.191e-05 0.2450 0.4500 8.2000e-09 -4.629e-02 -4.457e-06
2.890e-04 -3.805e-04 0.2459 -3.1055 -0.2023 2.659e-05 0.2227 0.4250 8.3000e-09 -4.052e-02 -2.678e-06
1.904e-04 -3.805e-04 0.2253 -2.3064 -0.1753 1.751e-05 0.2247 0.4000 8.4000e-09 -3.009e-02 -2.607e-06
2.693e-05 -3.822e-04 0.1993 -0.5799 -5.159e-02 2.477e-06 0.3234 0.3750 8.5000e-09 -7.588e-03 -2.205e-05
7.447e-06 -3.823e-04 0.1764 -0.2153 -1.956e-02 6.852e-07 0.3304 0.3500 8.6000e-09 -2.832e-03 -2.303e-05
2.681e-06 -3.815e-04 0.1590 -9.040e-02 -8.440e-03 2.467e-07 0.3166 0.3250 8.7000e-09 -1.193e-03 -1.339e-05
1.047e-06 -3.808e-04 0.1440 -3.843e-02 -3.807e-03 9.633e-08 0.2962 0.3000 8.8000e-09 -5.076e-04 -6.354e-06
4.235e-07 -3.805e-04 0.1215 -1.626e-02 -1.830e-03 3.897e-08 0.2732 0.2750 8.9000e-09 -2.149e-04 -2.775e-06
1.729e-07 -3.804e-04 0.1034 -6.798e-03 -9.864e-04 1.591e-08 0.2490 0.2500 9.0000e-09 -8.984e-05 -1.168e-06
6.989e-08 -3.803e-04 8.212e-02 -2.781e-03 -6.283e-04 6.430e-09 0.2244 0.2250 9.1000e-09 -3.676e-05 -4.775e-07
2.852e-08 -3.803e-04 5.608e-02 -1.141e-03 -4.820e-04 2.624e-09 0.1995 0.2000 9.2000e-09 -1.508e-05 -1.956e-07
1.159e-08 -3.803e-04 3.857e-02 -4.648e-04 -4.217e-04 1.066e-09 0.1746 0.1750 9.3000e-09 -6.142e-06 -7.963e-08
4.725e-09 -3.803e-04 1.405e-02 -1.897e-04 -3.972e-04 4.347e-10 0.1496 0.1500 9.4000e-09 -2.507e-06 -3.249e-08
1.923e-09 -3.803e-04 1.852e-03 -7.723e-05 -3.871e-04 1.769e-10 0.1246 0.1250 9.5000e-09 -1.021e-06 -1.323e-08
7.862e-10 -3.803e-04 -2.107e-02 -3.158e-05 -3.831e-04 7.233e-11 9.962e-02 0.1000 9.6000e-09 -4.174e-07 -5.408e-09
3.206e-10 -3.803e-04 -4.074e-02 -1.288e-05 -3.814e-04 2.950e-11 7.462e-02 7.500e-02 9.7000e-09 -1.702e-07 -2.205e-09
1.297e-10 -3.803e-04 -5.548e-02 -5.212e-06 -3.807e-04 1.194e-11 4.962e-02 5.000e-02 9.8000e-09 -6.888e-08 -8.925e-10
5.284e-11 -3.803e-04 -7.307e-02 -2.123e-06 -3.804e-04 4.861e-12 2.462e-02 2.500e-02 9.9000e-09 -2.805e-08 -3.635e-10
2.147e-11 -3.803e-04 -0.1007 -8.627e-07 -3.803e-04 1.976e-12 -3.803e-04 -8.554e-10 1.0000e-08 -1.140e-08 -1.477e-10
2.147e-11 -3.803e-04 -0.1094 -8.627e-07 -3.803e-04 1.976e-12 -3.803e-04 8.182e-09 1.0100e-08 -1.140e-08 -1.477e-10
2.147e-11 -3.803e-04 -9.812e-02 -8.627e-07 -3.803e-04 1.976e-12 -3.803e-04 -5.282e-09 1.0200e-08 -1.140e-08 -1.477e-10
2.147e-11 -3.803e-04 -9.510e-02 -8.627e-07 -3.803e-04 1.976e-12 -3.803e-04 1.152e-08 1.0300e-08 -1.140e-08 -1.477e-10
2.147e-11 -3.803e-04 -9.723e-02 -8.627e-07 -3.803e-04 1.976e-12 -3.803e-04 6.580e-09 1.0400e-08 -1.140e-08 -1.477e-10
2.147e-11 -3.803e-04 -9.004e-02 -8.627e-07 -3.803e-04 1.976e-12 -3.803e-04 -3.903e-09 1.0500e-08 -1.140e-08 -1.477e-10
2.147e-11 -3.803e-04 -0.1017 -8.627e-07 -3.803e-04 1.976e-12 -3.803e-04 5.671e-09 1.0600e-08 -1.140e-08 -1.477e-10
2.147e-11 -3.803e-04 -0.1012 -8.627e-07 -3.803e-04 1.976e-12 -3.804e-04 -1.833e-08 1.0700e-08 -1.140e-08 -1.477e-10
2.147e-11 -3.803e-04 -0.1064 -8.627e-07 -3.803e-04 1.976e-12 -3.804e-04 -1.711e-08 1.0800e-08 -1.140e-08 -1.477e-10
2.147e-11 -3.803e-04 -0.1110 -8.627e-07 -3.803e-04 1.976e-12 -3.803e-04 1.870e-09 1.0900e-08 -1.140e-08 -1.477e-10
2.147e-11 -3.803e-04 -0.1000 -8.627e-07 -3.803e-04 1.976e-12 -3.803e-04 4.202e-10 1.1000e-08 -1.140e-08 -1.477e-10
2.147e-11 -3.803e-04 -0.1078 -8.627e-07 -3.803e-04 1.976e-12 -3.803e-04 1.067e-08 1.1100e-08 -1.140e-08 -1.477e-10
2.147e-11 -3.803e-04 -9.960e-02 -8.627e-07 -3.803e-04 1.976e-12 -3.803e-04 -4.889e-10 1.1200e-08 -1.140e-08 -1.477e-10
2.147e-11 -3.803e-04 -9.780e-02 -8.627e-07 -3.803e-04 1.976e-12 -3.803e-04 6.063e-09 1.1300e-08 -1.140e-08 -1.477e-10
2.147e-11 -3.803e-04 -9.781e-02 -8.627e-07 -3.803e-04 1.976e-12 -3.803e-04 5.734e-09 1.1400e-08 -1.140e-08 -1.477e-10
2.147e-11 -3.803e-04 -9.838e-02 -8.627e-07 -3.803e-04 1.976e-12 -3.803e-04 -8.658e-10 1.1500e-08 -1.140e-08 -1.477e-10
2.147e-11 -3.803e-04 -9.680e-02 -8.627e-07 -3.803e-04 1.976e-12 -3.803e-04 -5.894e-09 1.1600e-08 -1.140e-08 -1.477e-10
2.147e-11 -3.803e-04 -9.118e-02 -8.627e-07 -3.803e-04 1.976e-12 -3.803e-04 -3.987e-10 1.1700e-08 -1.140e-08 -1.477e-10
2.147e-11 -3.803e-04 -0.1092 -8.627e-07 -3.803e-04 1.976e-12 -3.803e-04 3.602e-09 1.1800e-08 -1.140e-08 -1.477e-10
2.147e-11 -3.803e-04 -9.769e-02 -8.627e-07 -3.803e-04 1.976e-12 -3.803e-04 1.905e-08 1.1900e-08 -1.140e-08 -1.477e-10
2.147e-11 -3.803e-04 -0.1096 -8.627e-07 -3.803e-04 1.976e-12 -3.803e-04 -9.739e-10 1.2000e-08 -1.140e-08 -1.477e-10
