vd vg vs vb l alpha1_p alpha11_p t_fe idsperum vfed qms vfes ids sweepvar qm qmd
0.05 0.0 0 0 2e-08 -3249270000.0 2.41166e+13 0.0 1.127e-11 0. -6.392e-07 0. 1.037e-12 5.0000e-02 1.096e-05 -1.083e-07
0.7 0.0 0 0 2e-08 -3249270000.0 2.41166e+13 0.0 2.104e-11 0. -9.798e-07 0. 1.935e-12 0.70000 1.096e-05 -9.940e-11
0.05 0.00707070707071 0 0 2e-08 -3249270000.0 2.41166e+13 0.0 1.455e-11 0. -8.250e-07 0. 1.338e-12 5.0000e-02 1.117e-05 -1.398e-07
0.7 0.00707070707071 0 0 2e-08 -3249270000.0 2.41166e+13 0.0 2.711e-11 0. -1.263e-06 0. 2.494e-12 0.70000 1.119e-05 -1.281e-10
0.05 0.0141414141414 0 0 2e-08 -3249270000.0 2.41166e+13 0.0 1.878e-11 0. -1.065e-06 0. 1.727e-12 5.0000e-02 1.140e-05 -1.804e-07
0.7 0.0141414141414 0 0 2e-08 -3249270000.0 2.41166e+13 0.0 3.494e-11 0. -1.627e-06 0. 3.215e-12 0.70000 1.147e-05 -1.651e-10
0.05 0.0212121212121 0 0 2e-08 -3249270000.0 2.41166e+13 0.0 2.423e-11 0. -1.374e-06 0. 2.230e-12 5.0000e-02 1.167e-05 -2.328e-07
0.7 0.0212121212121 0 0 2e-08 -3249270000.0 2.41166e+13 0.0 4.503e-11 0. -2.097e-06 0. 4.143e-12 0.70000 1.180e-05 -2.128e-10
0.05 0.0282828282828 0 0 2e-08 -3249270000.0 2.41166e+13 0.0 3.128e-11 0. -1.774e-06 0. 2.878e-12 5.0000e-02 1.200e-05 -3.005e-07
0.7 0.0282828282828 0 0 2e-08 -3249270000.0 2.41166e+13 0.0 5.804e-11 0. -2.703e-06 0. 5.340e-12 0.70000 1.219e-05 -2.742e-10
0.05 0.0353535353535 0 0 2e-08 -3249270000.0 2.41166e+13 0.0 4.037e-11 0. -2.289e-06 0. 3.714e-12 5.0000e-02 1.239e-05 -3.879e-07
0.7 0.0353535353535 0 0 2e-08 -3249270000.0 2.41166e+13 0.0 7.480e-11 0. -3.484e-06 0. 6.882e-12 0.70000 1.267e-05 -3.534e-10
0.05 0.0424242424242 0 0 2e-08 -3249270000.0 2.41166e+13 0.0 5.210e-11 0. -2.955e-06 0. 4.793e-12 5.0000e-02 1.287e-05 -5.006e-07
0.7 0.0424242424242 0 0 2e-08 -3249270000.0 2.41166e+13 0.0 9.640e-11 0. -4.490e-06 0. 8.869e-12 0.70000 1.326e-05 -4.555e-10
0.05 0.0494949494949 0 0 2e-08 -3249270000.0 2.41166e+13 0.0 6.725e-11 0. -3.813e-06 0. 6.187e-12 5.0000e-02 1.346e-05 -6.461e-07
0.7 0.0494949494949 0 0 2e-08 -3249270000.0 2.41166e+13 0.0 1.242e-10 0. -5.787e-06 0. 1.143e-11 0.70000 1.400e-05 -5.871e-10
0.05 0.0565656565657 0 0 2e-08 -3249270000.0 2.41166e+13 0.0 8.679e-11 0. -4.922e-06 0. 7.985e-12 5.0000e-02 1.420e-05 -8.339e-07
0.7 0.0565656565657 0 0 2e-08 -3249270000.0 2.41166e+13 0.0 1.601e-10 0. -7.458e-06 0. 1.473e-11 0.70000 1.492e-05 -7.566e-10
0.05 0.0636363636364 0 0 2e-08 -3249270000.0 2.41166e+13 0.0 1.120e-10 0. -6.352e-06 0. 1.031e-11 5.0000e-02 1.512e-05 -1.076e-06
0.7 0.0636363636364 0 0 2e-08 -3249270000.0 2.41166e+13 0.0 2.064e-10 0. -9.611e-06 0. 1.899e-11 0.70000 1.609e-05 -9.751e-10
0.05 0.0707070707071 0 0 2e-08 -3249270000.0 2.41166e+13 0.0 1.446e-10 0. -8.198e-06 0. 1.330e-11 5.0000e-02 1.629e-05 -1.389e-06
0.7 0.0707070707071 0 0 2e-08 -3249270000.0 2.41166e+13 0.0 2.660e-10 0. -1.239e-05 0. 2.447e-11 0.70000 1.756e-05 -1.257e-09
0.05 0.0777777777778 0 0 2e-08 -3249270000.0 2.41166e+13 0.0 1.866e-10 0. -1.058e-05 0. 1.717e-11 5.0000e-02 1.777e-05 -1.793e-06
0.7 0.0777777777778 0 0 2e-08 -3249270000.0 2.41166e+13 0.0 3.428e-10 0. -1.596e-05 0. 3.154e-11 0.70000 1.944e-05 -1.620e-09
0.05 0.0848484848485 0 0 2e-08 -3249270000.0 2.41166e+13 0.0 2.408e-10 0. -1.366e-05 0. 2.216e-11 5.0000e-02 1.966e-05 -2.314e-06
0.7 0.0848484848485 0 0 2e-08 -3249270000.0 2.41166e+13 0.0 4.418e-10 0. -2.057e-05 0. 4.064e-11 0.70000 2.183e-05 -2.087e-09
0.05 0.0919191919192 0 0 2e-08 -3249270000.0 2.41166e+13 0.0 3.108e-10 0. -1.762e-05 0. 2.860e-11 5.0000e-02 2.206e-05 -2.986e-06
0.7 0.0919191919192 0 0 2e-08 -3249270000.0 2.41166e+13 0.0 5.693e-10 0. -2.651e-05 0. 5.238e-11 0.70000 2.488e-05 -2.690e-09
0.05 0.0989898989899 0 0 2e-08 -3249270000.0 2.41166e+13 0.0 4.012e-10 0. -2.275e-05 0. 3.691e-11 5.0000e-02 2.514e-05 -3.854e-06
0.7 0.0989898989899 0 0 2e-08 -3249270000.0 2.41166e+13 0.0 7.337e-10 0. -3.417e-05 0. 6.750e-11 0.70000 2.879e-05 -3.467e-09
0.05 0.106060606061 0 0 2e-08 -3249270000.0 2.41166e+13 0.0 5.177e-10 0. -2.936e-05 0. 4.763e-11 5.0000e-02 2.909e-05 -4.975e-06
0.7 0.106060606061 0 0 2e-08 -3249270000.0 2.41166e+13 0.0 9.456e-10 0. -4.403e-05 0. 8.700e-11 0.70000 3.381e-05 -4.468e-09
0.05 0.113131313131 0 0 2e-08 -3249270000.0 2.41166e+13 0.0 6.682e-10 0. -3.789e-05 0. 6.148e-11 5.0000e-02 3.416e-05 -6.421e-06
0.7 0.113131313131 0 0 2e-08 -3249270000.0 2.41166e+13 0.0 1.219e-09 0. -5.675e-05 0. 1.121e-10 0.70000 4.025e-05 -5.758e-09
0.05 0.120202020202 0 0 2e-08 -3249270000.0 2.41166e+13 0.0 8.624e-10 0. -4.890e-05 0. 7.934e-11 5.0000e-02 4.068e-05 -8.287e-06
0.7 0.120202020202 0 0 2e-08 -3249270000.0 2.41166e+13 0.0 1.571e-09 0. -7.313e-05 0. 1.445e-10 0.70000 4.852e-05 -7.421e-09
0.05 0.127272727273 0 0 2e-08 -3249270000.0 2.41166e+13 0.0 1.113e-09 0. -6.310e-05 0. 1.024e-10 5.0000e-02 4.907e-05 -1.070e-05
0.7 0.127272727273 0 0 2e-08 -3249270000.0 2.41166e+13 0.0 2.024e-09 0. -9.423e-05 0. 1.862e-10 0.70000 5.916e-05 -9.563e-09
0.05 0.134343434343 0 0 2e-08 -3249270000.0 2.41166e+13 0.0 1.436e-09 0. -8.143e-05 0. 1.321e-10 5.0000e-02 5.987e-05 -1.380e-05
0.7 0.134343434343 0 0 2e-08 -3249270000.0 2.41166e+13 0.0 2.608e-09 0. -1.214e-04 0. 2.400e-10 0.70000 7.284e-05 -1.232e-08
0.05 0.141414141414 0 0 2e-08 -3249270000.0 2.41166e+13 0.0 1.854e-09 0. -1.051e-04 0. 1.705e-10 5.0000e-02 7.379e-05 -1.782e-05
0.7 0.141414141414 0 0 2e-08 -3249270000.0 2.41166e+13 0.0 3.361e-09 0. -1.564e-04 0. 3.092e-10 0.70000 9.043e-05 -1.588e-08
0.05 0.148484848485 0 0 2e-08 -3249270000.0 2.41166e+13 0.0 2.392e-09 0. -1.356e-04 0. 2.201e-10 5.0000e-02 9.171e-05 -2.299e-05
0.7 0.148484848485 0 0 2e-08 -3249270000.0 2.41166e+13 0.0 4.331e-09 0. -2.016e-04 0. 3.984e-10 0.70000 1.131e-04 -2.046e-08
0.05 0.155555555556 0 0 2e-08 -3249270000.0 2.41166e+13 0.0 3.087e-09 0. -1.749e-04 0. 2.840e-10 5.0000e-02 1.148e-04 -2.967e-05
0.7 0.155555555556 0 0 2e-08 -3249270000.0 2.41166e+13 0.0 5.580e-09 0. -2.597e-04 0. 5.134e-10 0.70000 1.422e-04 -2.637e-08
0.05 0.162626262626 0 0 2e-08 -3249270000.0 2.41166e+13 0.0 3.983e-09 0. -2.257e-04 0. 3.665e-10 5.0000e-02 1.446e-04 -3.830e-05
0.7 0.162626262626 0 0 2e-08 -3249270000.0 2.41166e+13 0.0 7.190e-09 0. -3.345e-04 0. 6.615e-10 0.70000 1.797e-04 -3.398e-08
0.05 0.169696969697 0 0 2e-08 -3249270000.0 2.41166e+13 0.0 5.140e-09 0. -2.912e-04 0. 4.728e-10 5.0000e-02 1.830e-04 -4.942e-05
0.7 0.169696969697 0 0 2e-08 -3249270000.0 2.41166e+13 0.0 9.263e-09 0. -4.307e-04 0. 8.522e-10 0.70000 2.279e-04 -4.377e-08
0.05 0.176767676768 0 0 2e-08 -3249270000.0 2.41166e+13 0.0 6.631e-09 0. -3.756e-04 0. 6.100e-10 5.0000e-02 2.324e-04 -6.378e-05
0.7 0.176767676768 0 0 2e-08 -3249270000.0 2.41166e+13 0.0 1.193e-08 0. -5.546e-04 0. 1.098e-09 0.70000 2.900e-04 -5.639e-08
0.05 0.183838383838 0 0 2e-08 -3249270000.0 2.41166e+13 0.0 8.554e-09 0. -4.843e-04 0. 7.870e-10 5.0000e-02 2.962e-04 -8.231e-05
0.7 0.183838383838 0 0 2e-08 -3249270000.0 2.41166e+13 0.0 1.537e-08 0. -7.139e-04 0. 1.414e-09 0.70000 3.698e-04 -7.263e-08
0.05 0.190909090909 0 0 2e-08 -3249270000.0 2.41166e+13 0.0 1.103e-08 0. -6.245e-04 0. 1.015e-09 5.0000e-02 3.783e-04 -1.062e-04
0.7 0.190909090909 0 0 2e-08 -3249270000.0 2.41166e+13 0.0 1.979e-08 0. -9.187e-04 0. 1.821e-09 0.70000 4.723e-04 -9.354e-08
0.05 0.19797979798 0 0 2e-08 -3249270000.0 2.41166e+13 0.0 1.423e-08 0. -8.049e-04 0. 1.309e-09 5.0000e-02 4.840e-04 -1.371e-04
0.7 0.19797979798 0 0 2e-08 -3249270000.0 2.41166e+13 0.0 2.549e-08 0. -1.182e-03 0. 2.345e-09 0.70000 6.040e-04 -1.204e-07
0.05 0.205050505051 0 0 2e-08 -3249270000.0 2.41166e+13 0.0 1.835e-08 0. -1.037e-03 0. 1.688e-09 5.0000e-02 6.201e-04 -1.768e-04
0.7 0.205050505051 0 0 2e-08 -3249270000.0 2.41166e+13 0.0 3.281e-08 0. -1.519e-03 0. 3.018e-09 0.70000 7.731e-04 -1.550e-07
0.05 0.212121212121 0 0 2e-08 -3249270000.0 2.41166e+13 0.0 2.365e-08 0. -1.336e-03 0. 2.176e-09 5.0000e-02 7.952e-04 -2.281e-04
0.7 0.212121212121 0 0 2e-08 -3249270000.0 2.41166e+13 0.0 4.221e-08 0. -1.952e-03 0. 3.884e-09 0.70000 9.899e-04 -1.995e-07
0.05 0.219191919192 0 0 2e-08 -3249270000.0 2.41166e+13 0.0 3.048e-08 0. -1.719e-03 0. 2.804e-09 5.0000e-02 1.020e-03 -2.943e-04
0.7 0.219191919192 0 0 2e-08 -3249270000.0 2.41166e+13 0.0 5.430e-08 0. -2.507e-03 0. 4.995e-09 0.70000 1.268e-03 -2.566e-07
0.05 0.226262626263 0 0 2e-08 -3249270000.0 2.41166e+13 0.0 3.926e-08 0. -2.211e-03 0. 3.612e-09 5.0000e-02 1.309e-03 -3.796e-04
0.7 0.226262626263 0 0 2e-08 -3249270000.0 2.41166e+13 0.0 6.981e-08 0. -3.215e-03 0. 6.422e-09 0.70000 1.623e-03 -3.298e-07
0.05 0.233333333333 0 0 2e-08 -3249270000.0 2.41166e+13 0.0 5.054e-08 0. -2.842e-03 0. 4.650e-09 5.0000e-02 1.680e-03 -4.895e-04
0.7 0.233333333333 0 0 2e-08 -3249270000.0 2.41166e+13 0.0 8.969e-08 0. -4.119e-03 0. 8.251e-09 0.70000 2.076e-03 -4.237e-07
0.05 0.240404040404 0 0 2e-08 -3249270000.0 2.41166e+13 0.0 6.502e-08 0. -3.648e-03 0. 5.982e-09 5.0000e-02 2.155e-03 -6.311e-04
0.7 0.240404040404 0 0 2e-08 -3249270000.0 2.41166e+13 0.0 1.151e-07 0. -5.270e-03 0. 1.059e-08 0.70000 2.653e-03 -5.438e-07
0.05 0.247474747475 0 0 2e-08 -3249270000.0 2.41166e+13 0.0 8.359e-08 0. -4.677e-03 0. 7.690e-09 5.0000e-02 2.761e-03 -8.134e-04
0.7 0.247474747475 0 0 2e-08 -3249270000.0 2.41166e+13 0.0 1.477e-07 0. -6.731e-03 0. 1.359e-08 0.70000 3.387e-03 -6.971e-07
0.05 0.254545454545 0 0 2e-08 -3249270000.0 2.41166e+13 0.0 1.073e-07 0. -5.987e-03 0. 9.876e-09 5.0000e-02 3.535e-03 -1.048e-03
0.7 0.254545454545 0 0 2e-08 -3249270000.0 2.41166e+13 0.0 1.892e-07 0. -8.580e-03 0. 1.741e-08 0.70000 4.316e-03 -8.925e-07
0.05 0.261616161616 0 0 2e-08 -3249270000.0 2.41166e+13 0.0 1.377e-07 0. -7.651e-03 0. 1.267e-08 5.0000e-02 4.520e-03 -1.350e-03
0.7 0.261616161616 0 0 2e-08 -3249270000.0 2.41166e+13 0.0 2.422e-07 0. -1.091e-02 0. 2.228e-08 0.70000 5.490e-03 -1.141e-06
0.05 0.268686868687 0 0 2e-08 -3249270000.0 2.41166e+13 0.0 1.764e-07 0. -9.754e-03 0. 1.623e-08 5.0000e-02 5.770e-03 -1.737e-03
0.7 0.268686868687 0 0 2e-08 -3249270000.0 2.41166e+13 0.0 3.094e-07 0. -1.384e-02 0. 2.846e-08 0.70000 6.965e-03 -1.454e-06
0.05 0.275757575758 0 0 2e-08 -3249270000.0 2.41166e+13 0.0 2.256e-07 0. -1.240e-02 0. 2.076e-08 5.0000e-02 7.350e-03 -2.234e-03
0.7 0.275757575758 0 0 2e-08 -3249270000.0 2.41166e+13 0.0 3.946e-07 0. -1.750e-02 0. 3.630e-08 0.70000 8.813e-03 -1.850e-06
0.05 0.282828282828 0 0 2e-08 -3249270000.0 2.41166e+13 0.0 2.880e-07 0. -1.573e-02 0. 2.650e-08 5.0000e-02 9.340e-03 -2.871e-03
0.7 0.282828282828 0 0 2e-08 -3249270000.0 2.41166e+13 0.0 5.022e-07 0. -2.204e-02 0. 4.620e-08 0.70000 1.111e-02 -2.345e-06
0.05 0.289898989899 0 0 2e-08 -3249270000.0 2.41166e+13 0.0 3.668e-07 0. -1.987e-02 0. 3.375e-08 5.0000e-02 1.183e-02 -3.685e-03
0.7 0.289898989899 0 0 2e-08 -3249270000.0 2.41166e+13 0.0 6.375e-07 0. -2.765e-02 0. 5.865e-08 0.70000 1.396e-02 -2.962e-06
0.05 0.29696969697 0 0 2e-08 -3249270000.0 2.41166e+13 0.0 4.659e-07 0. -2.501e-02 0. 4.287e-08 5.0000e-02 1.495e-02 -4.723e-03
0.7 0.29696969697 0 0 2e-08 -3249270000.0 2.41166e+13 0.0 8.071e-07 0. -3.452e-02 0. 7.426e-08 0.70000 1.747e-02 -3.724e-06
0.05 0.30404040404 0 0 2e-08 -3249270000.0 2.41166e+13 0.0 5.901e-07 0. -3.133e-02 0. 5.429e-08 5.0000e-02 1.880e-02 -6.045e-03
0.7 0.30404040404 0 0 2e-08 -3249270000.0 2.41166e+13 0.0 1.019e-06 0. -4.287e-02 0. 9.371e-08 0.70000 2.174e-02 -4.657e-06
0.05 0.311111111111 0 0 2e-08 -3249270000.0 2.41166e+13 0.0 7.447e-07 0. -3.905e-02 0. 6.851e-08 5.0000e-02 2.356e-02 -7.722e-03
0.7 0.311111111111 0 0 2e-08 -3249270000.0 2.41166e+13 0.0 1.281e-06 0. -5.293e-02 0. 1.179e-07 0.70000 2.693e-02 -5.789e-06
0.05 0.318181818182 0 0 2e-08 -3249270000.0 2.41166e+13 0.0 9.362e-07 0. -4.840e-02 0. 8.613e-08 5.0000e-02 2.937e-02 -9.843e-03
0.7 0.318181818182 0 0 2e-08 -3249270000.0 2.41166e+13 0.0 1.605e-06 0. -6.495e-02 0. 1.476e-07 0.70000 3.315e-02 -7.147e-06
0.05 0.325252525253 0 0 2e-08 -3249270000.0 2.41166e+13 0.0 1.172e-06 0. -5.962e-02 0. 1.078e-07 5.0000e-02 3.642e-02 -1.251e-02
0.7 0.325252525253 0 0 2e-08 -3249270000.0 2.41166e+13 0.0 2.001e-06 0. -7.915e-02 0. 1.841e-07 0.70000 4.056e-02 -8.755e-06
0.05 0.332323232323 0 0 2e-08 -3249270000.0 2.41166e+13 0.0 1.460e-06 0. -7.295e-02 0. 1.343e-07 5.0000e-02 4.492e-02 -1.586e-02
0.7 0.332323232323 0 0 2e-08 -3249270000.0 2.41166e+13 0.0 2.484e-06 0. -9.578e-02 0. 2.285e-07 0.70000 4.930e-02 -1.064e-05
0.05 0.339393939394 0 0 2e-08 -3249270000.0 2.41166e+13 0.0 1.808e-06 0. -8.864e-02 0. 1.664e-07 5.0000e-02 5.506e-02 -2.003e-02
0.7 0.339393939394 0 0 2e-08 -3249270000.0 2.41166e+13 0.0 3.068e-06 0. -0.1150 0. 2.822e-07 0.70000 5.952e-02 -1.281e-05
0.05 0.346464646465 0 0 2e-08 -3249270000.0 2.41166e+13 0.0 2.228e-06 0. -0.1069 0. 2.050e-07 5.0000e-02 6.704e-02 -2.519e-02
0.7 0.346464646465 0 0 2e-08 -3249270000.0 2.41166e+13 0.0 3.768e-06 0. -0.1371 0. 3.467e-07 0.70000 7.133e-02 -1.527e-05
0.05 0.353535353535 0 0 2e-08 -3249270000.0 2.41166e+13 0.0 2.728e-06 0. -0.1279 0. 2.509e-07 5.0000e-02 8.109e-02 -3.154e-02
0.7 0.353535353535 0 0 2e-08 -3249270000.0 2.41166e+13 0.0 4.603e-06 0. -0.1622 0. 4.235e-07 0.70000 8.488e-02 -1.803e-05
0.05 0.360606060606 0 0 2e-08 -3249270000.0 2.41166e+13 0.0 3.318e-06 0. -0.1519 0. 3.053e-07 5.0000e-02 9.740e-02 -3.929e-02
0.7 0.360606060606 0 0 2e-08 -3249270000.0 2.41166e+13 0.0 5.589e-06 0. -0.1903 0. 5.142e-07 0.70000 0.1003 -2.108e-05
0.05 0.367676767677 0 0 2e-08 -3249270000.0 2.41166e+13 0.0 4.009e-06 0. -0.1790 0. 3.688e-07 5.0000e-02 0.1162 -4.867e-02
0.7 0.367676767677 0 0 2e-08 -3249270000.0 2.41166e+13 0.0 6.747e-06 0. -0.2217 0. 6.207e-07 0.70000 0.1176 -2.439e-05
0.05 0.374747474747 0 0 2e-08 -3249270000.0 2.41166e+13 0.0 4.810e-06 0. -0.2093 0. 4.425e-07 5.0000e-02 0.1375 -5.991e-02
0.7 0.374747474747 0 0 2e-08 -3249270000.0 2.41166e+13 0.0 8.094e-06 0. -0.2562 0. 7.446e-07 0.70000 0.1369 -2.794e-05
0.05 0.381818181818 0 0 2e-08 -3249270000.0 2.41166e+13 0.0 5.729e-06 0. -0.2428 0. 5.271e-07 5.0000e-02 0.1617 -7.326e-02
0.7 0.381818181818 0 0 2e-08 -3249270000.0 2.41166e+13 0.0 9.651e-06 0. -0.2941 0. 8.879e-07 0.70000 0.1582 -3.169e-05
0.05 0.388888888889 0 0 2e-08 -3249270000.0 2.41166e+13 0.0 6.776e-06 0. -0.2796 0. 6.234e-07 5.0000e-02 0.1887 -8.896e-02
0.7 0.388888888889 0 0 2e-08 -3249270000.0 2.41166e+13 0.0 1.144e-05 0. -0.3352 0. 1.052e-06 0.70000 0.1816 -3.559e-05
0.05 0.39595959596 0 0 2e-08 -3249270000.0 2.41166e+13 0.0 7.955e-06 0. -0.3198 0. 7.319e-07 5.0000e-02 0.2188 -0.1072
0.7 0.39595959596 0 0 2e-08 -3249270000.0 2.41166e+13 0.0 1.347e-05 0. -0.3795 0. 1.239e-06 0.70000 0.2072 -3.962e-05
0.05 0.40303030303 0 0 2e-08 -3249270000.0 2.41166e+13 0.0 9.273e-06 0. -0.3632 0. 8.532e-07 5.0000e-02 0.2519 -0.1282
0.7 0.40303030303 0 0 2e-08 -3249270000.0 2.41166e+13 0.0 1.577e-05 0. -0.4270 0. 1.451e-06 0.70000 0.2348 -4.373e-05
0.05 0.410101010101 0 0 2e-08 -3249270000.0 2.41166e+13 0.0 1.073e-05 0. -0.4098 0. 9.875e-07 5.0000e-02 0.2881 -0.1522
0.7 0.410101010101 0 0 2e-08 -3249270000.0 2.41166e+13 0.0 1.836e-05 0. -0.4776 0. 1.689e-06 0.70000 0.2646 -4.788e-05
0.05 0.417171717172 0 0 2e-08 -3249270000.0 2.41166e+13 0.0 1.234e-05 0. -0.4596 0. 1.135e-06 5.0000e-02 0.3274 -0.1792
0.7 0.417171717172 0 0 2e-08 -3249270000.0 2.41166e+13 0.0 2.125e-05 0. -0.5313 0. 1.955e-06 0.70000 0.2964 -5.203e-05
0.05 0.424242424242 0 0 2e-08 -3249270000.0 2.41166e+13 0.0 1.408e-05 0. -0.5125 0. 1.296e-06 5.0000e-02 0.3699 -0.2094
0.7 0.424242424242 0 0 2e-08 -3249270000.0 2.41166e+13 0.0 2.445e-05 0. -0.5878 0. 2.250e-06 0.70000 0.3302 -5.617e-05
0.05 0.431313131313 0 0 2e-08 -3249270000.0 2.41166e+13 0.0 1.598e-05 0. -0.5684 0. 1.470e-06 5.0000e-02 0.4154 -0.2429
0.7 0.431313131313 0 0 2e-08 -3249270000.0 2.41166e+13 0.0 2.799e-05 0. -0.6472 0. 2.575e-06 0.70000 0.3660 -6.026e-05
0.05 0.438383838384 0 0 2e-08 -3249270000.0 2.41166e+13 0.0 1.801e-05 0. -0.6272 0. 1.657e-06 5.0000e-02 0.4640 -0.2796
0.7 0.438383838384 0 0 2e-08 -3249270000.0 2.41166e+13 0.0 3.187e-05 0. -0.7094 0. 2.932e-06 0.70000 0.4038 -6.431e-05
0.05 0.445454545455 0 0 2e-08 -3249270000.0 2.41166e+13 0.0 2.017e-05 0. -0.6888 0. 1.856e-06 5.0000e-02 0.5156 -0.3196
0.7 0.445454545455 0 0 2e-08 -3249270000.0 2.41166e+13 0.0 3.612e-05 0. -0.7742 0. 3.323e-06 0.70000 0.4434 -6.830e-05
0.05 0.452525252525 0 0 2e-08 -3249270000.0 2.41166e+13 0.0 2.247e-05 0. -0.7532 0. 2.067e-06 5.0000e-02 0.5700 -0.3629
0.7 0.452525252525 0 0 2e-08 -3249270000.0 2.41166e+13 0.0 4.072e-05 0. -0.8415 0. 3.747e-06 0.70000 0.4849 -7.223e-05
0.05 0.459595959596 0 0 2e-08 -3249270000.0 2.41166e+13 0.0 2.489e-05 0. -0.8201 0. 2.290e-06 5.0000e-02 0.6274 -0.4094
0.7 0.459595959596 0 0 2e-08 -3249270000.0 2.41166e+13 0.0 4.571e-05 0. -0.9113 0. 4.205e-06 0.70000 0.5282 -7.612e-05
0.05 0.466666666667 0 0 2e-08 -3249270000.0 2.41166e+13 0.0 2.744e-05 0. -0.8895 0. 2.524e-06 5.0000e-02 0.6874 -0.4590
0.7 0.466666666667 0 0 2e-08 -3249270000.0 2.41166e+13 0.0 5.108e-05 0. -0.9835 0. 4.700e-06 0.70000 0.5731 -7.997e-05
0.05 0.473737373737 0 0 2e-08 -3249270000.0 2.41166e+13 0.0 3.010e-05 0. -0.9614 0. 2.769e-06 5.0000e-02 0.7502 -0.5117
0.7 0.473737373737 0 0 2e-08 -3249270000.0 2.41166e+13 0.0 5.685e-05 0. -1.0580 0. 5.230e-06 0.70000 0.6197 -8.381e-05
0.05 0.480808080808 0 0 2e-08 -3249270000.0 2.41166e+13 0.0 3.286e-05 0. -1.0356 0. 3.023e-06 5.0000e-02 0.8156 -0.5675
0.7 0.480808080808 0 0 2e-08 -3249270000.0 2.41166e+13 0.0 6.302e-05 0. -1.1347 0. 5.798e-06 0.70000 0.6680 -8.765e-05
0.05 0.487878787879 0 0 2e-08 -3249270000.0 2.41166e+13 0.0 3.573e-05 0. -1.1121 0. 3.287e-06 5.0000e-02 0.8835 -0.6261
0.7 0.487878787879 0 0 2e-08 -3249270000.0 2.41166e+13 0.0 6.959e-05 0. -1.2135 0. 6.402e-06 0.70000 0.7178 -9.152e-05
0.05 0.494949494949 0 0 2e-08 -3249270000.0 2.41166e+13 0.0 3.870e-05 0. -1.1908 0. 3.561e-06 5.0000e-02 0.9538 -0.6875
0.7 0.494949494949 0 0 2e-08 -3249270000.0 2.41166e+13 0.0 7.657e-05 0. -1.2945 0. 7.045e-06 0.70000 0.7691 -9.546e-05
0.05 0.50202020202 0 0 2e-08 -3249270000.0 2.41166e+13 0.0 4.177e-05 0. -1.2716 0. 3.842e-06 5.0000e-02 1.0265 -0.7516
0.7 0.50202020202 0 0 2e-08 -3249270000.0 2.41166e+13 0.0 8.397e-05 0. -1.3775 0. 7.725e-06 0.70000 0.8219 -9.948e-05
0.05 0.509090909091 0 0 2e-08 -3249270000.0 2.41166e+13 0.0 4.492e-05 0. -1.3545 0. 4.133e-06 5.0000e-02 1.1015 -0.8183
0.7 0.509090909091 0 0 2e-08 -3249270000.0 2.41166e+13 0.0 9.179e-05 0. -1.4625 0. 8.444e-06 0.70000 0.8761 -1.036e-04
0.05 0.516161616162 0 0 2e-08 -3249270000.0 2.41166e+13 0.0 4.816e-05 0. -1.4394 0. 4.431e-06 5.0000e-02 1.1787 -0.8876
0.7 0.516161616162 0 0 2e-08 -3249270000.0 2.41166e+13 0.0 1.000e-04 0. -1.5494 0. 9.202e-06 0.70000 0.9318 -1.079e-04
0.05 0.523232323232 0 0 2e-08 -3249270000.0 2.41166e+13 0.0 5.148e-05 0. -1.5263 0. 4.736e-06 5.0000e-02 1.2581 -0.9592
0.7 0.523232323232 0 0 2e-08 -3249270000.0 2.41166e+13 0.0 1.087e-04 0. -1.6382 0. 9.998e-06 0.70000 0.9888 -1.125e-04
0.05 0.530303030303 0 0 2e-08 -3249270000.0 2.41166e+13 0.0 5.489e-05 0. -1.6151 0. 5.050e-06 5.0000e-02 1.3396 -1.0332
0.7 0.530303030303 0 0 2e-08 -3249270000.0 2.41166e+13 0.0 1.177e-04 0. -1.7288 0. 1.083e-05 0.70000 1.0472 -1.172e-04
0.05 0.537373737374 0 0 2e-08 -3249270000.0 2.41166e+13 0.0 5.837e-05 0. -1.7058 0. 5.370e-06 5.0000e-02 1.4232 -1.1095
0.7 0.537373737374 0 0 2e-08 -3249270000.0 2.41166e+13 0.0 1.272e-04 0. -1.8213 0. 1.171e-05 0.70000 1.1068 -1.223e-04
0.05 0.544444444444 0 0 2e-08 -3249270000.0 2.41166e+13 0.0 6.194e-05 0. -1.7983 0. 5.698e-06 5.0000e-02 1.5087 -1.1880
0.7 0.544444444444 0 0 2e-08 -3249270000.0 2.41166e+13 0.0 1.371e-04 0. -1.9155 0. 1.262e-05 0.70000 1.1678 -1.278e-04
0.05 0.551515151515 0 0 2e-08 -3249270000.0 2.41166e+13 0.0 6.557e-05 0. -1.8926 0. 6.032e-06 5.0000e-02 1.5962 -1.2686
0.7 0.551515151515 0 0 2e-08 -3249270000.0 2.41166e+13 0.0 1.475e-04 0. -2.0114 0. 1.357e-05 0.70000 1.2300 -1.336e-04
0.05 0.558585858586 0 0 2e-08 -3249270000.0 2.41166e+13 0.0 6.928e-05 0. -1.9887 0. 6.373e-06 5.0000e-02 1.6856 -1.3513
0.7 0.558585858586 0 0 2e-08 -3249270000.0 2.41166e+13 0.0 1.582e-04 0. -2.1090 0. 1.455e-05 0.70000 1.2934 -1.400e-04
0.05 0.565656565657 0 0 2e-08 -3249270000.0 2.41166e+13 0.0 7.305e-05 0. -2.0865 0. 6.721e-06 5.0000e-02 1.7769 -1.4360
0.7 0.565656565657 0 0 2e-08 -3249270000.0 2.41166e+13 0.0 1.693e-04 0. -2.2083 0. 1.558e-05 0.70000 1.3580 -1.469e-04
0.05 0.572727272727 0 0 2e-08 -3249270000.0 2.41166e+13 0.0 7.690e-05 0. -2.1860 0. 7.074e-06 5.0000e-02 1.8699 -1.5227
0.7 0.572727272727 0 0 2e-08 -3249270000.0 2.41166e+13 0.0 1.808e-04 0. -2.3092 0. 1.664e-05 0.70000 1.4237 -1.544e-04
0.05 0.579797979798 0 0 2e-08 -3249270000.0 2.41166e+13 0.0 8.080e-05 0. -2.2871 0. 7.434e-06 5.0000e-02 1.9648 -1.6113
0.7 0.579797979798 0 0 2e-08 -3249270000.0 2.41166e+13 0.0 1.928e-04 0. -2.4117 0. 1.773e-05 0.70000 1.4906 -1.627e-04
0.05 0.586868686869 0 0 2e-08 -3249270000.0 2.41166e+13 0.0 8.477e-05 0. -2.3898 0. 7.799e-06 5.0000e-02 2.0613 -1.7018
0.7 0.586868686869 0 0 2e-08 -3249270000.0 2.41166e+13 0.0 2.051e-04 0. -2.5157 0. 1.887e-05 0.70000 1.5586 -1.718e-04
0.05 0.593939393939 0 0 2e-08 -3249270000.0 2.41166e+13 0.0 8.881e-05 0. -2.4941 0. 8.170e-06 5.0000e-02 2.1596 -1.7942
0.7 0.593939393939 0 0 2e-08 -3249270000.0 2.41166e+13 0.0 2.178e-04 0. -2.6212 0. 2.003e-05 0.70000 1.6276 -1.818e-04
0.05 0.60101010101 0 0 2e-08 -3249270000.0 2.41166e+13 0.0 9.290e-05 0. -2.5999 0. 8.546e-06 5.0000e-02 2.2595 -1.8883
0.7 0.60101010101 0 0 2e-08 -3249270000.0 2.41166e+13 0.0 2.308e-04 0. -2.7282 0. 2.123e-05 0.70000 1.6977 -1.930e-04
0.05 0.608080808081 0 0 2e-08 -3249270000.0 2.41166e+13 0.0 9.704e-05 0. -2.7072 0. 8.928e-06 5.0000e-02 2.3610 -1.9842
0.7 0.608080808081 0 0 2e-08 -3249270000.0 2.41166e+13 0.0 2.442e-04 0. -2.8367 0. 2.247e-05 0.70000 1.7689 -2.053e-04
0.05 0.615151515152 0 0 2e-08 -3249270000.0 2.41166e+13 0.0 1.012e-04 0. -2.8160 0. 9.314e-06 5.0000e-02 2.4642 -2.0818
0.7 0.615151515152 0 0 2e-08 -3249270000.0 2.41166e+13 0.0 2.580e-04 0. -2.9465 0. 2.374e-05 0.70000 1.8410 -2.191e-04
0.05 0.622222222222 0 0 2e-08 -3249270000.0 2.41166e+13 0.0 1.055e-04 0. -2.9262 0. 9.706e-06 5.0000e-02 2.5688 -2.1811
0.7 0.622222222222 0 0 2e-08 -3249270000.0 2.41166e+13 0.0 2.721e-04 0. -3.0578 0. 2.503e-05 0.70000 1.9142 -2.345e-04
0.05 0.629292929293 0 0 2e-08 -3249270000.0 2.41166e+13 0.0 1.098e-04 0. -3.0378 0. 1.010e-05 5.0000e-02 2.6750 -2.2821
0.7 0.629292929293 0 0 2e-08 -3249270000.0 2.41166e+13 0.0 2.865e-04 0. -3.1704 0. 2.636e-05 0.70000 1.9883 -2.517e-04
0.05 0.636363636364 0 0 2e-08 -3249270000.0 2.41166e+13 0.0 1.142e-04 0. -3.1508 0. 1.050e-05 5.0000e-02 2.7827 -2.3846
0.7 0.636363636364 0 0 2e-08 -3249270000.0 2.41166e+13 0.0 3.013e-04 0. -3.2843 0. 2.772e-05 0.70000 2.0633 -2.711e-04
0.05 0.643434343434 0 0 2e-08 -3249270000.0 2.41166e+13 0.0 1.186e-04 0. -3.2651 0. 1.091e-05 5.0000e-02 2.8918 -2.4887
0.7 0.643434343434 0 0 2e-08 -3249270000.0 2.41166e+13 0.0 3.164e-04 0. -3.3994 0. 2.911e-05 0.70000 2.1393 -2.928e-04
0.05 0.650505050505 0 0 2e-08 -3249270000.0 2.41166e+13 0.0 1.230e-04 0. -3.3808 0. 1.132e-05 5.0000e-02 3.0024 -2.5944
0.7 0.650505050505 0 0 2e-08 -3249270000.0 2.41166e+13 0.0 3.318e-04 0. -3.5159 0. 3.052e-05 0.70000 2.2161 -3.172e-04
0.05 0.657575757576 0 0 2e-08 -3249270000.0 2.41166e+13 0.0 1.275e-04 0. -3.4977 0. 1.173e-05 5.0000e-02 3.1143 -2.7016
0.7 0.657575757576 0 0 2e-08 -3249270000.0 2.41166e+13 0.0 3.474e-04 0. -3.6336 0. 3.196e-05 0.70000 2.2938 -3.448e-04
0.05 0.664646464646 0 0 2e-08 -3249270000.0 2.41166e+13 0.0 1.320e-04 0. -3.6158 0. 1.215e-05 5.0000e-02 3.2276 -2.8102
0.7 0.664646464646 0 0 2e-08 -3249270000.0 2.41166e+13 0.0 3.634e-04 0. -3.7524 0. 3.343e-05 0.70000 2.3724 -3.760e-04
0.05 0.671717171717 0 0 2e-08 -3249270000.0 2.41166e+13 0.0 1.366e-04 0. -3.7352 0. 1.257e-05 5.0000e-02 3.3422 -2.9203
0.7 0.671717171717 0 0 2e-08 -3249270000.0 2.41166e+13 0.0 3.796e-04 0. -3.8725 0. 3.492e-05 0.70000 2.4518 -4.114e-04
0.05 0.678787878788 0 0 2e-08 -3249270000.0 2.41166e+13 0.0 1.413e-04 0. -3.8558 0. 1.300e-05 5.0000e-02 3.4581 -3.0317
0.7 0.678787878788 0 0 2e-08 -3249270000.0 2.41166e+13 0.0 3.961e-04 0. -3.9937 0. 3.644e-05 0.70000 2.5321 -4.515e-04
0.05 0.685858585859 0 0 2e-08 -3249270000.0 2.41166e+13 0.0 1.459e-04 0. -3.9775 0. 1.342e-05 5.0000e-02 3.5753 -3.1446
0.7 0.685858585859 0 0 2e-08 -3249270000.0 2.41166e+13 0.0 4.128e-04 0. -4.1160 0. 3.798e-05 0.70000 2.6131 -4.972e-04
0.05 0.692929292929 0 0 2e-08 -3249270000.0 2.41166e+13 0.0 1.506e-04 0. -4.1004 0. 1.386e-05 5.0000e-02 3.6937 -3.2587
0.7 0.692929292929 0 0 2e-08 -3249270000.0 2.41166e+13 0.0 4.298e-04 0. -4.2395 0. 3.954e-05 0.70000 2.6950 -5.493e-04
0.05 0.7 0 0 2e-08 -3249270000.0 2.41166e+13 0.0 1.554e-04 0. -4.2244 0. 1.429e-05 5.0000e-02 3.8133 -3.3742
0.7 0.7 0 0 2e-08 -3249270000.0 2.41166e+13 0.0 4.470e-04 0. -4.3640 0. 4.112e-05 0.70000 2.7776 -6.089e-04
