vd vg vs vb l alpha1_p alpha11_p t_fe idsperum vfed qms vfes ids sweepvar qm qmd
0.05 0.0 0 0 2e-08 -3249270000.0 2.41166e+13 1e-08 1.143e-11 -3.803e-04 -6.480e-07 -3.812e-04 1.051e-12 5.0000e-02 1.097e-05 -1.098e-07
0.5 0.0 0 0 2e-08 -3249270000.0 2.41166e+13 1e-08 1.845e-11 -3.803e-04 -8.627e-07 -3.812e-04 1.698e-12 0.50000 1.095e-05 -1.477e-10
0.05 0.00505050505051 0 0 2e-08 -3249270000.0 2.41166e+13 1e-08 1.371e-11 -3.803e-04 -7.776e-07 -3.812e-04 1.262e-12 5.0000e-02 1.112e-05 -1.317e-07
0.5 0.00505050505051 0 0 2e-08 -3249270000.0 2.41166e+13 1e-08 2.213e-11 -3.803e-04 -1.034e-06 -3.813e-04 2.036e-12 0.50000 1.110e-05 -1.771e-10
0.05 0.010101010101 0 0 2e-08 -3249270000.0 2.41166e+13 1e-08 1.645e-11 -3.803e-04 -9.330e-07 -3.813e-04 1.514e-12 5.0000e-02 1.127e-05 -1.581e-07
0.5 0.010101010101 0 0 2e-08 -3249270000.0 2.41166e+13 1e-08 2.653e-11 -3.803e-04 -1.240e-06 -3.813e-04 2.441e-12 0.50000 1.127e-05 -2.124e-10
0.05 0.0151515151515 0 0 2e-08 -3249270000.0 2.41166e+13 1e-08 1.974e-11 -3.803e-04 -1.120e-06 -3.813e-04 1.816e-12 5.0000e-02 1.145e-05 -1.897e-07
0.5 0.0151515151515 0 0 2e-08 -3249270000.0 2.41166e+13 1e-08 3.181e-11 -3.803e-04 -1.487e-06 -3.813e-04 2.927e-12 0.50000 1.146e-05 -2.547e-10
0.05 0.020202020202 0 0 2e-08 -3249270000.0 2.41166e+13 1e-08 2.369e-11 -3.803e-04 -1.343e-06 -3.813e-04 2.180e-12 5.0000e-02 1.165e-05 -2.276e-07
0.5 0.020202020202 0 0 2e-08 -3249270000.0 2.41166e+13 1e-08 3.815e-11 -3.803e-04 -1.783e-06 -3.813e-04 3.510e-12 0.50000 1.167e-05 -3.054e-10
0.05 0.0252525252525 0 0 2e-08 -3249270000.0 2.41166e+13 1e-08 2.843e-11 -3.803e-04 -1.612e-06 -3.813e-04 2.615e-12 5.0000e-02 1.187e-05 -2.731e-07
0.5 0.0252525252525 0 0 2e-08 -3249270000.0 2.41166e+13 1e-08 4.574e-11 -3.803e-04 -2.139e-06 -3.813e-04 4.208e-12 0.50000 1.191e-05 -3.662e-10
0.05 0.030303030303 0 0 2e-08 -3249270000.0 2.41166e+13 1e-08 3.411e-11 -3.803e-04 -1.934e-06 -3.813e-04 3.138e-12 5.0000e-02 1.212e-05 -3.277e-07
0.5 0.030303030303 0 0 2e-08 -3249270000.0 2.41166e+13 1e-08 5.485e-11 -3.803e-04 -2.564e-06 -3.813e-04 5.046e-12 0.50000 1.219e-05 -4.391e-10
0.05 0.0353535353535 0 0 2e-08 -3249270000.0 2.41166e+13 1e-08 4.093e-11 -3.803e-04 -2.321e-06 -3.814e-04 3.765e-12 5.0000e-02 1.241e-05 -3.932e-07
0.5 0.0353535353535 0 0 2e-08 -3249270000.0 2.41166e+13 1e-08 6.577e-11 -3.803e-04 -3.075e-06 -3.814e-04 6.051e-12 0.50000 1.251e-05 -5.265e-10
0.05 0.040404040404 0 0 2e-08 -3249270000.0 2.41166e+13 1e-08 4.911e-11 -3.803e-04 -2.785e-06 -3.814e-04 4.518e-12 5.0000e-02 1.275e-05 -4.718e-07
0.5 0.040404040404 0 0 2e-08 -3249270000.0 2.41166e+13 1e-08 7.886e-11 -3.803e-04 -3.687e-06 -3.814e-04 7.255e-12 0.50000 1.288e-05 -6.313e-10
0.05 0.0454545454545 0 0 2e-08 -3249270000.0 2.41166e+13 1e-08 5.893e-11 -3.803e-04 -3.342e-06 -3.814e-04 5.421e-12 5.0000e-02 1.314e-05 -5.662e-07
0.5 0.0454545454545 0 0 2e-08 -3249270000.0 2.41166e+13 1e-08 9.456e-11 -3.803e-04 -4.421e-06 -3.814e-04 8.700e-12 0.50000 1.331e-05 -7.570e-10
0.05 0.0505050505051 0 0 2e-08 -3249270000.0 2.41166e+13 1e-08 7.071e-11 -3.803e-04 -4.010e-06 -3.815e-04 6.505e-12 5.0000e-02 1.359e-05 -6.794e-07
0.5 0.0505050505051 0 0 2e-08 -3249270000.0 2.41166e+13 1e-08 1.134e-10 -3.803e-04 -5.301e-06 -3.815e-04 1.043e-11 0.50000 1.382e-05 -9.078e-10
0.05 0.0555555555556 0 0 2e-08 -3249270000.0 2.41166e+13 1e-08 8.484e-11 -3.803e-04 -4.811e-06 -3.815e-04 7.806e-12 5.0000e-02 1.413e-05 -8.152e-07
0.5 0.0555555555556 0 0 2e-08 -3249270000.0 2.41166e+13 1e-08 1.360e-10 -3.803e-04 -6.357e-06 -3.815e-04 1.251e-11 0.50000 1.441e-05 -1.088e-09
0.05 0.0606060606061 0 0 2e-08 -3249270000.0 2.41166e+13 1e-08 1.018e-10 -3.803e-04 -5.773e-06 -3.816e-04 9.366e-12 5.0000e-02 1.475e-05 -9.781e-07
0.5 0.0606060606061 0 0 2e-08 -3249270000.0 2.41166e+13 1e-08 1.630e-10 -3.803e-04 -7.622e-06 -3.816e-04 1.500e-11 0.50000 1.510e-05 -1.305e-09
0.05 0.0656565656566 0 0 2e-08 -3249270000.0 2.41166e+13 1e-08 1.222e-10 -3.804e-04 -6.927e-06 -3.816e-04 1.124e-11 5.0000e-02 1.549e-05 -1.174e-06
0.5 0.0656565656566 0 0 2e-08 -3249270000.0 2.41166e+13 1e-08 1.955e-10 -3.803e-04 -9.140e-06 -3.817e-04 1.799e-11 0.50000 1.592e-05 -1.565e-09
0.05 0.0707070707071 0 0 2e-08 -3249270000.0 2.41166e+13 1e-08 1.466e-10 -3.804e-04 -8.312e-06 -3.817e-04 1.349e-11 5.0000e-02 1.636e-05 -1.408e-06
0.5 0.0707070707071 0 0 2e-08 -3249270000.0 2.41166e+13 1e-08 2.344e-10 -3.803e-04 -1.096e-05 -3.818e-04 2.157e-11 0.50000 1.690e-05 -1.877e-09
0.05 0.0757575757576 0 0 2e-08 -3249270000.0 2.41166e+13 1e-08 1.759e-10 -3.804e-04 -9.974e-06 -3.818e-04 1.618e-11 5.0000e-02 1.740e-05 -1.690e-06
0.5 0.0757575757576 0 0 2e-08 -3249270000.0 2.41166e+13 1e-08 2.811e-10 -3.803e-04 -1.314e-05 -3.819e-04 2.586e-11 0.50000 1.805e-05 -2.250e-09
0.05 0.0808080808081 0 0 2e-08 -3249270000.0 2.41166e+13 1e-08 2.110e-10 -3.804e-04 -1.197e-05 -3.819e-04 1.942e-11 5.0000e-02 1.862e-05 -2.028e-06
0.5 0.0808080808081 0 0 2e-08 -3249270000.0 2.41166e+13 1e-08 3.370e-10 -3.803e-04 -1.576e-05 -3.820e-04 3.101e-11 0.50000 1.942e-05 -2.698e-09
0.05 0.0858585858586 0 0 2e-08 -3249270000.0 2.41166e+13 1e-08 2.532e-10 -3.805e-04 -1.436e-05 -3.820e-04 2.330e-11 5.0000e-02 2.008e-05 -2.433e-06
0.5 0.0858585858586 0 0 2e-08 -3249270000.0 2.41166e+13 1e-08 4.041e-10 -3.803e-04 -1.889e-05 -3.821e-04 3.718e-11 0.50000 2.105e-05 -3.235e-09
0.05 0.0909090909091 0 0 2e-08 -3249270000.0 2.41166e+13 1e-08 3.039e-10 -3.805e-04 -1.723e-05 -3.822e-04 2.795e-11 5.0000e-02 2.182e-05 -2.920e-06
0.5 0.0909090909091 0 0 2e-08 -3249270000.0 2.41166e+13 1e-08 4.846e-10 -3.803e-04 -2.265e-05 -3.823e-04 4.458e-11 0.50000 2.299e-05 -3.880e-09
0.05 0.0959595959596 0 0 2e-08 -3249270000.0 2.41166e+13 1e-08 3.646e-10 -3.806e-04 -2.067e-05 -3.824e-04 3.354e-11 5.0000e-02 2.390e-05 -3.503e-06
0.5 0.0959595959596 0 0 2e-08 -3249270000.0 2.41166e+13 1e-08 5.811e-10 -3.803e-04 -2.716e-05 -3.825e-04 5.346e-11 0.50000 2.530e-05 -4.652e-09
0.05 0.10101010101 0 0 2e-08 -3249270000.0 2.41166e+13 1e-08 4.375e-10 -3.806e-04 -2.481e-05 -3.826e-04 4.025e-11 5.0000e-02 2.637e-05 -4.204e-06
0.5 0.10101010101 0 0 2e-08 -3249270000.0 2.41166e+13 1e-08 6.967e-10 -3.803e-04 -3.257e-05 -3.828e-04 6.410e-11 0.50000 2.807e-05 -5.578e-09
0.05 0.106060606061 0 0 2e-08 -3249270000.0 2.41166e+13 1e-08 5.249e-10 -3.807e-04 -2.977e-05 -3.829e-04 4.829e-11 5.0000e-02 2.933e-05 -5.044e-06
0.5 0.106060606061 0 0 2e-08 -3249270000.0 2.41166e+13 1e-08 8.354e-10 -3.803e-04 -3.905e-05 -3.831e-04 7.686e-11 0.50000 3.137e-05 -6.689e-09
0.05 0.111111111111 0 0 2e-08 -3249270000.0 2.41166e+13 1e-08 6.298e-10 -3.808e-04 -3.571e-05 -3.832e-04 5.795e-11 5.0000e-02 3.287e-05 -6.052e-06
0.5 0.111111111111 0 0 2e-08 -3249270000.0 2.41166e+13 1e-08 1.002e-09 -3.803e-04 -4.683e-05 -3.834e-04 9.216e-11 0.50000 3.532e-05 -8.020e-09
0.05 0.116161616162 0 0 2e-08 -3249270000.0 2.41166e+13 1e-08 7.557e-10 -3.809e-04 -4.285e-05 -3.836e-04 6.953e-11 5.0000e-02 3.711e-05 -7.262e-06
0.5 0.116161616162 0 0 2e-08 -3249270000.0 2.41166e+13 1e-08 1.201e-09 -3.803e-04 -5.615e-05 -3.838e-04 1.105e-10 0.50000 4.004e-05 -9.617e-09
0.05 0.121212121212 0 0 2e-08 -3249270000.0 2.41166e+13 1e-08 9.068e-10 -3.810e-04 -5.142e-05 -3.840e-04 8.342e-11 5.0000e-02 4.217e-05 -8.714e-06
0.5 0.121212121212 0 0 2e-08 -3249270000.0 2.41166e+13 1e-08 1.440e-09 -3.803e-04 -6.732e-05 -3.843e-04 1.325e-10 0.50000 4.568e-05 -1.153e-08
0.05 0.126262626263 0 0 2e-08 -3249270000.0 2.41166e+13 1e-08 1.088e-09 -3.812e-04 -6.169e-05 -3.845e-04 1.001e-10 5.0000e-02 4.824e-05 -1.046e-05
0.5 0.126262626263 0 0 2e-08 -3249270000.0 2.41166e+13 1e-08 1.727e-09 -3.803e-04 -8.072e-05 -3.849e-04 1.589e-10 0.50000 5.244e-05 -1.383e-08
0.05 0.131313131313 0 0 2e-08 -3249270000.0 2.41166e+13 1e-08 1.305e-09 -3.814e-04 -7.402e-05 -3.852e-04 1.201e-10 5.0000e-02 5.551e-05 -1.255e-05
0.5 0.131313131313 0 0 2e-08 -3249270000.0 2.41166e+13 1e-08 2.070e-09 -3.803e-04 -9.678e-05 -3.857e-04 1.905e-10 0.50000 6.053e-05 -1.658e-08
0.05 0.136363636364 0 0 2e-08 -3249270000.0 2.41166e+13 1e-08 1.566e-09 -3.816e-04 -8.881e-05 -3.860e-04 1.441e-10 5.0000e-02 6.422e-05 -1.506e-05
0.5 0.136363636364 0 0 2e-08 -3249270000.0 2.41166e+13 1e-08 2.483e-09 -3.803e-04 -1.160e-04 -3.865e-04 2.284e-10 0.50000 7.022e-05 -1.988e-08
0.05 0.141414141414 0 0 2e-08 -3249270000.0 2.41166e+13 1e-08 1.879e-09 -3.819e-04 -1.066e-04 -3.869e-04 1.729e-10 5.0000e-02 7.465e-05 -1.807e-05
0.5 0.141414141414 0 0 2e-08 -3249270000.0 2.41166e+13 1e-08 2.977e-09 -3.803e-04 -1.391e-04 -3.876e-04 2.738e-10 0.50000 8.182e-05 -2.384e-08
0.05 0.146464646465 0 0 2e-08 -3249270000.0 2.41166e+13 1e-08 2.255e-09 -3.822e-04 -1.278e-04 -3.880e-04 2.074e-10 5.0000e-02 8.716e-05 -2.168e-05
0.5 0.146464646465 0 0 2e-08 -3249270000.0 2.41166e+13 1e-08 3.569e-09 -3.803e-04 -1.668e-04 -3.888e-04 3.283e-10 0.50000 9.572e-05 -2.858e-08
0.05 0.151515151515 0 0 2e-08 -3249270000.0 2.41166e+13 1e-08 2.705e-09 -3.826e-04 -1.534e-04 -3.893e-04 2.489e-10 5.0000e-02 1.022e-04 -2.601e-05
0.5 0.151515151515 0 0 2e-08 -3249270000.0 2.41166e+13 1e-08 4.279e-09 -3.803e-04 -1.999e-04 -3.903e-04 3.936e-10 0.50000 1.124e-04 -3.427e-08
0.05 0.156565656566 0 0 2e-08 -3249270000.0 2.41166e+13 1e-08 3.246e-09 -3.830e-04 -1.840e-04 -3.909e-04 2.986e-10 5.0000e-02 1.201e-04 -3.121e-05
0.5 0.156565656566 0 0 2e-08 -3249270000.0 2.41166e+13 1e-08 5.130e-09 -3.803e-04 -2.397e-04 -3.921e-04 4.719e-10 0.50000 1.323e-04 -4.109e-08
0.05 0.161616161616 0 0 2e-08 -3249270000.0 2.41166e+13 1e-08 3.894e-09 -3.836e-04 -2.207e-04 -3.928e-04 3.583e-10 5.0000e-02 1.417e-04 -3.745e-05
0.5 0.161616161616 0 0 2e-08 -3249270000.0 2.41166e+13 1e-08 6.150e-09 -3.803e-04 -2.873e-04 -3.942e-04 5.658e-10 0.50000 1.562e-04 -4.927e-08
0.05 0.166666666667 0 0 2e-08 -3249270000.0 2.41166e+13 1e-08 4.672e-09 -3.843e-04 -2.648e-04 -3.951e-04 4.298e-10 5.0000e-02 1.675e-04 -4.494e-05
0.5 0.166666666667 0 0 2e-08 -3249270000.0 2.41166e+13 1e-08 7.373e-09 -3.803e-04 -3.444e-04 -3.967e-04 6.783e-10 0.50000 1.848e-04 -5.907e-08
0.05 0.171717171717 0 0 2e-08 -3249270000.0 2.41166e+13 1e-08 5.604e-09 -3.851e-04 -3.177e-04 -3.979e-04 5.156e-10 5.0000e-02 1.985e-04 -5.393e-05
0.5 0.171717171717 0 0 2e-08 -3249270000.0 2.41166e+13 1e-08 8.839e-09 -3.803e-04 -4.128e-04 -3.998e-04 8.131e-10 0.50000 2.191e-04 -7.082e-08
0.05 0.176767676768 0 0 2e-08 -3249270000.0 2.41166e+13 1e-08 6.723e-09 -3.860e-04 -3.810e-04 -4.012e-04 6.185e-10 5.0000e-02 2.356e-04 -6.471e-05
0.5 0.176767676768 0 0 2e-08 -3249270000.0 2.41166e+13 1e-08 1.060e-08 -3.803e-04 -4.948e-04 -4.035e-04 9.747e-10 0.50000 2.601e-04 -8.491e-08
0.05 0.181818181818 0 0 2e-08 -3249270000.0 2.41166e+13 1e-08 8.064e-09 -3.872e-04 -4.570e-04 -4.051e-04 7.419e-10 5.0000e-02 2.802e-04 -7.765e-05
0.5 0.181818181818 0 0 2e-08 -3249270000.0 2.41166e+13 1e-08 1.270e-08 -3.803e-04 -5.930e-04 -4.078e-04 1.168e-09 0.50000 3.093e-04 -1.018e-07
0.05 0.186868686869 0 0 2e-08 -3249270000.0 2.41166e+13 1e-08 9.673e-09 -3.885e-04 -5.481e-04 -4.099e-04 8.899e-10 5.0000e-02 3.335e-04 -9.318e-05
0.5 0.186868686869 0 0 2e-08 -3249270000.0 2.41166e+13 1e-08 1.522e-08 -3.803e-04 -7.105e-04 -4.131e-04 1.400e-09 0.50000 3.682e-04 -1.221e-07
0.05 0.191919191919 0 0 2e-08 -3249270000.0 2.41166e+13 1e-08 1.160e-08 -3.902e-04 -6.573e-04 -4.156e-04 1.067e-09 5.0000e-02 3.975e-04 -1.118e-04
0.5 0.191919191919 0 0 2e-08 -3249270000.0 2.41166e+13 1e-08 1.824e-08 -3.803e-04 -8.513e-04 -4.194e-04 1.678e-09 0.50000 4.387e-04 -1.463e-07
0.05 0.19696969697 0 0 2e-08 -3249270000.0 2.41166e+13 1e-08 1.391e-08 -3.922e-04 -7.881e-04 -4.224e-04 1.280e-09 5.0000e-02 4.742e-04 -1.342e-04
0.5 0.19696969697 0 0 2e-08 -3249270000.0 2.41166e+13 1e-08 2.186e-08 -3.803e-04 -1.020e-03 -4.269e-04 2.011e-09 0.50000 5.230e-04 -1.754e-07
0.05 0.20202020202 0 0 2e-08 -3249270000.0 2.41166e+13 1e-08 1.668e-08 -3.946e-04 -9.448e-04 -4.305e-04 1.535e-09 5.0000e-02 5.661e-04 -1.610e-04
0.5 0.20202020202 0 0 2e-08 -3249270000.0 2.41166e+13 1e-08 2.620e-08 -3.803e-04 -1.221e-03 -4.359e-04 2.410e-09 0.50000 6.240e-04 -2.103e-07
0.05 0.207070707071 0 0 2e-08 -3249270000.0 2.41166e+13 1e-08 2.000e-08 -3.974e-04 -1.133e-03 -4.403e-04 1.840e-09 5.0000e-02 6.761e-04 -1.932e-04
0.5 0.207070707071 0 0 2e-08 -3249270000.0 2.41166e+13 1e-08 3.138e-08 -3.803e-04 -1.463e-03 -4.467e-04 2.887e-09 0.50000 7.448e-04 -2.521e-07
0.05 0.212121212121 0 0 2e-08 -3249270000.0 2.41166e+13 1e-08 2.398e-08 -4.009e-04 -1.357e-03 -4.520e-04 2.206e-09 5.0000e-02 8.080e-04 -2.319e-04
0.5 0.212121212121 0 0 2e-08 -3249270000.0 2.41166e+13 1e-08 3.759e-08 -3.803e-04 -1.751e-03 -4.596e-04 3.459e-09 0.50000 8.892e-04 -3.021e-07
0.05 0.217171717172 0 0 2e-08 -3249270000.0 2.41166e+13 1e-08 2.874e-08 -4.050e-04 -1.626e-03 -4.661e-04 2.644e-09 5.0000e-02 9.659e-04 -2.783e-04
0.5 0.217171717172 0 0 2e-08 -3249270000.0 2.41166e+13 1e-08 4.502e-08 -3.803e-04 -2.096e-03 -4.750e-04 4.142e-09 0.50000 1.062e-03 -3.621e-07
0.05 0.222222222222 0 0 2e-08 -3249270000.0 2.41166e+13 1e-08 3.444e-08 -4.099e-04 -1.948e-03 -4.829e-04 3.169e-09 5.0000e-02 1.155e-03 -3.340e-04
0.5 0.222222222222 0 0 2e-08 -3249270000.0 2.41166e+13 1e-08 5.391e-08 -3.803e-04 -2.508e-03 -4.934e-04 4.960e-09 0.50000 1.268e-03 -4.339e-07
0.05 0.227272727273 0 0 2e-08 -3249270000.0 2.41166e+13 1e-08 4.127e-08 -4.159e-04 -2.333e-03 -5.029e-04 3.797e-09 5.0000e-02 1.381e-03 -4.008e-04
0.5 0.227272727273 0 0 2e-08 -3249270000.0 2.41166e+13 1e-08 6.454e-08 -3.803e-04 -2.999e-03 -5.153e-04 5.938e-09 0.50000 1.515e-03 -5.199e-07
0.05 0.232323232323 0 0 2e-08 -3249270000.0 2.41166e+13 1e-08 4.943e-08 -4.230e-04 -2.794e-03 -5.270e-04 4.547e-09 5.0000e-02 1.652e-03 -4.811e-04
0.5 0.232323232323 0 0 2e-08 -3249270000.0 2.41166e+13 1e-08 7.724e-08 -3.803e-04 -3.586e-03 -5.415e-04 7.106e-09 0.50000 1.809e-03 -6.229e-07
0.05 0.237373737374 0 0 2e-08 -3249270000.0 2.41166e+13 1e-08 5.918e-08 -4.316e-04 -3.343e-03 -5.557e-04 5.445e-09 5.0000e-02 1.975e-03 -5.774e-04
0.5 0.237373737374 0 0 2e-08 -3249270000.0 2.41166e+13 1e-08 9.240e-08 -3.803e-04 -4.285e-03 -5.728e-04 8.501e-09 0.50000 2.159e-03 -7.462e-07
0.05 0.242424242424 0 0 2e-08 -3249270000.0 2.41166e+13 1e-08 7.084e-08 -4.418e-04 -3.999e-03 -5.900e-04 6.517e-09 5.0000e-02 2.361e-03 -6.931e-04
0.5 0.242424242424 0 0 2e-08 -3249270000.0 2.41166e+13 1e-08 1.105e-07 -3.803e-04 -5.118e-03 -6.101e-04 1.017e-08 0.50000 2.577e-03 -8.937e-07
0.05 0.247474747475 0 0 2e-08 -3249270000.0 2.41166e+13 1e-08 8.476e-08 -4.542e-04 -4.782e-03 -6.310e-04 7.798e-09 5.0000e-02 2.823e-03 -8.321e-04
0.5 0.247474747475 0 0 2e-08 -3249270000.0 2.41166e+13 1e-08 1.321e-07 -3.804e-04 -6.109e-03 -6.544e-04 1.215e-08 0.50000 3.074e-03 -1.070e-06
0.05 0.252525252525 0 0 2e-08 -3249270000.0 2.41166e+13 1e-08 1.014e-07 -4.690e-04 -5.714e-03 -6.800e-04 9.325e-09 5.0000e-02 3.374e-03 -9.989e-04
0.5 0.252525252525 0 0 2e-08 -3249270000.0 2.41166e+13 1e-08 1.578e-07 -3.804e-04 -7.287e-03 -7.072e-04 1.452e-08 0.50000 3.666e-03 -1.281e-06
0.05 0.257575757576 0 0 2e-08 -3249270000.0 2.41166e+13 1e-08 1.211e-07 -4.868e-04 -6.825e-03 -7.384e-04 1.115e-08 5.0000e-02 4.031e-03 -1.199e-03
0.5 0.257575757576 0 0 2e-08 -3249270000.0 2.41166e+13 1e-08 1.885e-07 -3.804e-04 -8.685e-03 -7.699e-04 1.734e-08 0.50000 4.369e-03 -1.533e-06
0.05 0.262626262626 0 0 2e-08 -3249270000.0 2.41166e+13 1e-08 1.447e-07 -5.082e-04 -8.145e-03 -8.079e-04 1.331e-08 5.0000e-02 4.814e-03 -1.440e-03
0.5 0.262626262626 0 0 2e-08 -3249270000.0 2.41166e+13 1e-08 2.249e-07 -3.804e-04 -1.034e-02 -8.443e-04 2.069e-08 0.50000 5.204e-03 -1.834e-06
0.05 0.267676767677 0 0 2e-08 -3249270000.0 2.41166e+13 1e-08 1.727e-07 -5.339e-04 -9.714e-03 -8.907e-04 1.589e-08 5.0000e-02 5.746e-03 -1.730e-03
0.5 0.267676767677 0 0 2e-08 -3249270000.0 2.41166e+13 1e-08 2.682e-07 -3.805e-04 -1.231e-02 -9.325e-04 2.467e-08 0.50000 6.193e-03 -2.193e-06
0.05 0.272727272727 0 0 2e-08 -3249270000.0 2.41166e+13 1e-08 2.060e-07 -5.648e-04 -1.158e-02 -9.893e-04 1.895e-08 5.0000e-02 6.856e-03 -2.078e-03
0.5 0.272727272727 0 0 2e-08 -3249270000.0 2.41166e+13 1e-08 3.195e-07 -3.805e-04 -1.463e-02 -1.037e-03 2.940e-08 0.50000 7.364e-03 -2.621e-06
0.05 0.277777777778 0 0 2e-08 -3249270000.0 2.41166e+13 1e-08 2.454e-07 -6.020e-04 -1.378e-02 -1.106e-03 2.258e-08 5.0000e-02 8.174e-03 -2.496e-03
0.5 0.277777777778 0 0 2e-08 -3249270000.0 2.41166e+13 1e-08 3.804e-07 -3.805e-04 -1.737e-02 -1.160e-03 3.499e-08 0.50000 8.748e-03 -3.131e-06
0.05 0.282828282828 0 0 2e-08 -3249270000.0 2.41166e+13 1e-08 2.921e-07 -6.468e-04 -1.639e-02 -1.245e-03 2.688e-08 5.0000e-02 9.740e-03 -3.000e-03
0.5 0.282828282828 0 0 2e-08 -3249270000.0 2.41166e+13 1e-08 4.523e-07 -3.806e-04 -2.059e-02 -1.306e-03 4.162e-08 0.50000 1.038e-02 -3.738e-06
0.05 0.287878787879 0 0 2e-08 -3249270000.0 2.41166e+13 1e-08 3.474e-07 -7.006e-04 -1.948e-02 -1.410e-03 3.196e-08 5.0000e-02 1.160e-02 -3.606e-03
0.5 0.287878787879 0 0 2e-08 -3249270000.0 2.41166e+13 1e-08 5.373e-07 -3.807e-04 -2.439e-02 -1.478e-03 4.943e-08 0.50000 1.231e-02 -4.458e-06
0.05 0.292929292929 0 0 2e-08 -3249270000.0 2.41166e+13 1e-08 4.125e-07 -7.655e-04 -2.311e-02 -1.606e-03 3.795e-08 5.0000e-02 1.380e-02 -4.337e-03
0.5 0.292929292929 0 0 2e-08 -3249270000.0 2.41166e+13 1e-08 6.375e-07 -3.807e-04 -2.884e-02 -1.680e-03 5.865e-08 0.50000 1.457e-02 -5.313e-06
0.05 0.29797979798 0 0 2e-08 -3249270000.0 2.41166e+13 1e-08 4.891e-07 -8.438e-04 -2.740e-02 -1.837e-03 4.500e-08 5.0000e-02 1.640e-02 -5.218e-03
0.5 0.29797979798 0 0 2e-08 -3249270000.0 2.41166e+13 1e-08 7.552e-07 -3.808e-04 -3.405e-02 -1.917e-03 6.948e-08 0.50000 1.723e-02 -6.326e-06
0.05 0.30303030303 0 0 2e-08 -3249270000.0 2.41166e+13 1e-08 5.790e-07 -9.382e-04 -3.243e-02 -2.111e-03 5.327e-08 5.0000e-02 1.948e-02 -6.281e-03
0.5 0.30303030303 0 0 2e-08 -3249270000.0 2.41166e+13 1e-08 8.934e-07 -3.809e-04 -4.013e-02 -2.194e-03 8.219e-08 0.50000 2.034e-02 -7.524e-06
0.05 0.308080808081 0 0 2e-08 -3249270000.0 2.41166e+13 1e-08 6.843e-07 -1.052e-03 -3.834e-02 -2.434e-03 6.296e-08 5.0000e-02 2.312e-02 -7.565e-03
0.5 0.308080808081 0 0 2e-08 -3249270000.0 2.41166e+13 1e-08 1.055e-06 -3.811e-04 -4.721e-02 -2.519e-03 9.707e-08 0.50000 2.398e-02 -8.937e-06
0.05 0.313131313131 0 0 2e-08 -3249270000.0 2.41166e+13 1e-08 8.073e-07 -1.190e-03 -4.525e-02 -2.815e-03 7.427e-08 5.0000e-02 2.741e-02 -9.118e-03
0.5 0.313131313131 0 0 2e-08 -3249270000.0 2.41166e+13 1e-08 1.244e-06 -3.812e-04 -5.544e-02 -2.897e-03 1.144e-07 0.50000 2.823e-02 -1.060e-05
0.05 0.318181818182 0 0 2e-08 -3249270000.0 2.41166e+13 1e-08 9.503e-07 -1.357e-03 -5.333e-02 -3.264e-03 8.743e-08 5.0000e-02 3.246e-02 -1.100e-02
0.5 0.318181818182 0 0 2e-08 -3249270000.0 2.41166e+13 1e-08 1.464e-06 -3.814e-04 -6.497e-02 -3.338e-03 1.347e-07 0.50000 3.317e-02 -1.255e-05
0.05 0.323232323232 0 0 2e-08 -3249270000.0 2.41166e+13 1e-08 1.116e-06 -1.560e-03 -6.275e-02 -3.792e-03 1.027e-07 5.0000e-02 3.841e-02 -1.328e-02
0.5 0.323232323232 0 0 2e-08 -3249270000.0 2.41166e+13 1e-08 1.719e-06 -3.816e-04 -7.597e-02 -3.849e-03 1.581e-07 0.50000 3.890e-02 -1.484e-05
0.05 0.328282828283 0 0 2e-08 -3249270000.0 2.41166e+13 1e-08 1.308e-06 -1.807e-03 -7.372e-02 -4.414e-03 1.203e-07 5.0000e-02 4.541e-02 -1.606e-02
0.5 0.328282828283 0 0 2e-08 -3249270000.0 2.41166e+13 1e-08 2.014e-06 -3.818e-04 -8.865e-02 -4.442e-03 1.853e-07 0.50000 4.555e-02 -1.752e-05
0.05 0.333333333333 0 0 2e-08 -3249270000.0 2.41166e+13 1e-08 1.528e-06 -2.107e-03 -8.647e-02 -5.145e-03 1.406e-07 5.0000e-02 5.364e-02 -1.943e-02
0.5 0.333333333333 0 0 2e-08 -3249270000.0 2.41166e+13 1e-08 2.354e-06 -3.821e-04 -0.1032 -5.126e-03 2.166e-07 0.50000 5.323e-02 -2.063e-05
0.05 0.338383838384 0 0 2e-08 -3249270000.0 2.41166e+13 1e-08 1.780e-06 -2.473e-03 -0.1013 -6.005e-03 1.638e-07 5.0000e-02 6.332e-02 -2.356e-02
0.5 0.338383838384 0 0 2e-08 -3249270000.0 2.41166e+13 1e-08 2.745e-06 -3.824e-04 -0.1198 -5.916e-03 2.526e-07 0.50000 6.209e-02 -2.425e-05
0.05 0.343434343434 0 0 2e-08 -3249270000.0 2.41166e+13 1e-08 2.068e-06 -2.922e-03 -0.1184 -7.015e-03 1.902e-07 5.0000e-02 7.469e-02 -2.861e-02
0.5 0.343434343434 0 0 2e-08 -3249270000.0 2.41166e+13 1e-08 3.193e-06 -3.828e-04 -0.1389 -6.825e-03 2.938e-07 0.50000 7.228e-02 -2.845e-05
0.05 0.348484848485 0 0 2e-08 -3249270000.0 2.41166e+13 1e-08 2.394e-06 -3.472e-03 -0.1383 -8.202e-03 2.202e-07 5.0000e-02 8.807e-02 -3.481e-02
0.5 0.348484848485 0 0 2e-08 -3249270000.0 2.41166e+13 1e-08 3.704e-06 -3.832e-04 -0.1605 -7.867e-03 3.408e-07 0.50000 8.398e-02 -3.329e-05
0.05 0.353535353535 0 0 2e-08 -3249270000.0 2.41166e+13 1e-08 2.762e-06 -4.151e-03 -0.1613 -9.600e-03 2.541e-07 5.0000e-02 0.1038 -4.245e-02
0.5 0.353535353535 0 0 2e-08 -3249270000.0 2.41166e+13 1e-08 4.285e-06 -3.837e-04 -0.1851 -9.062e-03 3.942e-07 0.50000 9.739e-02 -3.887e-05
0.05 0.358585858586 0 0 2e-08 -3249270000.0 2.41166e+13 1e-08 3.174e-06 -4.990e-03 -0.1879 -1.125e-02 2.920e-07 5.0000e-02 0.1224 -5.189e-02
0.5 0.358585858586 0 0 2e-08 -3249270000.0 2.41166e+13 1e-08 4.943e-06 -3.843e-04 -0.2129 -1.043e-02 4.547e-07 0.50000 0.1127 -4.528e-05
0.05 0.363636363636 0 0 2e-08 -3249270000.0 2.41166e+13 1e-08 3.633e-06 -6.031e-03 -0.2188 -1.320e-02 3.342e-07 5.0000e-02 0.1444 -6.362e-02
0.5 0.363636363636 0 0 2e-08 -3249270000.0 2.41166e+13 1e-08 5.685e-06 -3.850e-04 -0.2444 -1.199e-02 5.230e-07 0.50000 0.1302 -5.264e-05
0.05 0.368686868687 0 0 2e-08 -3249270000.0 2.41166e+13 1e-08 4.140e-06 -7.332e-03 -0.2548 -1.551e-02 3.809e-07 5.0000e-02 0.1705 -7.827e-02
0.5 0.368686868687 0 0 2e-08 -3249270000.0 2.41166e+13 1e-08 6.520e-06 -3.857e-04 -0.2799 -1.376e-02 5.998e-07 0.50000 0.1502 -6.107e-05
0.05 0.373737373737 0 0 2e-08 -3249270000.0 2.41166e+13 1e-08 4.696e-06 -8.967e-03 -0.2969 -1.827e-02 4.320e-07 5.0000e-02 0.2016 -9.668e-02
0.5 0.373737373737 0 0 2e-08 -3249270000.0 2.41166e+13 1e-08 7.455e-06 -3.866e-04 -0.3199 -1.579e-02 6.858e-07 0.50000 0.1729 -7.072e-05
0.05 0.378787878788 0 0 2e-08 -3249270000.0 2.41166e+13 1e-08 5.299e-06 -1.104e-02 -0.3465 -2.158e-02 4.875e-07 5.0000e-02 0.2391 -0.1200
0.5 0.378787878788 0 0 2e-08 -3249270000.0 2.41166e+13 1e-08 8.497e-06 -3.876e-04 -0.3649 -1.808e-02 7.817e-07 0.50000 0.1988 -8.176e-05
0.05 0.383838383838 0 0 2e-08 -3249270000.0 2.41166e+13 1e-08 5.945e-06 -1.368e-02 -0.4054 -2.560e-02 5.469e-07 5.0000e-02 0.2846 -0.1498
0.5 0.383838383838 0 0 2e-08 -3249270000.0 2.41166e+13 1e-08 9.655e-06 -3.887e-04 -0.4155 -2.069e-02 8.882e-07 0.50000 0.2281 -9.444e-05
0.05 0.388888888889 0 0 2e-08 -3249270000.0 2.41166e+13 1e-08 6.625e-06 -1.711e-02 -0.4762 -3.054e-02 6.095e-07 5.0000e-02 0.3407 -0.1885
0.5 0.388888888889 0 0 2e-08 -3249270000.0 2.41166e+13 1e-08 1.093e-05 -3.900e-04 -0.4724 -2.365e-02 1.006e-06 0.50000 0.2615 -1.090e-04
0.05 0.393939393939 0 0 2e-08 -3249270000.0 2.41166e+13 1e-08 7.324e-06 -2.164e-02 -0.5632 -3.673e-02 6.738e-07 5.0000e-02 0.4111 -0.2397
0.5 0.393939393939 0 0 2e-08 -3249270000.0 2.41166e+13 1e-08 1.234e-05 -3.915e-04 -0.5362 -2.701e-02 1.136e-06 0.50000 0.2994 -1.259e-04
0.05 0.39898989899 0 0 2e-08 -3249270000.0 2.41166e+13 1e-08 8.017e-06 -2.777e-02 -0.6730 -4.468e-02 7.375e-07 5.0000e-02 0.5022 -0.3092
0.5 0.39898989899 0 0 2e-08 -3249270000.0 2.41166e+13 1e-08 1.389e-05 -3.932e-04 -0.6079 -3.080e-02 1.278e-06 0.50000 0.3423 -1.455e-04
0.05 0.40404040404 0 0 2e-08 -3249270000.0 2.41166e+13 1e-08 8.664e-06 -3.644e-02 -0.8179 -5.533e-02 7.971e-07 5.0000e-02 0.6255 -0.4078
0.5 0.40404040404 0 0 2e-08 -3249270000.0 2.41166e+13 1e-08 1.557e-05 -3.953e-04 -0.6885 -3.510e-02 1.433e-06 0.50000 0.3911 -1.686e-04
0.05 0.409090909091 0 0 2e-08 -3249270000.0 2.41166e+13 1e-08 9.232e-06 -4.953e-02 -1.0234 -7.057e-02 8.494e-07 5.0000e-02 0.8048 -0.5582
0.5 0.409090909091 0 0 2e-08 -3249270000.0 2.41166e+13 1e-08 1.740e-05 -3.978e-04 -0.7790 -3.996e-02 1.601e-06 0.50000 0.4464 -1.962e-04
0.05 0.414141414141 0 0 2e-08 -3249270000.0 2.41166e+13 1e-08 9.937e-06 -7.144e-02 -1.3506 -9.462e-02 9.142e-07 5.0000e-02 1.0980 -0.8152
0.5 0.414141414141 0 0 2e-08 -3249270000.0 2.41166e+13 1e-08 1.938e-05 -4.007e-04 -0.8807 -4.545e-02 1.783e-06 0.50000 0.5092 -2.295e-04
0.05 0.419191919192 0 0 2e-08 -3249270000.0 2.41166e+13 1e-08 1.317e-05 -0.1063 -1.8665 -0.1304 1.212e-06 5.0000e-02 1.5719 -1.2462
0.5 0.419191919192 0 0 2e-08 -3249270000.0 2.41166e+13 1e-08 2.152e-05 -4.044e-04 -0.9952 -5.164e-02 1.980e-06 0.50000 0.5804 -2.706e-04
0.05 0.424242424242 0 0 2e-08 -3249270000.0 2.41166e+13 1e-08 2.184e-05 -0.1357 -2.3292 -0.1585 2.009e-06 5.0000e-02 2.0043 -1.6484
0.5 0.424242424242 0 0 2e-08 -3249270000.0 2.41166e+13 1e-08 2.385e-05 -4.090e-04 -1.1240 -5.861e-02 2.195e-06 0.50000 0.6613 -3.224e-04
0.05 0.429292929293 0 0 2e-08 -3249270000.0 2.41166e+13 1e-08 3.282e-05 -0.1538 -2.6429 -0.1746 3.019e-06 5.0000e-02 2.3001 -1.9266
0.5 0.429292929293 0 0 2e-08 -3249270000.0 2.41166e+13 1e-08 2.642e-05 -4.150e-04 -1.2688 -6.643e-02 2.431e-06 0.50000 0.7529 -3.891e-04
0.05 0.434343434343 0 0 2e-08 -3249270000.0 2.41166e+13 1e-08 4.447e-05 -0.1659 -2.8755 -0.1846 4.092e-06 5.0000e-02 2.5207 -2.1354
0.5 0.434343434343 0 0 2e-08 -3249270000.0 2.41166e+13 1e-08 2.933e-05 -4.228e-04 -1.4314 -7.516e-02 2.698e-06 0.50000 0.8564 -4.775e-04
0.05 0.439393939394 0 0 2e-08 -3249270000.0 2.41166e+13 1e-08 5.640e-05 -0.1748 -3.0625 -0.1915 5.189e-06 5.0000e-02 2.6986 -2.3044
0.5 0.439393939394 0 0 2e-08 -3249270000.0 2.41166e+13 1e-08 3.275e-05 -4.335e-04 -1.6131 -8.480e-02 3.013e-06 0.50000 0.9728 -5.973e-04
0.05 0.444444444444 0 0 2e-08 -3249270000.0 2.41166e+13 1e-08 6.847e-05 -0.1815 -3.2204 -0.1962 6.300e-06 5.0000e-02 2.8491 -2.4480
0.5 0.444444444444 0 0 2e-08 -3249270000.0 2.41166e+13 1e-08 3.700e-05 -4.483e-04 -1.8141 -9.530e-02 3.404e-06 0.50000 1.1023 -7.631e-04
0.05 0.449494949495 0 0 2e-08 -3249270000.0 2.41166e+13 1e-08 8.063e-05 -0.1868 -3.3582 -0.1996 7.418e-06 5.0000e-02 2.9807 -2.5737
0.5 0.449494949495 0 0 2e-08 -3249270000.0 2.41166e+13 1e-08 4.256e-05 -4.691e-04 -2.0328 -0.1065 3.916e-06 0.50000 1.2440 -9.960e-04
0.05 0.454545454545 0 0 2e-08 -3249270000.0 2.41166e+13 1e-08 9.284e-05 -0.1910 -3.4810 -0.2020 8.541e-06 5.0000e-02 3.0983 -2.6862
0.5 0.454545454545 0 0 2e-08 -3249270000.0 2.41166e+13 1e-08 5.006e-05 -4.983e-04 -2.2651 -0.1180 4.606e-06 0.50000 1.3952 -1.324e-03
0.05 0.459595959596 0 0 2e-08 -3249270000.0 2.41166e+13 1e-08 1.051e-04 -0.1944 -3.5922 -0.2036 9.669e-06 5.0000e-02 3.2050 -2.7885
0.5 0.459595959596 0 0 2e-08 -3249270000.0 2.41166e+13 1e-08 6.018e-05 -5.390e-04 -2.5049 -0.1294 5.537e-06 0.50000 1.5517 -1.780e-03
0.05 0.464646464646 0 0 2e-08 -3249270000.0 2.41166e+13 1e-08 1.174e-04 -0.1972 -3.6943 -0.2047 1.080e-05 5.0000e-02 3.3030 -2.8825
0.5 0.464646464646 0 0 2e-08 -3249270000.0 2.41166e+13 1e-08 7.349e-05 -5.945e-04 -2.7446 -0.1402 6.761e-06 0.50000 1.7088 -2.402e-03
0.05 0.469696969697 0 0 2e-08 -3249270000.0 2.41166e+13 1e-08 1.297e-04 -0.1994 -3.7889 -0.2052 1.193e-05 5.0000e-02 3.3938 -2.9699
0.5 0.469696969697 0 0 2e-08 -3249270000.0 2.41166e+13 1e-08 9.029e-05 -6.680e-04 -2.9781 -0.1502 8.306e-06 0.50000 1.8622 -3.227e-03
0.05 0.474747474747 0 0 2e-08 -3249270000.0 2.41166e+13 1e-08 1.421e-04 -0.2011 -3.8772 -0.2053 1.307e-05 5.0000e-02 3.4787 -3.0516
0.5 0.474747474747 0 0 2e-08 -3249270000.0 2.41166e+13 1e-08 1.106e-04 -7.626e-04 -3.2009 -0.1592 1.017e-05 0.50000 2.0090 -4.288e-03
0.05 0.479797979798 0 0 2e-08 -3249270000.0 2.41166e+13 1e-08 1.544e-04 -0.2025 -3.9602 -0.2051 1.421e-05 5.0000e-02 3.5586 -3.1285
0.5 0.479797979798 0 0 2e-08 -3249270000.0 2.41166e+13 1e-08 1.342e-04 -8.811e-04 -3.4109 -0.1671 1.235e-05 0.50000 2.1476 -5.616e-03
0.05 0.484848484848 0 0 2e-08 -3249270000.0 2.41166e+13 1e-08 1.668e-04 -0.2036 -4.0385 -0.2045 1.535e-05 5.0000e-02 3.6341 -3.2012
0.5 0.484848484848 0 0 2e-08 -3249270000.0 2.41166e+13 1e-08 1.609e-04 -1.026e-03 -3.6076 -0.1739 1.480e-05 0.50000 2.2776 -7.240e-03
0.05 0.489898989899 0 0 2e-08 -3249270000.0 2.41166e+13 1e-08 1.792e-04 -0.2044 -4.1128 -0.2037 1.649e-05 5.0000e-02 3.7057 -3.2703
0.5 0.489898989899 0 0 2e-08 -3249270000.0 2.41166e+13 1e-08 1.902e-04 -1.199e-03 -3.7915 -0.1797 1.750e-05 0.50000 2.3994 -9.184e-03
0.05 0.494949494949 0 0 2e-08 -3249270000.0 2.41166e+13 1e-08 1.916e-04 -0.2049 -4.1836 -0.2027 1.763e-05 5.0000e-02 3.7740 -3.3362
0.5 0.494949494949 0 0 2e-08 -3249270000.0 2.41166e+13 1e-08 2.219e-04 -1.403e-03 -3.9634 -0.1847 2.042e-05 0.50000 2.5134 -1.147e-02
0.05 0.5 0 0 2e-08 -3249270000.0 2.41166e+13 1e-08 2.041e-04 -0.2052 -4.2512 -0.2015 1.878e-05 5.0000e-02 3.8392 -3.3993
0.5 0.5 0 0 2e-08 -3249270000.0 2.41166e+13 1e-08 2.557e-04 -1.639e-03 -4.1245 -0.1890 2.352e-05 0.50000 2.6204 -1.412e-02
