vd vg vs vb l alpha1_p alpha11_p t_fe idsperum vfed qms vfes ids sweepvar qm qmd
0.05 0.0 0 0 2e-08 -3249270000.0 2.41166e+13 0.0 1.128e-11 0. -6.392e-07 0. 1.038e-12 5.0000e-02 -1.152e-07 -1.083e-07
0.7 0.0 0 0 2e-08 -3249270000.0 2.41166e+13 0.0 2.687e-11 0. -9.770e-07 0. 2.472e-12 0.70000 -1.284e-08 -9.912e-11
0.05 0.00707070707071 0 0 2e-08 -3249270000.0 2.41166e+13 0.0 1.456e-11 0. -8.252e-07 0. 1.339e-12 5.0000e-02 -1.488e-07 -1.398e-07
0.7 0.00707070707071 0 0 2e-08 -3249270000.0 2.41166e+13 0.0 3.476e-11 0. -1.264e-06 0. 3.198e-12 0.70000 -1.662e-08 -1.282e-10
0.05 0.0141414141414 0 0 2e-08 -3249270000.0 2.41166e+13 0.0 1.877e-11 0. -1.064e-06 0. 1.727e-12 5.0000e-02 -1.919e-07 -1.804e-07
0.7 0.0141414141414 0 0 2e-08 -3249270000.0 2.41166e+13 0.0 4.475e-11 0. -1.627e-06 0. 4.117e-12 0.70000 -2.139e-08 -1.651e-10
0.05 0.0212121212121 0 0 2e-08 -3249270000.0 2.41166e+13 0.0 2.424e-11 0. -1.374e-06 0. 2.230e-12 5.0000e-02 -2.477e-07 -2.328e-07
0.7 0.0212121212121 0 0 2e-08 -3249270000.0 2.41166e+13 0.0 5.768e-11 0. -2.097e-06 0. 5.306e-12 0.70000 -2.757e-08 -2.128e-10
0.05 0.0282828282828 0 0 2e-08 -3249270000.0 2.41166e+13 0.0 3.129e-11 0. -1.774e-06 0. 2.879e-12 5.0000e-02 -3.197e-07 -3.005e-07
0.7 0.0282828282828 0 0 2e-08 -3249270000.0 2.41166e+13 0.0 7.433e-11 0. -2.703e-06 0. 6.839e-12 0.70000 -3.554e-08 -2.742e-10
0.05 0.0353535353535 0 0 2e-08 -3249270000.0 2.41166e+13 0.0 4.037e-11 0. -2.288e-06 0. 3.714e-12 5.0000e-02 -4.125e-07 -3.877e-07
0.7 0.0353535353535 0 0 2e-08 -3249270000.0 2.41166e+13 0.0 9.576e-11 0. -3.482e-06 0. 8.810e-12 0.70000 -4.578e-08 -3.533e-10
0.05 0.0424242424242 0 0 2e-08 -3249270000.0 2.41166e+13 0.0 5.211e-11 0. -2.954e-06 0. 4.794e-12 5.0000e-02 -5.325e-07 -5.005e-07
0.7 0.0424242424242 0 0 2e-08 -3249270000.0 2.41166e+13 0.0 1.234e-10 0. -4.489e-06 0. 1.136e-11 0.70000 -5.902e-08 -4.554e-10
0.05 0.0494949494949 0 0 2e-08 -3249270000.0 2.41166e+13 0.0 6.728e-11 0. -3.813e-06 0. 6.190e-12 5.0000e-02 -6.873e-07 -6.460e-07
0.7 0.0494949494949 0 0 2e-08 -3249270000.0 2.41166e+13 0.0 1.591e-10 0. -5.785e-06 0. 1.464e-11 0.70000 -7.605e-08 -5.869e-10
0.05 0.0565656565657 0 0 2e-08 -3249270000.0 2.41166e+13 0.0 8.684e-11 0. -4.922e-06 0. 7.989e-12 5.0000e-02 -8.872e-07 -8.339e-07
0.7 0.0565656565657 0 0 2e-08 -3249270000.0 2.41166e+13 0.0 2.050e-10 0. -7.456e-06 0. 1.886e-11 0.70000 -9.803e-08 -7.565e-10
0.05 0.0636363636364 0 0 2e-08 -3249270000.0 2.41166e+13 0.0 1.121e-10 0. -6.352e-06 0. 1.031e-11 5.0000e-02 -1.145e-06 -1.077e-06
0.7 0.0636363636364 0 0 2e-08 -3249270000.0 2.41166e+13 0.0 2.642e-10 0. -9.609e-06 0. 2.431e-11 0.70000 -1.263e-07 -9.751e-10
0.05 0.0707070707071 0 0 2e-08 -3249270000.0 2.41166e+13 0.0 1.447e-10 0. -8.199e-06 0. 1.331e-11 5.0000e-02 -1.479e-06 -1.390e-06
0.7 0.0707070707071 0 0 2e-08 -3249270000.0 2.41166e+13 0.0 3.409e-10 0. -1.240e-05 0. 3.136e-11 0.70000 -1.630e-07 -1.258e-09
0.05 0.0777777777778 0 0 2e-08 -3249270000.0 2.41166e+13 0.0 1.865e-10 0. -1.057e-05 0. 1.716e-11 5.0000e-02 -1.906e-06 -1.792e-06
0.7 0.0777777777778 0 0 2e-08 -3249270000.0 2.41166e+13 0.0 4.390e-10 0. -1.596e-05 0. 4.039e-11 0.70000 -2.099e-07 -1.620e-09
0.05 0.0848484848485 0 0 2e-08 -3249270000.0 2.41166e+13 0.0 2.410e-10 0. -1.366e-05 0. 2.217e-11 5.0000e-02 -2.462e-06 -2.314e-06
0.7 0.0848484848485 0 0 2e-08 -3249270000.0 2.41166e+13 0.0 5.656e-10 0. -2.057e-05 0. 5.204e-11 0.70000 -2.704e-07 -2.087e-09
0.05 0.0919191919192 0 0 2e-08 -3249270000.0 2.41166e+13 0.0 3.110e-10 0. -1.763e-05 0. 2.862e-11 5.0000e-02 -3.178e-06 -2.987e-06
0.7 0.0919191919192 0 0 2e-08 -3249270000.0 2.41166e+13 0.0 7.273e-10 0. -2.645e-05 0. 6.691e-11 0.70000 -3.477e-07 -2.685e-09
0.05 0.0989898989899 0 0 2e-08 -3249270000.0 2.41166e+13 0.0 4.013e-10 0. -2.275e-05 0. 3.692e-11 5.0000e-02 -4.100e-06 -3.854e-06
0.7 0.0989898989899 0 0 2e-08 -3249270000.0 2.41166e+13 0.0 9.453e-10 0. -3.437e-05 0. 8.697e-11 0.70000 -4.519e-07 -3.487e-09
0.05 0.106060606061 0 0 2e-08 -3249270000.0 2.41166e+13 0.0 5.179e-10 0. -2.935e-05 0. 4.765e-11 5.0000e-02 -5.291e-06 -4.973e-06
0.7 0.106060606061 0 0 2e-08 -3249270000.0 2.41166e+13 0.0 1.211e-09 0. -4.403e-05 0. 1.114e-10 0.70000 -5.788e-07 -4.468e-09
0.05 0.113131313131 0 0 2e-08 -3249270000.0 2.41166e+13 0.0 6.682e-10 0. -3.787e-05 0. 6.148e-11 5.0000e-02 -6.826e-06 -6.416e-06
0.7 0.113131313131 0 0 2e-08 -3249270000.0 2.41166e+13 0.0 1.561e-09 0. -5.675e-05 0. 1.436e-10 0.70000 -7.460e-07 -5.758e-09
0.05 0.120202020202 0 0 2e-08 -3249270000.0 2.41166e+13 0.0 8.623e-10 0. -4.886e-05 0. 7.933e-11 5.0000e-02 -8.806e-06 -8.276e-06
0.7 0.120202020202 0 0 2e-08 -3249270000.0 2.41166e+13 0.0 2.004e-09 0. -7.286e-05 0. 1.844e-10 0.70000 -9.579e-07 -7.395e-09
0.05 0.127272727273 0 0 2e-08 -3249270000.0 2.41166e+13 0.0 1.114e-09 0. -6.311e-05 0. 1.025e-10 5.0000e-02 -1.138e-05 -1.070e-05
0.7 0.127272727273 0 0 2e-08 -3249270000.0 2.41166e+13 0.0 2.594e-09 0. -9.430e-05 0. 2.386e-10 0.70000 -1.240e-06 -9.571e-09
0.05 0.134343434343 0 0 2e-08 -3249270000.0 2.41166e+13 0.0 1.437e-09 0. -8.141e-05 0. 1.322e-10 5.0000e-02 -1.468e-05 -1.380e-05
0.7 0.134343434343 0 0 2e-08 -3249270000.0 2.41166e+13 0.0 3.340e-09 0. -1.214e-04 0. 3.073e-10 0.70000 -1.596e-06 -1.232e-08
0.05 0.141414141414 0 0 2e-08 -3249270000.0 2.41166e+13 0.0 1.854e-09 0. -1.050e-04 0. 1.705e-10 5.0000e-02 -1.895e-05 -1.782e-05
0.7 0.141414141414 0 0 2e-08 -3249270000.0 2.41166e+13 0.0 4.304e-09 0. -1.564e-04 0. 3.960e-10 0.70000 -2.057e-06 -1.588e-08
0.05 0.148484848485 0 0 2e-08 -3249270000.0 2.41166e+13 0.0 2.394e-09 0. -1.356e-04 0. 2.202e-10 5.0000e-02 -2.447e-05 -2.300e-05
0.7 0.148484848485 0 0 2e-08 -3249270000.0 2.41166e+13 0.0 5.554e-09 0. -2.019e-04 0. 5.110e-10 0.70000 -2.654e-06 -2.050e-08
0.05 0.155555555556 0 0 2e-08 -3249270000.0 2.41166e+13 0.0 3.087e-09 0. -1.749e-04 0. 2.840e-10 5.0000e-02 -3.156e-05 -2.967e-05
0.7 0.155555555556 0 0 2e-08 -3249270000.0 2.41166e+13 0.0 7.147e-09 0. -2.597e-04 0. 6.575e-10 0.70000 -3.414e-06 -2.637e-08
0.05 0.162626262626 0 0 2e-08 -3249270000.0 2.41166e+13 0.0 3.985e-09 0. -2.257e-04 0. 3.667e-10 5.0000e-02 -4.074e-05 -3.830e-05
0.7 0.162626262626 0 0 2e-08 -3249270000.0 2.41166e+13 0.0 9.188e-09 0. -3.337e-04 0. 8.453e-10 0.70000 -4.387e-06 -3.390e-08
0.05 0.169696969697 0 0 2e-08 -3249270000.0 2.41166e+13 0.0 5.142e-09 0. -2.912e-04 0. 4.731e-10 5.0000e-02 -5.258e-05 -4.942e-05
0.7 0.169696969697 0 0 2e-08 -3249270000.0 2.41166e+13 0.0 1.187e-08 0. -4.310e-04 0. 1.092e-09 0.70000 -5.667e-06 -4.380e-08
0.05 0.176767676768 0 0 2e-08 -3249270000.0 2.41166e+13 0.0 6.634e-09 0. -3.756e-04 0. 6.104e-10 5.0000e-02 -6.785e-05 -6.378e-05
0.7 0.176767676768 0 0 2e-08 -3249270000.0 2.41166e+13 0.0 1.528e-08 0. -5.547e-04 0. 1.406e-09 0.70000 -7.292e-06 -5.638e-08
0.05 0.183838383838 0 0 2e-08 -3249270000.0 2.41166e+13 0.0 8.558e-09 0. -4.843e-04 0. 7.873e-10 5.0000e-02 -8.754e-05 -8.230e-05
0.7 0.183838383838 0 0 2e-08 -3249270000.0 2.41166e+13 0.0 1.969e-08 0. -7.141e-04 0. 1.811e-09 0.70000 -9.389e-06 -7.265e-08
0.05 0.190909090909 0 0 2e-08 -3249270000.0 2.41166e+13 0.0 1.104e-08 0. -6.245e-04 0. 1.016e-09 5.0000e-02 -1.130e-04 -1.062e-04
0.7 0.190909090909 0 0 2e-08 -3249270000.0 2.41166e+13 0.0 2.508e-08 0. -9.091e-04 0. 2.307e-09 0.70000 -1.195e-05 -9.258e-08
0.05 0.19797979798 0 0 2e-08 -3249270000.0 2.41166e+13 0.0 1.424e-08 0. -8.049e-04 0. 1.310e-09 5.0000e-02 -1.458e-04 -1.371e-04
0.7 0.19797979798 0 0 2e-08 -3249270000.0 2.41166e+13 0.0 3.264e-08 0. -1.182e-03 0. 3.003e-09 0.70000 -1.554e-05 -1.204e-07
0.05 0.205050505051 0 0 2e-08 -3249270000.0 2.41166e+13 0.0 1.836e-08 0. -1.037e-03 0. 1.689e-09 5.0000e-02 -1.881e-04 -1.768e-04
0.7 0.205050505051 0 0 2e-08 -3249270000.0 2.41166e+13 0.0 4.185e-08 0. -1.514e-03 0. 3.850e-09 0.70000 -1.990e-05 -1.545e-07
0.05 0.212121212121 0 0 2e-08 -3249270000.0 2.41166e+13 0.0 2.365e-08 0. -1.335e-03 0. 2.176e-09 5.0000e-02 -2.426e-04 -2.281e-04
0.7 0.212121212121 0 0 2e-08 -3249270000.0 2.41166e+13 0.0 5.408e-08 0. -1.953e-03 0. 4.975e-09 0.70000 -2.568e-05 -1.996e-07
0.05 0.219191919192 0 0 2e-08 -3249270000.0 2.41166e+13 0.0 3.049e-08 0. -1.719e-03 0. 2.805e-09 5.0000e-02 -3.129e-04 -2.943e-04
0.7 0.219191919192 0 0 2e-08 -3249270000.0 2.41166e+13 0.0 6.953e-08 0. -2.507e-03 0. 6.396e-09 0.70000 -3.296e-05 -2.566e-07
0.05 0.226262626263 0 0 2e-08 -3249270000.0 2.41166e+13 0.0 3.928e-08 0. -2.211e-03 0. 3.613e-09 5.0000e-02 -4.035e-04 -3.796e-04
0.7 0.226262626263 0 0 2e-08 -3249270000.0 2.41166e+13 0.0 8.955e-08 0. -3.221e-03 0. 8.238e-09 0.70000 -4.235e-05 -3.304e-07
0.05 0.233333333333 0 0 2e-08 -3249270000.0 2.41166e+13 0.0 5.056e-08 0. -2.842e-03 0. 4.652e-09 5.0000e-02 -5.202e-04 -4.895e-04
0.7 0.233333333333 0 0 2e-08 -3249270000.0 2.41166e+13 0.0 1.135e-07 0. -4.072e-03 0. 1.044e-08 0.70000 -5.355e-05 -4.190e-07
0.05 0.240404040404 0 0 2e-08 -3249270000.0 2.41166e+13 0.0 6.504e-08 0. -3.647e-03 0. 5.984e-09 5.0000e-02 -6.703e-04 -6.309e-04
0.7 0.240404040404 0 0 2e-08 -3249270000.0 2.41166e+13 0.0 1.474e-07 0. -5.270e-03 0. 1.356e-08 0.70000 -6.929e-05 -5.438e-07
0.05 0.247474747475 0 0 2e-08 -3249270000.0 2.41166e+13 0.0 8.362e-08 0. -4.677e-03 0. 7.693e-09 5.0000e-02 -8.639e-04 -8.135e-04
0.7 0.247474747475 0 0 2e-08 -3249270000.0 2.41166e+13 0.0 1.889e-07 0. -6.725e-03 0. 1.738e-08 0.70000 -8.843e-05 -6.968e-07
0.05 0.254545454545 0 0 2e-08 -3249270000.0 2.41166e+13 0.0 1.074e-07 0. -5.989e-03 0. 9.884e-09 5.0000e-02 -1.113e-03 -1.048e-03
0.7 0.254545454545 0 0 2e-08 -3249270000.0 2.41166e+13 0.0 2.412e-07 0. -8.547e-03 0. 2.219e-08 0.70000 -1.124e-04 -8.891e-07
0.05 0.261616161616 0 0 2e-08 -3249270000.0 2.41166e+13 0.0 1.378e-07 0. -7.651e-03 0. 1.268e-08 5.0000e-02 -1.432e-03 -1.350e-03
0.7 0.261616161616 0 0 2e-08 -3249270000.0 2.41166e+13 0.0 3.099e-07 0. -1.091e-02 0. 2.851e-08 0.70000 -1.435e-04 -1.141e-06
0.05 0.268686868687 0 0 2e-08 -3249270000.0 2.41166e+13 0.0 1.765e-07 0. -9.754e-03 0. 1.624e-08 5.0000e-02 -1.842e-03 -1.737e-03
0.7 0.268686868687 0 0 2e-08 -3249270000.0 2.41166e+13 0.0 3.958e-07 0. -1.384e-02 0. 3.641e-08 0.70000 -1.820e-04 -1.454e-06
0.05 0.275757575758 0 0 2e-08 -3249270000.0 2.41166e+13 0.0 2.259e-07 0. -1.241e-02 0. 2.078e-08 5.0000e-02 -2.369e-03 -2.236e-03
0.7 0.275757575758 0 0 2e-08 -3249270000.0 2.41166e+13 0.0 5.048e-07 0. -1.750e-02 0. 4.644e-08 0.70000 -2.301e-04 -1.850e-06
0.05 0.282828282828 0 0 2e-08 -3249270000.0 2.41166e+13 0.0 2.883e-07 0. -1.573e-02 0. 2.652e-08 5.0000e-02 -3.038e-03 -2.870e-03
0.7 0.282828282828 0 0 2e-08 -3249270000.0 2.41166e+13 0.0 6.420e-07 0. -2.204e-02 0. 5.907e-08 0.70000 -2.899e-04 -2.345e-06
0.05 0.289898989899 0 0 2e-08 -3249270000.0 2.41166e+13 0.0 3.669e-07 0. -1.986e-02 0. 3.375e-08 5.0000e-02 -3.890e-03 -3.679e-03
0.7 0.289898989899 0 0 2e-08 -3249270000.0 2.41166e+13 0.0 8.147e-07 0. -2.765e-02 0. 7.495e-08 0.70000 -3.636e-04 -2.962e-06
0.05 0.29696969697 0 0 2e-08 -3249270000.0 2.41166e+13 0.0 4.658e-07 0. -2.499e-02 0. 4.286e-08 5.0000e-02 -4.987e-03 -4.722e-03
0.7 0.29696969697 0 0 2e-08 -3249270000.0 2.41166e+13 0.0 1.031e-06 0. -3.452e-02 0. 9.485e-08 0.70000 -4.540e-04 -3.724e-06
0.05 0.30404040404 0 0 2e-08 -3249270000.0 2.41166e+13 0.0 5.904e-07 0. -3.133e-02 0. 5.431e-08 5.0000e-02 -6.375e-03 -6.045e-03
0.7 0.30404040404 0 0 2e-08 -3249270000.0 2.41166e+13 0.0 1.300e-06 0. -4.287e-02 0. 1.196e-07 0.70000 -5.639e-04 -4.657e-06
0.05 0.311111111111 0 0 2e-08 -3249270000.0 2.41166e+13 0.0 7.451e-07 0. -3.905e-02 0. 6.855e-08 5.0000e-02 -8.131e-03 -7.722e-03
0.7 0.311111111111 0 0 2e-08 -3249270000.0 2.41166e+13 0.0 1.634e-06 0. -5.293e-02 0. 1.503e-07 0.70000 -6.963e-04 -5.789e-06
0.05 0.318181818182 0 0 2e-08 -3249270000.0 2.41166e+13 0.0 9.367e-07 0. -4.840e-02 0. 8.618e-08 5.0000e-02 -1.034e-02 -9.841e-03
0.7 0.318181818182 0 0 2e-08 -3249270000.0 2.41166e+13 0.0 2.044e-06 0. -6.493e-02 0. 1.880e-07 0.70000 -8.541e-04 -7.144e-06
0.05 0.325252525253 0 0 2e-08 -3249270000.0 2.41166e+13 0.0 1.172e-06 0. -5.959e-02 0. 1.078e-07 5.0000e-02 -1.312e-02 -1.251e-02
0.7 0.325252525253 0 0 2e-08 -3249270000.0 2.41166e+13 0.0 2.542e-06 0. -7.900e-02 0. 2.338e-07 0.70000 -1.039e-03 -8.738e-06
0.05 0.332323232323 0 0 2e-08 -3249270000.0 2.41166e+13 0.0 1.460e-06 0. -7.295e-02 0. 1.344e-07 5.0000e-02 -1.659e-02 -1.584e-02
0.7 0.332323232323 0 0 2e-08 -3249270000.0 2.41166e+13 0.0 3.157e-06 0. -9.577e-02 0. 2.905e-07 0.70000 -1.260e-03 -1.064e-05
0.05 0.339393939394 0 0 2e-08 -3249270000.0 2.41166e+13 0.0 1.809e-06 0. -8.863e-02 0. 1.664e-07 5.0000e-02 -2.092e-02 -2.003e-02
0.7 0.339393939394 0 0 2e-08 -3249270000.0 2.41166e+13 0.0 3.890e-06 0. -0.1149 0. 3.579e-07 0.70000 -1.512e-03 -1.280e-05
0.05 0.346464646465 0 0 2e-08 -3249270000.0 2.41166e+13 0.0 2.228e-06 0. -0.1069 0. 2.050e-07 5.0000e-02 -2.626e-02 -2.519e-02
0.7 0.346464646465 0 0 2e-08 -3249270000.0 2.41166e+13 0.0 4.772e-06 0. -0.1370 0. 4.390e-07 0.70000 -1.803e-03 -1.527e-05
0.05 0.353535353535 0 0 2e-08 -3249270000.0 2.41166e+13 0.0 2.728e-06 0. -0.1279 0. 2.510e-07 5.0000e-02 -3.280e-02 -3.154e-02
0.7 0.353535353535 0 0 2e-08 -3249270000.0 2.41166e+13 0.0 5.835e-06 0. -0.1625 0. 5.368e-07 0.70000 -2.138e-03 -1.808e-05
0.05 0.360606060606 0 0 2e-08 -3249270000.0 2.41166e+13 0.0 3.318e-06 0. -0.1519 0. 3.052e-07 5.0000e-02 -4.074e-02 -3.927e-02
0.7 0.360606060606 0 0 2e-08 -3249270000.0 2.41166e+13 0.0 7.048e-06 0. -0.1902 0. 6.484e-07 0.70000 -2.502e-03 -2.109e-05
0.05 0.367676767677 0 0 2e-08 -3249270000.0 2.41166e+13 0.0 4.007e-06 0. -0.1789 0. 3.686e-07 5.0000e-02 -5.037e-02 -4.867e-02
0.7 0.367676767677 0 0 2e-08 -3249270000.0 2.41166e+13 0.0 8.483e-06 0. -0.2214 0. 7.804e-07 0.70000 -2.913e-03 -2.440e-05
0.05 0.374747474747 0 0 2e-08 -3249270000.0 2.41166e+13 0.0 4.804e-06 0. -0.2091 0. 4.420e-07 5.0000e-02 -6.182e-02 -5.988e-02
0.7 0.374747474747 0 0 2e-08 -3249270000.0 2.41166e+13 0.0 1.015e-05 0. -0.2559 0. 9.335e-07 0.70000 -3.366e-03 -2.796e-05
0.05 0.381818181818 0 0 2e-08 -3249270000.0 2.41166e+13 0.0 5.724e-06 0. -0.2425 0. 5.266e-07 5.0000e-02 -7.537e-02 -7.316e-02
0.7 0.381818181818 0 0 2e-08 -3249270000.0 2.41166e+13 0.0 1.205e-05 0. -0.2935 0. 1.109e-06 0.70000 -3.861e-03 -3.173e-05
0.05 0.388888888889 0 0 2e-08 -3249270000.0 2.41166e+13 0.0 6.761e-06 0. -0.2792 0. 6.220e-07 5.0000e-02 -9.140e-02 -8.892e-02
0.7 0.388888888889 0 0 2e-08 -3249270000.0 2.41166e+13 0.0 1.424e-05 0. -0.3345 0. 1.310e-06 0.70000 -4.400e-03 -3.567e-05
0.05 0.39595959596 0 0 2e-08 -3249270000.0 2.41166e+13 0.0 7.933e-06 0. -0.3192 0. 7.299e-07 5.0000e-02 -0.1100 -0.1072
0.7 0.39595959596 0 0 2e-08 -3249270000.0 2.41166e+13 0.0 1.671e-05 0. -0.3786 0. 1.537e-06 0.70000 -4.979e-03 -3.974e-05
0.05 0.40303030303 0 0 2e-08 -3249270000.0 2.41166e+13 0.0 9.240e-06 0. -0.3624 0. 8.501e-07 5.0000e-02 -0.1313 -0.1282
0.7 0.40303030303 0 0 2e-08 -3249270000.0 2.41166e+13 0.0 1.956e-05 0. -0.4270 0. 1.799e-06 0.70000 -5.614e-03 -4.398e-05
0.05 0.410101010101 0 0 2e-08 -3249270000.0 2.41166e+13 0.0 1.069e-05 0. -0.4087 0. 9.831e-07 5.0000e-02 -0.1555 -0.1521
0.7 0.410101010101 0 0 2e-08 -3249270000.0 2.41166e+13 0.0 2.258e-05 0. -0.4761 0. 2.078e-06 0.70000 -6.259e-03 -4.811e-05
0.05 0.417171717172 0 0 2e-08 -3249270000.0 2.41166e+13 0.0 1.226e-05 0. -0.4578 0. 1.128e-06 5.0000e-02 -0.1825 -0.1789
0.7 0.417171717172 0 0 2e-08 -3249270000.0 2.41166e+13 0.0 2.602e-05 0. -0.5294 0. 2.394e-06 0.70000 -6.958e-03 -5.234e-05
0.05 0.424242424242 0 0 2e-08 -3249270000.0 2.41166e+13 0.0 1.398e-05 0. -0.5101 0. 1.286e-06 5.0000e-02 -0.2128 -0.2089
0.7 0.424242424242 0 0 2e-08 -3249270000.0 2.41166e+13 0.0 2.982e-05 0. -0.5855 0. 2.743e-06 0.70000 -7.695e-03 -5.657e-05
0.05 0.431313131313 0 0 2e-08 -3249270000.0 2.41166e+13 0.0 1.587e-05 0. -0.5665 0. 1.460e-06 5.0000e-02 -0.2471 -0.2429
0.7 0.431313131313 0 0 2e-08 -3249270000.0 2.41166e+13 0.0 3.388e-05 0. -0.6432 0. 3.117e-06 0.70000 -8.451e-03 -6.067e-05
0.05 0.438383838384 0 0 2e-08 -3249270000.0 2.41166e+13 0.0 1.787e-05 0. -0.6247 0. 1.644e-06 5.0000e-02 -0.2837 -0.2792
0.7 0.438383838384 0 0 2e-08 -3249270000.0 2.41166e+13 0.0 3.852e-05 0. -0.7063 0. 3.544e-06 0.70000 -9.279e-03 -6.491e-05
0.05 0.445454545455 0 0 2e-08 -3249270000.0 2.41166e+13 0.0 2.000e-05 0. -0.6855 0. 1.840e-06 5.0000e-02 -0.3236 -0.3188
0.7 0.445454545455 0 0 2e-08 -3249270000.0 2.41166e+13 0.0 4.345e-05 0. -0.7707 0. 3.997e-06 0.70000 -1.012e-02 -6.901e-05
0.05 0.452525252525 0 0 2e-08 -3249270000.0 2.41166e+13 0.0 2.224e-05 0. -0.7486 0. 2.046e-06 5.0000e-02 -0.3664 -0.3613
0.7 0.452525252525 0 0 2e-08 -3249270000.0 2.41166e+13 0.0 4.867e-05 0. -0.8365 0. 4.478e-06 0.70000 -1.099e-02 -7.304e-05
0.05 0.459595959596 0 0 2e-08 -3249270000.0 2.41166e+13 0.0 2.468e-05 0. -0.8162 0. 2.271e-06 5.0000e-02 -0.4135 -0.4082
0.7 0.459595959596 0 0 2e-08 -3249270000.0 2.41166e+13 0.0 5.448e-05 0. -0.9069 0. 5.012e-06 0.70000 -1.191e-02 -7.703e-05
0.05 0.466666666667 0 0 2e-08 -3249270000.0 2.41166e+13 0.0 2.721e-05 0. -0.8854 0. 2.503e-06 5.0000e-02 -0.4633 -0.4577
0.7 0.466666666667 0 0 2e-08 -3249270000.0 2.41166e+13 0.0 6.030e-05 0. -0.9751 0. 5.547e-06 0.70000 -1.280e-02 -8.075e-05
0.05 0.473737373737 0 0 2e-08 -3249270000.0 2.41166e+13 0.0 2.984e-05 0. -0.9569 0. 2.746e-06 5.0000e-02 -0.5159 -0.5101
0.7 0.473737373737 0 0 2e-08 -3249270000.0 2.41166e+13 0.0 6.712e-05 0. -1.0525 0. 6.175e-06 0.70000 -1.382e-02 -8.487e-05
0.05 0.480808080808 0 0 2e-08 -3249270000.0 2.41166e+13 0.0 3.259e-05 0. -1.0306 0. 2.998e-06 5.0000e-02 -0.5714 -0.5653
0.7 0.480808080808 0 0 2e-08 -3249270000.0 2.41166e+13 0.0 7.395e-05 0. -1.1277 0. 6.804e-06 0.70000 -1.480e-02 -8.878e-05
0.05 0.487878787879 0 0 2e-08 -3249270000.0 2.41166e+13 0.0 3.548e-05 0. -1.1072 0. 3.264e-06 5.0000e-02 -0.6299 -0.6236
0.7 0.487878787879 0 0 2e-08 -3249270000.0 2.41166e+13 0.0 8.129e-05 0. -1.2060 0. 7.479e-06 0.70000 -1.583e-02 -9.271e-05
0.05 0.494949494949 0 0 2e-08 -3249270000.0 2.41166e+13 0.0 3.847e-05 0. -1.1860 0. 3.539e-06 5.0000e-02 -0.6912 -0.6847
0.7 0.494949494949 0 0 2e-08 -3249270000.0 2.41166e+13 0.0 8.890e-05 0. -1.2849 0. 8.179e-06 0.70000 -1.686e-02 -9.655e-05
0.05 0.50202020202 0 0 2e-08 -3249270000.0 2.41166e+13 0.0 4.153e-05 0. -1.2668 0. 3.821e-06 5.0000e-02 -0.7554 -0.7486
0.7 0.50202020202 0 0 2e-08 -3249270000.0 2.41166e+13 0.0 9.754e-05 0. -1.3722 0. 8.974e-06 0.70000 -1.800e-02 -1.008e-04
0.05 0.509090909091 0 0 2e-08 -3249270000.0 2.41166e+13 0.0 4.469e-05 0. -1.3493 0. 4.111e-06 5.0000e-02 -0.8217 -0.8147
0.7 0.509090909091 0 0 2e-08 -3249270000.0 2.41166e+13 0.0 1.058e-04 0. -1.4540 0. 9.738e-06 0.70000 -1.907e-02 -1.049e-04
0.05 0.516161616162 0 0 2e-08 -3249270000.0 2.41166e+13 0.0 4.794e-05 0. -1.4343 0. 4.411e-06 5.0000e-02 -0.8909 -0.8837
0.7 0.516161616162 0 0 2e-08 -3249270000.0 2.41166e+13 0.0 1.151e-04 0. -1.5429 0. 1.059e-05 0.70000 -2.024e-02 -1.092e-04
0.05 0.523232323232 0 0 2e-08 -3249270000.0 2.41166e+13 0.0 5.129e-05 0. -1.5212 0. 4.719e-06 5.0000e-02 -0.9624 -0.9550
0.7 0.523232323232 0 0 2e-08 -3249270000.0 2.41166e+13 0.0 1.247e-04 0. -1.6332 0. 1.147e-05 0.70000 -2.142e-02 -1.140e-04
0.05 0.530303030303 0 0 2e-08 -3249270000.0 2.41166e+13 0.0 5.472e-05 0. -1.6100 0. 5.034e-06 5.0000e-02 -1.0363 -1.0287
0.7 0.530303030303 0 0 2e-08 -3249270000.0 2.41166e+13 0.0 1.346e-04 0. -1.7238 0. 1.238e-05 0.70000 -2.261e-02 -1.186e-04
0.05 0.537373737374 0 0 2e-08 -3249270000.0 2.41166e+13 0.0 5.820e-05 0. -1.7009 0. 5.355e-06 5.0000e-02 -1.1131 -1.1053
0.7 0.537373737374 0 0 2e-08 -3249270000.0 2.41166e+13 0.0 1.448e-04 0. -1.8165 0. 1.332e-05 0.70000 -2.382e-02 -1.237e-04
0.05 0.544444444444 0 0 2e-08 -3249270000.0 2.41166e+13 0.0 6.185e-05 0. -1.7937 0. 5.690e-06 5.0000e-02 -1.1910 -1.1830
0.7 0.544444444444 0 0 2e-08 -3249270000.0 2.41166e+13 0.0 1.555e-04 0. -1.9107 0. 1.430e-05 0.70000 -2.506e-02 -1.291e-04
0.05 0.551515151515 0 0 2e-08 -3249270000.0 2.41166e+13 0.0 6.544e-05 0. -1.8874 0. 6.020e-06 5.0000e-02 -1.2715 -1.2634
0.7 0.551515151515 0 0 2e-08 -3249270000.0 2.41166e+13 0.0 1.665e-04 0. -2.0067 0. 1.532e-05 0.70000 -2.631e-02 -1.350e-04
0.05 0.558585858586 0 0 2e-08 -3249270000.0 2.41166e+13 0.0 6.924e-05 0. -1.9843 0. 6.370e-06 5.0000e-02 -1.3544 -1.3461
0.7 0.558585858586 0 0 2e-08 -3249270000.0 2.41166e+13 0.0 1.782e-04 0. -2.1062 0. 1.639e-05 0.70000 -2.762e-02 -1.414e-04
0.05 0.565656565657 0 0 2e-08 -3249270000.0 2.41166e+13 0.0 7.299e-05 0. -2.0819 0. 6.715e-06 5.0000e-02 -1.4393 -1.4309
0.7 0.565656565657 0 0 2e-08 -3249270000.0 2.41166e+13 0.0 1.900e-04 0. -2.2054 0. 1.748e-05 0.70000 -2.892e-02 -1.482e-04
0.05 0.572727272727 0 0 2e-08 -3249270000.0 2.41166e+13 0.0 7.685e-05 0. -2.1807 0. 7.070e-06 5.0000e-02 -1.5252 -1.5165
0.7 0.572727272727 0 0 2e-08 -3249270000.0 2.41166e+13 0.0 2.019e-04 0. -2.3044 0. 1.857e-05 0.70000 -3.022e-02 -1.557e-04
0.05 0.579797979798 0 0 2e-08 -3249270000.0 2.41166e+13 0.0 8.083e-05 0. -2.2823 0. 7.437e-06 5.0000e-02 -1.6139 -1.6051
0.7 0.579797979798 0 0 2e-08 -3249270000.0 2.41166e+13 0.0 2.148e-04 0. -2.4099 0. 1.976e-05 0.70000 -3.160e-02 -1.643e-04
0.05 0.586868686869 0 0 2e-08 -3249270000.0 2.41166e+13 0.0 8.476e-05 0. -2.3856 0. 7.798e-06 5.0000e-02 -1.7058 -1.6968
0.7 0.586868686869 0 0 2e-08 -3249270000.0 2.41166e+13 0.0 2.273e-04 0. -2.5109 0. 2.091e-05 0.70000 -3.293e-02 -1.731e-04
0.05 0.593939393939 0 0 2e-08 -3249270000.0 2.41166e+13 0.0 8.881e-05 0. -2.4906 0. 8.171e-06 5.0000e-02 -1.7991 -1.7899
0.7 0.593939393939 0 0 2e-08 -3249270000.0 2.41166e+13 0.0 2.405e-04 0. -2.6168 0. 2.213e-05 0.70000 -3.432e-02 -1.831e-04
0.05 0.60101010101 0 0 2e-08 -3249270000.0 2.41166e+13 0.0 9.269e-05 0. -2.5936 0. 8.527e-06 5.0000e-02 -1.8917 -1.8824
0.7 0.60101010101 0 0 2e-08 -3249270000.0 2.41166e+13 0.0 2.540e-04 0. -2.7231 0. 2.337e-05 0.70000 -3.572e-02 -1.941e-04
0.05 0.608080808081 0 0 2e-08 -3249270000.0 2.41166e+13 0.0 9.677e-05 0. -2.7023 0. 8.903e-06 5.0000e-02 -1.9899 -1.9805
0.7 0.608080808081 0 0 2e-08 -3249270000.0 2.41166e+13 0.0 2.681e-04 0. -2.8329 0. 2.466e-05 0.70000 -3.716e-02 -2.066e-04
0.05 0.615151515152 0 0 2e-08 -3249270000.0 2.41166e+13 0.0 1.013e-04 0. -2.8122 0. 9.315e-06 5.0000e-02 -2.0868 -2.0772
0.7 0.615151515152 0 0 2e-08 -3249270000.0 2.41166e+13 0.0 2.826e-04 0. -2.9453 0. 2.600e-05 0.70000 -3.864e-02 -2.207e-04
0.05 0.622222222222 0 0 2e-08 -3249270000.0 2.41166e+13 0.0 1.056e-04 0. -2.9223 0. 9.711e-06 5.0000e-02 -2.1856 -2.1759
0.7 0.622222222222 0 0 2e-08 -3249270000.0 2.41166e+13 0.0 2.964e-04 0. -3.0517 0. 2.727e-05 0.70000 -4.005e-02 -2.355e-04
0.05 0.629292929293 0 0 2e-08 -3249270000.0 2.41166e+13 0.0 1.098e-04 0. -3.0334 0. 1.010e-05 5.0000e-02 -2.2870 -2.2771
0.7 0.629292929293 0 0 2e-08 -3249270000.0 2.41166e+13 0.0 3.117e-04 0. -3.1677 0. 2.867e-05 0.70000 -4.158e-02 -2.533e-04
0.05 0.636363636364 0 0 2e-08 -3249270000.0 2.41166e+13 0.0 1.142e-04 0. -3.1469 0. 1.051e-05 5.0000e-02 -2.3894 -2.3794
0.7 0.636363636364 0 0 2e-08 -3249270000.0 2.41166e+13 0.0 3.266e-04 0. -3.2804 0. 3.005e-05 0.70000 -4.307e-02 -2.725e-04
0.05 0.643434343434 0 0 2e-08 -3249270000.0 2.41166e+13 0.0 1.186e-04 0. -3.2605 0. 1.092e-05 5.0000e-02 -2.4927 -2.4826
0.7 0.643434343434 0 0 2e-08 -3249270000.0 2.41166e+13 0.0 3.418e-04 0. -3.3944 0. 3.144e-05 0.70000 -4.458e-02 -2.940e-04
0.05 0.650505050505 0 0 2e-08 -3249270000.0 2.41166e+13 0.0 1.230e-04 0. -3.3773 0. 1.132e-05 5.0000e-02 -2.6005 -2.5903
0.7 0.650505050505 0 0 2e-08 -3249270000.0 2.41166e+13 0.0 3.574e-04 0. -3.5110 0. 3.288e-05 0.70000 -4.612e-02 -3.182e-04
0.05 0.657575757576 0 0 2e-08 -3249270000.0 2.41166e+13 0.0 1.275e-04 0. -3.4948 0. 1.173e-05 5.0000e-02 -2.7084 -2.6980
0.7 0.657575757576 0 0 2e-08 -3249270000.0 2.41166e+13 0.0 3.735e-04 0. -3.6304 0. 3.436e-05 0.70000 -4.771e-02 -3.464e-04
0.05 0.664646464646 0 0 2e-08 -3249270000.0 2.41166e+13 0.0 1.320e-04 0. -3.6126 0. 1.215e-05 5.0000e-02 -2.8169 -2.8064
0.7 0.664646464646 0 0 2e-08 -3249270000.0 2.41166e+13 0.0 3.896e-04 0. -3.7493 0. 3.585e-05 0.70000 -4.929e-02 -3.776e-04
0.05 0.671717171717 0 0 2e-08 -3249270000.0 2.41166e+13 0.0 1.366e-04 0. -3.7315 0. 1.257e-05 5.0000e-02 -2.9266 -2.9160
0.7 0.671717171717 0 0 2e-08 -3249270000.0 2.41166e+13 0.0 4.060e-04 0. -3.8694 0. 3.735e-05 0.70000 -5.089e-02 -4.130e-04
0.05 0.678787878788 0 0 2e-08 -3249270000.0 2.41166e+13 0.0 1.415e-04 0. -3.8536 0. 1.302e-05 5.0000e-02 -3.0384 -3.0277
0.7 0.678787878788 0 0 2e-08 -3249270000.0 2.41166e+13 0.0 4.230e-04 0. -3.9941 0. 3.892e-05 0.70000 -5.256e-02 -4.546e-04
0.05 0.685858585859 0 0 2e-08 -3249270000.0 2.41166e+13 0.0 1.459e-04 0. -3.9745 0. 1.342e-05 5.0000e-02 -3.1519 -3.1410
0.7 0.685858585859 0 0 2e-08 -3249270000.0 2.41166e+13 0.0 4.391e-04 0. -4.1112 0. 4.040e-05 0.70000 -5.413e-02 -4.984e-04
0.05 0.692929292929 0 0 2e-08 -3249270000.0 2.41166e+13 0.0 1.506e-04 0. -4.0972 0. 1.386e-05 5.0000e-02 -3.2661 -3.2551
0.7 0.692929292929 0 0 2e-08 -3249270000.0 2.41166e+13 0.0 4.566e-04 0. -4.2377 0. 4.200e-05 0.70000 -5.583e-02 -5.513e-04
0.05 0.7 0 0 2e-08 -3249270000.0 2.41166e+13 0.0 1.554e-04 0. -4.2215 0. 1.429e-05 5.0000e-02 -3.3821 -3.3710
0.7 0.7 0 0 2e-08 -3249270000.0 2.41166e+13 0.0 4.732e-04 0. -4.3579 0. 4.353e-05 0.70000 -5.746e-02 -6.099e-04
