vd vg vs vb l alpha1_p alpha11_p t_fe idsperum vfed qmfe2 vgn1 qmfe1 qms vfes ids qmsguessd vgn2 qmsguesss qgi sweepvar qm qmd vgs
-0.05 0.0 0 0 2e-08 -3249270000.0 2.41166e+13 1e-08 2.120e-11 -3.803e-04 -3.5030 13.1451 -6.0673 -1.407e-06 -3.804e-04 -1.950e-12 -2.924e-07 1.6394 -1.407e-06 -2.173e-23 -5.0000e-02 -3.069e-07 -2.924e-07 -2.287e-06
-0.7 0.0 0 0 2e-08 -3249270000.0 2.41166e+13 1e-08 5.543e-11 -3.803e-04 -3.4818 19.8269 -6.0307 -2.143e-06 -3.804e-04 -5.100e-12 -5.256e-10 8.3824 -2.143e-06 -2.218e-23 -0.70000 -2.847e-08 -5.256e-10 -5.107e-15
-0.05 -0.00707070707071 0 0 2e-08 -3249270000.0 2.41166e+13 1e-08 2.655e-11 -3.803e-04 -3.5030 13.1448 -6.0673 -1.763e-06 -3.804e-04 -2.443e-12 -3.664e-07 1.6391 -1.763e-06 -2.246e-23 -5.0000e-02 -3.846e-07 -3.664e-07 7.062e-03
-0.7 -0.00707070707071 0 0 2e-08 -3249270000.0 2.41166e+13 1e-08 6.926e-11 -3.803e-04 -3.4818 19.8270 -6.0307 -2.677e-06 -3.805e-04 -6.372e-12 -6.566e-10 8.3824 -2.677e-06 -2.304e-23 -0.70000 -3.557e-08 -6.566e-10 7.020e-03
-0.05 -0.0141414141414 0 0 2e-08 -3249270000.0 2.41166e+13 1e-08 3.329e-11 -3.803e-04 -3.5030 13.1451 -6.0673 -2.209e-06 -3.805e-04 -3.063e-12 -4.592e-07 1.6394 -2.209e-06 -2.332e-23 -5.0000e-02 -4.820e-07 -4.592e-07 1.414e-02
-0.7 -0.0141414141414 0 0 2e-08 -3249270000.0 2.41166e+13 1e-08 8.680e-11 -3.803e-04 -3.4818 19.8269 -6.0307 -3.355e-06 -3.806e-04 -7.986e-12 -8.229e-10 8.3824 -3.355e-06 -2.408e-23 -0.70000 -4.458e-08 -8.229e-10 1.414e-02
-0.05 -0.0212121212121 0 0 2e-08 -3249270000.0 2.41166e+13 1e-08 4.171e-11 -3.803e-04 -3.5030 13.1451 -6.0673 -2.768e-06 -3.805e-04 -3.837e-12 -5.753e-07 1.6394 -2.768e-06 -2.435e-23 -5.0000e-02 -6.039e-07 -5.753e-07 2.121e-02
-0.7 -0.0212121212121 0 0 2e-08 -3249270000.0 2.41166e+13 1e-08 1.082e-10 -3.803e-04 -3.4818 19.8269 -6.0307 -4.183e-06 -3.806e-04 -9.957e-12 -1.026e-09 8.3824 -4.183e-06 -2.531e-23 -0.70000 -5.559e-08 -1.026e-09 2.109e-02
-0.05 -0.0282828282828 0 0 2e-08 -3249270000.0 2.41166e+13 1e-08 5.227e-11 -3.803e-04 -3.5030 13.1451 -6.0673 -3.469e-06 -3.806e-04 -4.809e-12 -7.209e-07 1.6394 -3.469e-06 -2.559e-23 -5.0000e-02 -7.568e-07 -7.209e-07 2.828e-02
-0.7 -0.0282828282828 0 0 2e-08 -3249270000.0 2.41166e+13 1e-08 1.360e-10 -3.803e-04 -3.4818 19.8269 -6.0307 -5.257e-06 -3.807e-04 -1.251e-11 -1.289e-09 8.3824 -5.257e-06 -2.684e-23 -0.70000 -6.985e-08 -1.289e-09 2.830e-02
-0.05 -0.0353535353535 0 0 2e-08 -3249270000.0 2.41166e+13 1e-08 6.549e-11 -3.803e-04 -3.5030 13.1453 -6.0673 -4.346e-06 -3.806e-04 -6.025e-12 -9.031e-07 1.6396 -4.346e-06 -2.709e-23 -5.0000e-02 -9.480e-07 -9.031e-07 3.535e-02
-0.7 -0.0353535353535 0 0 2e-08 -3249270000.0 2.41166e+13 1e-08 1.701e-10 -3.803e-04 -3.4818 19.8269 -6.0307 -6.573e-06 -3.808e-04 -1.565e-11 -1.612e-09 8.3824 -6.573e-06 -2.867e-23 -0.70000 -8.735e-08 -1.612e-09 3.535e-02
-0.05 -0.0424242424242 0 0 2e-08 -3249270000.0 2.41166e+13 1e-08 8.173e-11 -3.804e-04 -3.5030 13.1300 -6.0673 -5.446e-06 -3.807e-04 -7.519e-12 -1.149e-06 1.6243 -5.446e-06 -2.895e-23 -5.0000e-02 -1.205e-06 -1.149e-06 4.242e-02
-0.7 -0.0424242424242 0 0 2e-08 -3249270000.0 2.41166e+13 1e-08 2.131e-10 -3.803e-04 -3.4818 19.8269 -6.0307 -8.237e-06 -3.810e-04 -1.961e-11 -2.021e-09 8.3824 -8.237e-06 -3.094e-23 -0.70000 -1.095e-07 -2.021e-09 4.246e-02
-0.05 -0.0494949494949 0 0 2e-08 -3249270000.0 2.41166e+13 1e-08 1.028e-10 -3.804e-04 -3.5030 13.1451 -6.0673 -6.825e-06 -3.809e-04 -9.462e-12 -1.419e-06 1.6394 -6.826e-06 -3.119e-23 -5.0000e-02 -1.489e-06 -1.419e-06 4.949e-02
-0.7 -0.0494949494949 0 0 2e-08 -3249270000.0 2.41166e+13 1e-08 2.678e-10 -3.803e-04 -3.4818 19.8273 -6.0306 -1.035e-05 -3.812e-04 -2.464e-11 -2.537e-09 8.3828 -1.035e-05 -3.376e-23 -0.70000 -1.375e-07 -2.537e-09 4.965e-02
-0.05 -0.0565656565657 0 0 2e-08 -3249270000.0 2.41166e+13 1e-08 1.289e-10 -3.804e-04 -3.5030 13.1451 -6.0673 -8.553e-06 -3.810e-04 -1.186e-11 -1.778e-06 1.6394 -8.553e-06 -3.397e-23 -5.0000e-02 -1.866e-06 -1.778e-06 5.657e-02
-0.7 -0.0565656565657 0 0 2e-08 -3249270000.0 2.41166e+13 1e-08 3.333e-10 -3.803e-04 -3.4818 19.8270 -6.0307 -1.288e-05 -3.814e-04 -3.067e-11 -3.160e-09 8.3825 -1.288e-05 -3.712e-23 -0.70000 -1.712e-07 -3.160e-09 5.656e-02
-0.05 -0.0636363636364 0 0 2e-08 -3249270000.0 2.41166e+13 1e-08 1.615e-10 -3.805e-04 -3.5030 13.1450 -6.0673 -1.072e-05 -3.812e-04 -1.486e-11 -2.228e-06 1.6393 -1.072e-05 -3.740e-23 -5.0000e-02 -2.339e-06 -2.228e-06 6.364e-02
-0.7 -0.0636363636364 0 0 2e-08 -3249270000.0 2.41166e+13 1e-08 4.172e-10 -3.803e-04 -3.4818 19.8270 -6.0307 -1.612e-05 -3.817e-04 -3.838e-11 -3.955e-09 8.3825 -1.612e-05 -4.135e-23 -0.70000 -2.143e-07 -3.955e-09 6.364e-02
-0.05 -0.0707070707071 0 0 2e-08 -3249270000.0 2.41166e+13 1e-08 2.024e-10 -3.805e-04 -3.5030 13.1451 -6.0673 -1.343e-05 -3.814e-04 -1.862e-11 -2.791e-06 1.6394 -1.343e-05 -4.165e-23 -5.0000e-02 -2.930e-06 -2.791e-06 7.071e-02
-0.7 -0.0707070707071 0 0 2e-08 -3249270000.0 2.41166e+13 1e-08 5.220e-10 -3.803e-04 -3.4818 19.8270 -6.0307 -2.017e-05 -3.820e-04 -4.802e-11 -4.949e-09 8.3825 -2.018e-05 -4.660e-23 -0.70000 -2.681e-07 -4.949e-09 7.071e-02
-0.05 -0.0777777777778 0 0 2e-08 -3249270000.0 2.41166e+13 1e-08 2.536e-10 -3.806e-04 -3.5030 13.1451 -6.0673 -1.683e-05 -3.817e-04 -2.333e-11 -3.497e-06 1.6394 -1.683e-05 -4.694e-23 -5.0000e-02 -3.671e-06 -3.497e-06 7.778e-02
-0.7 -0.0777777777778 0 0 2e-08 -3249270000.0 2.41166e+13 1e-08 6.509e-10 -3.803e-04 -3.4818 19.8270 -6.0307 -2.516e-05 -3.825e-04 -5.988e-11 -6.171e-09 8.3825 -2.516e-05 -5.302e-23 -0.70000 -3.343e-07 -6.171e-09 7.767e-02
-0.05 -0.0848484848485 0 0 2e-08 -3249270000.0 2.41166e+13 1e-08 3.177e-10 -3.806e-04 -3.5030 13.1454 -6.0673 -2.108e-05 -3.821e-04 -2.923e-11 -4.381e-06 1.6397 -2.108e-05 -5.351e-23 -5.0000e-02 -4.599e-06 -4.381e-06 8.484e-02
-0.7 -0.0848484848485 0 0 2e-08 -3249270000.0 2.41166e+13 1e-08 8.104e-10 -3.803e-04 -3.4818 19.8270 -6.0307 -3.132e-05 -3.830e-04 -7.456e-11 -7.684e-09 8.3825 -3.132e-05 -6.091e-23 -0.70000 -4.162e-07 -7.684e-09 8.458e-02
-0.05 -0.0919191919192 0 0 2e-08 -3249270000.0 2.41166e+13 1e-08 3.980e-10 -3.807e-04 -3.5030 13.1451 -6.0673 -2.641e-05 -3.826e-04 -3.662e-11 -5.490e-06 1.6394 -2.642e-05 -6.169e-23 -5.0000e-02 -5.763e-06 -5.490e-06 9.191e-02
-0.7 -0.0919191919192 0 0 2e-08 -3249270000.0 2.41166e+13 1e-08 1.022e-09 -3.803e-04 -3.4818 19.8271 -6.0307 -3.951e-05 -3.838e-04 -9.406e-11 -9.692e-09 8.3826 -3.952e-05 -7.134e-23 -0.70000 -5.250e-07 -9.692e-09 9.190e-02
-0.05 -0.0989898989899 0 0 2e-08 -3249270000.0 2.41166e+13 1e-08 4.989e-10 -3.809e-04 -3.5030 13.1451 -6.0673 -3.311e-05 -3.832e-04 -4.590e-11 -6.882e-06 1.6394 -3.311e-05 -7.193e-23 -5.0000e-02 -7.224e-06 -6.882e-06 9.899e-02
-0.7 -0.0989898989899 0 0 2e-08 -3249270000.0 2.41166e+13 1e-08 1.280e-09 -3.803e-04 -3.4818 19.8271 -6.0307 -4.948e-05 -3.846e-04 -1.178e-10 -1.214e-08 8.3826 -4.949e-05 -8.399e-23 -0.70000 -6.575e-07 -1.214e-08 9.900e-02
-0.05 -0.106060606061 0 0 2e-08 -3249270000.0 2.41166e+13 1e-08 6.251e-10 -3.810e-04 -3.5030 13.1450 -6.0673 -4.148e-05 -3.839e-04 -5.751e-11 -8.624e-06 1.6394 -4.149e-05 -8.469e-23 -5.0000e-02 -9.052e-06 -8.623e-06 0.1061
-0.7 -0.106060606061 0 0 2e-08 -3249270000.0 2.41166e+13 1e-08 1.602e-09 -3.803e-04 -3.4818 19.8271 -6.0307 -6.190e-05 -3.857e-04 -1.474e-10 -1.518e-08 8.3826 -6.191e-05 -9.972e-23 -0.70000 -8.225e-07 -1.518e-08 0.1061
-0.05 -0.113131313131 0 0 2e-08 -3249270000.0 2.41166e+13 1e-08 7.839e-10 -3.812e-04 -3.5030 13.1451 -6.0673 -5.202e-05 -3.848e-04 -7.212e-11 -1.081e-05 1.6395 -5.203e-05 -1.007e-22 -5.0000e-02 -1.135e-05 -1.081e-05 0.1132
-0.7 -0.113131313131 0 0 2e-08 -3249270000.0 2.41166e+13 1e-08 2.007e-09 -3.803e-04 -3.4818 19.8272 -6.0307 -7.755e-05 -3.871e-04 -1.846e-10 -1.902e-08 8.3827 -7.758e-05 -1.195e-22 -0.70000 -1.031e-06 -1.902e-08 0.1132
-0.05 -0.120202020202 0 0 2e-08 -3249270000.0 2.41166e+13 1e-08 9.818e-10 -3.815e-04 -3.5030 13.1451 -6.0673 -6.515e-05 -3.860e-04 -9.032e-11 -1.354e-05 1.6394 -6.517e-05 -1.206e-22 -5.0000e-02 -1.422e-05 -1.354e-05 0.1202
-0.7 -0.120202020202 0 0 2e-08 -3249270000.0 2.41166e+13 1e-08 2.512e-09 -3.803e-04 -3.4818 19.8272 -6.0307 -9.708e-05 -3.888e-04 -2.311e-10 -2.382e-08 8.3827 -9.712e-05 -1.441e-22 -0.70000 -1.290e-06 -2.382e-08 0.1203
-0.05 -0.127272727273 0 0 2e-08 -3249270000.0 2.41166e+13 1e-08 1.229e-09 -3.818e-04 -3.5030 13.1449 -6.0673 -8.159e-05 -3.874e-04 -1.131e-10 -1.697e-05 1.6392 -8.162e-05 -1.455e-22 -5.0000e-02 -1.781e-05 -1.697e-05 0.1273
-0.7 -0.127272727273 0 0 2e-08 -3249270000.0 2.41166e+13 1e-08 3.139e-09 -3.803e-04 -3.4818 19.8274 -6.0307 -1.213e-04 -3.910e-04 -2.888e-10 -2.975e-08 8.3829 -1.213e-04 -1.746e-22 -0.70000 -1.612e-06 -2.975e-08 0.1273
-0.05 -0.134343434343 0 0 2e-08 -3249270000.0 2.41166e+13 1e-08 1.541e-09 -3.821e-04 -3.5030 13.1451 -6.0673 -1.022e-04 -3.892e-04 -1.418e-10 -2.126e-05 1.6394 -1.023e-04 -1.767e-22 -5.0000e-02 -2.231e-05 -2.126e-05 0.1343
-0.7 -0.134343434343 0 0 2e-08 -3249270000.0 2.41166e+13 1e-08 3.929e-09 -3.803e-04 -3.4818 19.8275 -6.0307 -1.518e-04 -3.937e-04 -3.615e-10 -3.724e-08 8.3830 -1.519e-04 -2.130e-22 -0.70000 -2.017e-06 -3.724e-08 0.1344
-0.05 -0.141414141414 0 0 2e-08 -3249270000.0 2.41166e+13 1e-08 1.931e-09 -3.826e-04 -3.5030 13.1456 -6.0673 -1.281e-04 -3.915e-04 -1.777e-10 -2.663e-05 1.6399 -1.282e-04 -2.158e-22 -5.0000e-02 -2.795e-05 -2.663e-05 0.1414
-0.7 -0.141414141414 0 0 2e-08 -3249270000.0 2.41166e+13 1e-08 4.909e-09 -3.803e-04 -3.4818 19.8276 -6.0307 -1.896e-04 -3.970e-04 -4.516e-10 -4.652e-08 8.3831 -1.898e-04 -2.606e-22 -0.70000 -2.520e-06 -4.652e-08 0.1414
-0.05 -0.148484848485 0 0 2e-08 -3249270000.0 2.41166e+13 1e-08 2.420e-09 -3.832e-04 -3.5030 13.1452 -6.0673 -1.605e-04 -3.944e-04 -2.226e-10 -3.338e-05 1.6395 -1.606e-04 -2.647e-22 -5.0000e-02 -3.504e-05 -3.338e-05 0.1485
-0.7 -0.148484848485 0 0 2e-08 -3249270000.0 2.41166e+13 1e-08 6.115e-09 -3.803e-04 -3.4818 19.8278 -6.0307 -2.362e-04 -4.012e-04 -5.626e-10 -5.796e-08 8.3833 -2.364e-04 -3.191e-22 -0.70000 -3.139e-06 -5.796e-08 0.1483
-0.05 -0.155555555556 0 0 2e-08 -3249270000.0 2.41166e+13 1e-08 3.031e-09 -3.839e-04 -3.5030 13.1449 -6.0673 -2.011e-04 -3.979e-04 -2.789e-10 -4.184e-05 1.6392 -2.013e-04 -3.259e-22 -5.0000e-02 -4.391e-05 -4.183e-05 0.1556
-0.7 -0.155555555556 0 0 2e-08 -3249270000.0 2.41166e+13 1e-08 7.693e-09 -3.803e-04 -3.4818 19.8280 -6.0307 -2.972e-04 -4.065e-04 -7.078e-10 -7.290e-08 8.3835 -2.975e-04 -3.955e-22 -0.70000 -3.949e-06 -7.290e-08 0.1556
-0.05 -0.162626262626 0 0 2e-08 -3249270000.0 2.41166e+13 1e-08 3.799e-09 -3.849e-04 -3.5030 13.1451 -6.0673 -2.520e-04 -4.024e-04 -3.495e-10 -5.243e-05 1.6394 -2.522e-04 -4.025e-22 -5.0000e-02 -5.502e-05 -5.242e-05 0.1626
-0.7 -0.162626262626 0 0 2e-08 -3249270000.0 2.41166e+13 1e-08 9.629e-09 -3.803e-04 -3.4818 19.8283 -6.0307 -3.719e-04 -4.132e-04 -8.859e-10 -9.124e-08 8.3838 -3.724e-04 -4.893e-22 -0.70000 -4.942e-06 -9.124e-08 0.1626
-0.05 -0.169696969697 0 0 2e-08 -3249270000.0 2.41166e+13 1e-08 4.759e-09 -3.860e-04 -3.5030 13.1452 -6.0673 -3.157e-04 -4.080e-04 -4.379e-10 -6.569e-05 1.6395 -3.160e-04 -4.985e-22 -5.0000e-02 -6.893e-05 -6.567e-05 0.1697
-0.7 -0.169696969697 0 0 2e-08 -3249270000.0 2.41166e+13 1e-08 1.205e-08 -3.803e-04 -3.4818 19.8292 -6.0306 -4.653e-04 -4.214e-04 -1.109e-09 -1.141e-07 8.3848 -4.661e-04 -6.065e-22 -0.70000 -6.183e-06 -1.141e-07 0.1697
-0.05 -0.176767676768 0 0 2e-08 -3249270000.0 2.41166e+13 1e-08 5.963e-09 -3.875e-04 -3.5030 13.1452 -6.0673 -3.955e-04 -4.150e-04 -5.486e-10 -8.232e-05 1.6395 -3.961e-04 -6.187e-22 -5.0000e-02 -8.639e-05 -8.230e-05 0.1768
-0.7 -0.176767676768 0 0 2e-08 -3249270000.0 2.41166e+13 1e-08 1.507e-08 -3.803e-04 -3.4818 19.8290 -6.0307 -5.816e-04 -4.317e-04 -1.386e-09 -1.427e-07 8.3845 -5.829e-04 -7.524e-22 -0.70000 -7.729e-06 -1.427e-07 0.1768
-0.05 -0.183838383838 0 0 2e-08 -3249270000.0 2.41166e+13 1e-08 7.470e-09 -3.893e-04 -3.5030 13.1451 -6.0673 -4.953e-04 -4.238e-04 -6.873e-10 -1.032e-04 1.6394 -4.962e-04 -7.690e-22 -5.0000e-02 -1.082e-04 -1.031e-04 0.1838
-0.7 -0.183838383838 0 0 2e-08 -3249270000.0 2.41166e+13 1e-08 1.885e-08 -3.803e-04 -3.4818 19.8296 -6.0307 -7.274e-04 -4.446e-04 -1.734e-09 -1.785e-07 8.3851 -7.292e-04 -9.352e-22 -0.70000 -9.666e-06 -1.785e-07 0.1838
-0.05 -0.190909090909 0 0 2e-08 -3249270000.0 2.41166e+13 1e-08 9.358e-09 -3.916e-04 -3.5030 13.1452 -6.0673 -6.204e-04 -4.348e-04 -8.610e-10 -1.293e-04 1.6395 -6.218e-04 -9.573e-22 -5.0000e-02 -1.356e-04 -1.292e-04 0.1909
-0.7 -0.190909090909 0 0 2e-08 -3249270000.0 2.41166e+13 1e-08 2.359e-08 -3.803e-04 -3.4818 19.8302 -6.0307 -9.103e-04 -4.608e-04 -2.171e-09 -2.234e-07 8.3857 -9.132e-04 -1.165e-21 -0.70000 -1.210e-05 -2.234e-07 0.1909
-0.05 -0.19797979798 0 0 2e-08 -3249270000.0 2.41166e+13 1e-08 1.172e-08 -3.945e-04 -3.5030 13.1452 -6.0673 -7.769e-04 -4.486e-04 -1.078e-09 -1.620e-04 1.6395 -7.791e-04 -1.193e-21 -5.0000e-02 -1.699e-04 -1.619e-04 0.1980
-0.7 -0.19797979798 0 0 2e-08 -3249270000.0 2.41166e+13 1e-08 2.949e-08 -3.803e-04 -3.4818 19.8310 -6.0307 -1.137e-03 -4.808e-04 -2.713e-09 -2.791e-07 8.3865 -1.142e-03 -1.449e-21 -0.70000 -1.511e-05 -2.791e-07 0.1980
-0.05 -0.205050505051 0 0 2e-08 -3249270000.0 2.41166e+13 1e-08 1.466e-08 -3.980e-04 -3.5030 13.1456 -6.0673 -9.709e-04 -4.656e-04 -1.348e-09 -2.025e-04 1.6399 -9.742e-04 -1.485e-21 -5.0000e-02 -2.123e-04 -2.023e-04 0.2050
-0.7 -0.205050505051 0 0 2e-08 -3249270000.0 2.41166e+13 1e-08 3.690e-08 -3.803e-04 -3.4818 19.8323 -6.0307 -1.422e-03 -5.061e-04 -3.395e-09 -3.490e-07 8.3878 -1.429e-03 -1.807e-21 -0.70000 -1.890e-05 -3.490e-07 0.2051
-0.05 -0.212121212121 0 0 2e-08 -3249270000.0 2.41166e+13 1e-08 1.839e-08 -4.026e-04 -3.5030 13.1453 -6.0673 -1.218e-03 -4.873e-04 -1.692e-09 -2.543e-04 1.6396 -1.223e-03 -1.857e-21 -5.0000e-02 -2.667e-04 -2.541e-04 0.2121
-0.7 -0.212121212121 0 0 2e-08 -3249270000.0 2.41166e+13 1e-08 4.614e-08 -3.803e-04 -3.4818 19.8334 -6.0307 -1.777e-03 -5.375e-04 -4.245e-09 -4.362e-07 8.3889 -1.788e-03 -2.252e-21 -0.70000 -2.362e-05 -4.362e-07 0.2121
-0.05 -0.219191919192 0 0 2e-08 -3249270000.0 2.41166e+13 1e-08 2.302e-08 -4.082e-04 -3.5030 13.1465 -6.0673 -1.523e-03 -5.142e-04 -2.118e-09 -3.180e-04 1.6408 -1.531e-03 -2.317e-21 -5.0000e-02 -3.334e-04 -3.177e-04 0.2192
-0.7 -0.219191919192 0 0 2e-08 -3249270000.0 2.41166e+13 1e-08 5.768e-08 -3.803e-04 -3.4818 19.8351 -6.0307 -2.220e-03 -5.766e-04 -5.307e-09 -5.449e-07 8.3905 -2.237e-03 -2.807e-21 -0.70000 -2.950e-05 -5.449e-07 0.2192
-0.05 -0.226262626263 0 0 2e-08 -3249270000.0 2.41166e+13 1e-08 2.883e-08 -4.153e-04 -3.5030 13.1452 -6.0673 -1.907e-03 -5.479e-04 -2.652e-09 -3.993e-04 1.6395 -1.920e-03 -2.896e-21 -5.0000e-02 -4.184e-04 -3.987e-04 0.2263
-0.7 -0.226262626263 0 0 2e-08 -3249270000.0 2.41166e+13 1e-08 7.221e-08 -3.803e-04 -3.4818 19.8373 -6.0307 -2.777e-03 -6.258e-04 -6.644e-09 -6.813e-07 8.3928 -2.802e-03 -3.506e-21 -0.70000 -3.690e-05 -6.813e-07 0.2263
-0.05 -0.233333333333 0 0 2e-08 -3249270000.0 2.41166e+13 1e-08 3.609e-08 -4.242e-04 -3.5030 13.1452 -6.0673 -2.386e-03 -5.900e-04 -3.320e-09 -5.003e-04 1.6395 -2.405e-03 -3.618e-21 -5.0000e-02 -5.240e-04 -4.994e-04 0.2333
-0.7 -0.233333333333 0 0 2e-08 -3249270000.0 2.41166e+13 1e-08 9.014e-08 -3.803e-04 -3.4818 19.8396 -6.0307 -3.463e-03 -6.865e-04 -8.293e-09 -8.495e-07 8.3951 -3.501e-03 -4.367e-21 -0.70000 -4.601e-05 -8.495e-07 0.2333
-0.05 -0.240404040404 0 0 2e-08 -3249270000.0 2.41166e+13 1e-08 4.517e-08 -4.352e-04 -3.5030 13.1452 -6.0673 -2.984e-03 -6.426e-04 -4.156e-09 -6.269e-04 1.6395 -3.013e-03 -4.520e-21 -5.0000e-02 -6.562e-04 -6.255e-04 0.2404
-0.7 -0.240404040404 0 0 2e-08 -3249270000.0 2.41166e+13 1e-08 1.123e-07 -3.804e-04 -3.4818 19.8427 -6.0307 -4.309e-03 -7.614e-04 -1.033e-08 -1.057e-06 8.3982 -4.367e-03 -5.429e-21 -0.70000 -5.726e-05 -1.057e-06 0.2403
-0.05 -0.247474747475 0 0 2e-08 -3249270000.0 2.41166e+13 1e-08 5.652e-08 -4.491e-04 -3.5030 13.1453 -6.0673 -3.730e-03 -7.082e-04 -5.200e-09 -7.854e-04 1.6396 -3.774e-03 -5.646e-21 -5.0000e-02 -8.217e-04 -7.832e-04 0.2475
-0.7 -0.247474747475 0 0 2e-08 -3249270000.0 2.41166e+13 1e-08 1.392e-07 -3.804e-04 -3.4818 19.8464 -6.0307 -5.334e-03 -8.520e-04 -1.281e-08 -1.307e-06 8.4019 -5.420e-03 -6.718e-21 -0.70000 -7.088e-05 -1.307e-06 0.2472
-0.05 -0.254545454545 0 0 2e-08 -3249270000.0 2.41166e+13 1e-08 7.070e-08 -4.665e-04 -3.5030 13.1453 -6.0673 -4.660e-03 -7.899e-04 -6.505e-09 -9.840e-04 1.6396 -4.727e-03 -7.051e-21 -5.0000e-02 -1.029e-03 -9.807e-04 0.2545
-0.7 -0.254545454545 0 0 2e-08 -3249270000.0 2.41166e+13 1e-08 1.756e-07 -3.804e-04 -3.4818 19.8515 -6.0307 -6.715e-03 -9.742e-04 -1.615e-08 -1.644e-06 8.4070 -6.846e-03 -8.454e-21 -0.70000 -8.923e-05 -1.644e-06 0.2545
-0.05 -0.261616161616 0 0 2e-08 -3249270000.0 2.41166e+13 1e-08 8.842e-08 -4.882e-04 -3.5030 13.1453 -6.0673 -5.819e-03 -8.918e-04 -8.134e-09 -1.233e-03 1.6396 -5.920e-03 -8.805e-21 -5.0000e-02 -1.288e-03 -1.228e-03 0.2616
-0.7 -0.261616161616 0 0 2e-08 -3249270000.0 2.41166e+13 1e-08 2.190e-07 -3.804e-04 -3.4818 19.8576 -6.0307 -8.360e-03 -1.120e-03 -2.015e-08 -2.044e-06 8.4131 -8.555e-03 -1.052e-20 -0.70000 -1.111e-04 -2.043e-06 0.2616
-0.05 -0.268686868687 0 0 2e-08 -3249270000.0 2.41166e+13 1e-08 1.105e-07 -5.153e-04 -3.5030 13.1453 -6.0673 -7.263e-03 -1.019e-03 -1.017e-08 -1.545e-03 1.6396 -7.414e-03 -1.099e-20 -5.0000e-02 -1.611e-03 -1.537e-03 0.2687
-0.7 -0.268686868687 0 0 2e-08 -3249270000.0 2.41166e+13 1e-08 2.733e-07 -3.805e-04 -3.4818 19.8650 -6.0307 -1.041e-02 -1.301e-03 -2.514e-08 -2.538e-06 8.4204 -1.069e-02 -1.310e-20 -0.70000 -1.383e-04 -2.538e-06 0.2687
-0.05 -0.275757575758 0 0 2e-08 -3249270000.0 2.41166e+13 1e-08 1.383e-07 -5.496e-04 -3.5030 13.1452 -6.0673 -9.074e-03 -1.178e-03 -1.273e-08 -1.939e-03 1.6395 -9.299e-03 -1.374e-20 -5.0000e-02 -2.020e-03 -1.926e-03 0.2758
-0.7 -0.275757575758 0 0 2e-08 -3249270000.0 2.41166e+13 1e-08 3.410e-07 -3.805e-04 -3.4818 19.8744 -6.0307 -1.295e-02 -1.526e-03 -3.137e-08 -3.149e-06 8.4298 -1.338e-02 -1.632e-20 -0.70000 -1.721e-04 -3.148e-06 0.2757
-0.05 -0.282828282828 0 0 2e-08 -3249270000.0 2.41166e+13 1e-08 1.725e-07 -5.917e-04 -3.5030 13.1454 -6.0673 -1.129e-02 -1.373e-03 -1.587e-08 -2.424e-03 1.6397 -1.162e-02 -1.710e-20 -5.0000e-02 -2.521e-03 -2.405e-03 0.2828
-0.7 -0.282828282828 0 0 2e-08 -3249270000.0 2.41166e+13 1e-08 4.252e-07 -3.806e-04 -3.4818 19.8859 -6.0307 -1.611e-02 -1.805e-03 -3.912e-08 -3.896e-06 8.4414 -1.672e-02 -2.030e-20 -0.70000 -2.140e-04 -3.896e-06 0.2828
-0.05 -0.289898989899 0 0 2e-08 -3249270000.0 2.41166e+13 1e-08 2.153e-07 -6.447e-04 -3.5030 13.1453 -6.0673 -1.406e-02 -1.616e-03 -1.981e-08 -3.037e-03 1.6396 -1.454e-02 -2.131e-20 -5.0000e-02 -3.152e-03 -3.008e-03 0.2899
-0.7 -0.289898989899 0 0 2e-08 -3249270000.0 2.41166e+13 1e-08 5.303e-07 -3.807e-04 -3.4818 19.9002 -6.0307 -2.002e-02 -2.151e-03 -4.879e-08 -4.811e-06 8.4557 -2.091e-02 -2.527e-20 -0.70000 -2.660e-04 -4.811e-06 0.2899
-0.05 -0.29696969697 0 0 2e-08 -3249270000.0 2.41166e+13 1e-08 2.687e-07 -7.106e-04 -3.5030 13.1458 -6.0673 -1.749e-02 -1.918e-03 -2.472e-08 -3.802e-03 1.6401 -1.820e-02 -2.655e-20 -5.0000e-02 -3.937e-03 -3.758e-03 0.2970
-0.7 -0.29696969697 0 0 2e-08 -3249270000.0 2.41166e+13 1e-08 6.597e-07 -3.808e-04 -3.4818 19.9176 -6.0307 -2.482e-02 -2.576e-03 -6.069e-08 -5.911e-06 8.4731 -2.608e-02 -3.137e-20 -0.70000 -3.297e-04 -5.911e-06 0.2970
-0.05 -0.30404040404 0 0 2e-08 -3249270000.0 2.41166e+13 1e-08 3.350e-07 -7.933e-04 -3.5030 13.1451 -6.0673 -2.175e-02 -2.292e-03 -3.082e-08 -4.767e-03 1.6394 -2.276e-02 -3.306e-20 -5.0000e-02 -4.921e-03 -4.699e-03 0.3040
-0.7 -0.30404040404 0 0 2e-08 -3249270000.0 2.41166e+13 1e-08 8.215e-07 -3.809e-04 -3.4818 19.9394 -6.0307 -3.080e-02 -3.104e-03 -7.558e-08 -7.243e-06 8.4949 -3.258e-02 -3.898e-20 -0.70000 -4.089e-04 -7.243e-06 0.3041
-0.05 -0.311111111111 0 0 2e-08 -3249270000.0 2.41166e+13 1e-08 4.176e-07 -8.957e-04 -3.5030 13.1457 -6.0673 -2.701e-02 -2.755e-03 -3.842e-08 -5.966e-03 1.6400 -2.845e-02 -4.112e-20 -5.0000e-02 -6.139e-03 -5.863e-03 0.3111
-0.7 -0.311111111111 0 0 2e-08 -3249270000.0 2.41166e+13 1e-08 1.018e-06 -3.810e-04 -3.4818 19.9655 -6.0307 -3.802e-02 -3.743e-03 -9.368e-08 -8.801e-06 8.5210 -4.051e-02 -4.823e-20 -0.70000 -5.048e-04 -8.800e-06 0.3110
-0.05 -0.318181818182 0 0 2e-08 -3249270000.0 2.41166e+13 1e-08 5.203e-07 -1.023e-03 -3.5030 13.1461 -6.0673 -3.352e-02 -3.327e-03 -4.786e-08 -7.468e-03 1.6404 -3.556e-02 -5.112e-20 -5.0000e-02 -7.657e-03 -7.315e-03 0.3182
-0.7 -0.318181818182 0 0 2e-08 -3249270000.0 2.41166e+13 1e-08 1.265e-06 -3.812e-04 -3.4818 19.9982 -6.0307 -4.704e-02 -4.541e-03 -1.164e-07 -1.066e-05 8.5537 -5.049e-02 -5.983e-20 -0.70000 -6.243e-04 -1.066e-05 0.3181
-0.05 -0.325252525253 0 0 2e-08 -3249270000.0 2.41166e+13 1e-08 6.477e-07 -1.182e-03 -3.5030 13.1462 -6.0673 -4.155e-02 -4.033e-03 -5.959e-08 -9.349e-03 1.6405 -4.440e-02 -6.350e-20 -5.0000e-02 -9.545e-03 -9.122e-03 0.3253
-0.7 -0.325252525253 0 0 2e-08 -3249270000.0 2.41166e+13 1e-08 1.567e-06 -3.814e-04 -3.4818 20.0377 -6.0307 -5.800e-02 -5.510e-03 -1.442e-07 -1.278e-05 8.5932 -6.270e-02 -7.399e-20 -0.70000 -7.693e-04 -1.278e-05 0.3251
-0.05 -0.332323232323 0 0 2e-08 -3249270000.0 2.41166e+13 1e-08 8.067e-07 -1.382e-03 -3.5030 13.1452 -6.0673 -5.152e-02 -4.909e-03 -7.422e-08 -1.173e-02 1.6395 -5.547e-02 -7.895e-20 -5.0000e-02 -1.191e-02 -1.139e-02 0.3324
-0.7 -0.332323232323 0 0 2e-08 -3249270000.0 2.41166e+13 1e-08 1.959e-06 -3.816e-04 -3.4818 20.0886 -6.0307 -7.217e-02 -6.762e-03 -1.803e-07 -1.532e-05 8.6441 -7.858e-02 -9.244e-20 -0.70000 -9.567e-04 -1.531e-05 0.3324
-0.05 -0.339393939394 0 0 2e-08 -3249270000.0 2.41166e+13 1e-08 1.004e-06 -1.625e-03 -3.5030 13.1466 -6.0673 -6.374e-02 -5.983e-03 -9.234e-08 -1.465e-02 1.6409 -6.913e-02 -9.793e-20 -5.0000e-02 -1.481e-02 -1.416e-02 0.3394
-0.7 -0.339393939394 0 0 2e-08 -3249270000.0 2.41166e+13 1e-08 2.418e-06 -3.818e-04 -3.4818 20.1474 -6.0307 -8.865e-02 -8.219e-03 -2.224e-07 -1.797e-05 8.7028 -9.710e-02 -1.141e-19 -0.70000 -1.174e-03 -1.797e-05 0.3393
-0.05 -0.346464646465 0 0 2e-08 -3249270000.0 2.41166e+13 1e-08 1.249e-06 -1.929e-03 -3.5030 13.1469 -6.0673 -7.884e-02 -7.309e-03 -1.149e-07 -1.833e-02 1.6412 -8.608e-02 -1.215e-19 -5.0000e-02 -1.842e-02 -1.762e-02 0.3465
-0.7 -0.346464646465 0 0 2e-08 -3249270000.0 2.41166e+13 1e-08 3.009e-06 -3.821e-04 -3.4818 20.2225 -6.0307 -0.1098 -1.009e-02 -2.768e-07 -2.093e-05 8.7780 -0.1209 -1.421e-19 -0.70000 -1.453e-03 -2.093e-05 0.3465
-0.05 -0.353535353535 0 0 2e-08 -3249270000.0 2.41166e+13 1e-08 1.546e-06 -2.295e-03 -3.5030 13.1479 -6.0673 -9.702e-02 -8.907e-03 -1.423e-07 -2.279e-02 1.6422 -0.1065 -1.500e-19 -5.0000e-02 -2.276e-02 -2.178e-02 0.3534
-0.7 -0.353535353535 0 0 2e-08 -3249270000.0 2.41166e+13 1e-08 3.732e-06 -3.824e-04 -3.4818 20.3134 -6.0307 -0.1356 -1.237e-02 -3.434e-07 -2.393e-05 8.8689 -0.1497 -1.766e-19 -0.70000 -1.793e-03 -2.392e-05 0.3535
-0.05 -0.360606060606 0 0 2e-08 -3249270000.0 2.41166e+13 1e-08 1.931e-06 -2.767e-03 -3.5030 13.1478 -6.0673 -0.1204 -1.096e-02 -1.777e-07 -2.861e-02 1.6421 -0.1328 -1.868e-19 -5.0000e-02 -2.837e-02 -2.715e-02 0.3606
-0.7 -0.360606060606 0 0 2e-08 -3249270000.0 2.41166e+13 1e-08 4.624e-06 -3.826e-04 -3.4818 20.4240 -6.0307 -0.1674 -1.517e-02 -4.254e-07 -2.678e-05 8.9795 -0.1848 -2.196e-19 -0.70000 -2.210e-03 -2.678e-05 0.3606
-0.05 -0.367676767677 0 0 2e-08 -3249270000.0 2.41166e+13 1e-08 2.402e-06 -3.339e-03 -3.5030 13.1475 -6.0673 -0.1486 -1.344e-02 -2.209e-07 -3.572e-02 1.6418 -0.1642 -2.315e-19 -5.0000e-02 -3.516e-02 -3.366e-02 0.3676
-0.7 -0.367676767677 0 0 2e-08 -3249270000.0 2.41166e+13 1e-08 5.706e-06 -3.828e-04 -3.4818 20.5572 -6.0307 -0.2059 -1.857e-02 -5.250e-07 -2.916e-05 9.1127 -0.2264 -2.725e-19 -0.70000 -2.715e-03 -2.916e-05 0.3675
-0.05 -0.374747474747 0 0 2e-08 -3249270000.0 2.41166e+13 1e-08 2.999e-06 -4.046e-03 -3.5030 13.1493 -6.0673 -0.1841 -1.655e-02 -2.759e-07 -4.457e-02 1.6437 -0.2031 -2.880e-19 -5.0000e-02 -4.356e-02 -4.170e-02 0.3747
-0.7 -0.374747474747 0 0 2e-08 -3249270000.0 2.41166e+13 1e-08 7.133e-06 -3.830e-04 -3.4818 20.7303 -6.0307 -0.2569 -2.306e-02 -6.563e-07 -3.090e-05 9.2858 -0.2797 -3.437e-19 -0.70000 -3.382e-03 -3.089e-05 0.3747
-0.05 -0.381818181818 0 0 2e-08 -3249270000.0 2.41166e+13 1e-08 3.756e-06 -4.908e-03 -3.5030 13.1534 -6.0673 -0.2285 -2.044e-02 -3.456e-07 -5.545e-02 1.6477 -0.2505 -3.587e-19 -5.0000e-02 -5.382e-02 -5.151e-02 0.3818
-0.7 -0.381818181818 0 0 2e-08 -3249270000.0 2.41166e+13 1e-08 8.878e-06 -3.830e-04 -3.4818 20.9403 -6.0307 -0.3199 -2.859e-02 -8.168e-07 -3.135e-05 9.4958 -0.3422 -4.330e-19 -0.70000 -4.205e-03 -3.134e-05 0.3818
-0.05 -0.388888888889 0 0 2e-08 -3249270000.0 2.41166e+13 1e-08 4.703e-06 -5.993e-03 -3.5030 13.1509 -6.0673 -0.2840 -2.529e-02 -4.327e-07 -6.925e-02 1.6452 -0.3073 -4.479e-19 -5.0000e-02 -6.673e-02 -6.385e-02 0.3889
-0.7 -0.388888888889 0 0 2e-08 -3249270000.0 2.41166e+13 1e-08 1.107e-05 -3.829e-04 -3.4818 21.2022 -6.0307 -0.4003 -3.562e-02 -1.018e-06 -3.015e-05 9.7577 -0.4162 -5.490e-19 -0.70000 -5.252e-03 -3.014e-05 0.3888
-0.05 -0.39595959596 0 0 2e-08 -3249270000.0 2.41166e+13 1e-08 5.924e-06 -7.309e-03 -3.5030 13.1522 -6.0673 -0.3548 -3.146e-02 -5.450e-07 -8.607e-02 1.6465 -0.3754 -5.618e-19 -5.0000e-02 -8.243e-02 -7.883e-02 0.3959
-0.7 -0.39595959596 0 0 2e-08 -3249270000.0 2.41166e+13 1e-08 1.392e-05 -3.826e-04 -3.4818 21.5413 -6.0307 -0.5077 -4.496e-02 -1.281e-06 -2.695e-05 10.0968 -0.5051 -7.072e-19 -0.70000 -6.651e-03 -2.695e-05 0.3960
-0.05 -0.40303030303 0 0 2e-08 -3249270000.0 2.41166e+13 1e-08 7.527e-06 -8.943e-03 -3.5030 13.1529 -6.0673 -0.4472 -3.947e-02 -6.924e-07 -0.1070 1.6472 -0.4567 -7.107e-19 -5.0000e-02 -0.1020 -9.744e-02 0.4030
-0.7 -0.40303030303 0 0 2e-08 -3249270000.0 2.41166e+13 1e-08 1.764e-05 -3.822e-04 -3.4818 21.9832 -6.0307 -0.6535 -5.749e-02 -1.623e-06 -2.172e-05 10.5387 -0.6087 -9.261e-19 -0.70000 -8.548e-03 -2.172e-05 0.4031
-0.05 -0.410101010101 0 0 2e-08 -3249270000.0 2.41166e+13 1e-08 9.669e-06 -1.095e-02 -3.5030 13.1541 -6.0673 -0.5703 -5.006e-02 -8.895e-07 -0.1327 1.6484 -0.5523 -9.093e-19 -5.0000e-02 -0.1262 -0.1203 0.4101
-0.7 -0.410101010101 0 0 2e-08 -3249270000.0 2.41166e+13 1e-08 2.265e-05 -3.816e-04 -3.4818 22.5809 -6.0307 -0.8622 -7.505e-02 -2.084e-06 -1.499e-05 11.1364 -0.7288 -1.246e-18 -0.70000 -1.126e-02 -1.499e-05 0.4103
-0.05 -0.417171717172 0 0 2e-08 -3249270000.0 2.41166e+13 1e-08 1.263e-05 -1.342e-02 -3.5030 13.1562 -6.0673 -0.7408 -6.451e-02 -1.162e-06 -0.1640 1.6505 -0.6631 -1.184e-18 -5.0000e-02 -0.1561 -0.1484 0.4172
-0.7 -0.417171717172 0 0 2e-08 -3249270000.0 2.41166e+13 1e-08 2.936e-05 -3.810e-04 -3.4818 23.3717 -6.0306 -1.1605 -9.917e-02 -2.701e-06 -8.478e-06 11.9273 -0.8617 -1.713e-18 -0.70000 -1.515e-02 -8.478e-06 0.4172
-0.05 -0.424242424242 0 0 2e-08 -3249270000.0 2.41166e+13 1e-08 1.690e-05 -1.645e-02 -3.5030 13.1588 -6.0673 -0.9873 -8.484e-02 -1.555e-06 -0.2018 1.6531 -0.7894 -1.580e-18 -5.0000e-02 -0.1934 -0.1829 0.4242
-0.7 -0.424242424242 0 0 2e-08 -3249270000.0 2.41166e+13 1e-08 3.828e-05 -3.806e-04 -3.4818 24.3180 -6.0307 -1.5603 -0.1291 -3.522e-06 -4.111e-06 12.8735 -1.0111 -2.351e-18 -0.70000 -2.036e-02 -4.111e-06 0.4243
-0.05 -0.431313131313 0 0 2e-08 -3249270000.0 2.41166e+13 1e-08 2.331e-05 -2.029e-02 -3.5030 13.1601 -6.0673 -1.3512 -0.1132 -2.144e-06 -0.2487 1.6545 -0.9341 -2.168e-18 -5.0000e-02 -0.2415 -0.2268 0.4313
-0.7 -0.431313131313 0 0 2e-08 -3249270000.0 2.41166e+13 1e-08 4.846e-05 -3.805e-04 -3.4818 25.1409 -6.0307 -1.9503 -0.1547 -4.458e-06 -2.254e-06 13.6964 -1.1747 -2.981e-18 -0.70000 -2.545e-02 -2.254e-06 0.4313
-0.05 -0.438383838384 0 0 2e-08 -3249270000.0 2.41166e+13 1e-08 3.166e-05 -2.503e-02 -3.5030 13.1630 -6.0673 -1.7730 -0.1428 -2.913e-06 -0.3043 1.6573 -1.0931 -2.859e-18 -5.0000e-02 -0.3005 -0.2811 0.4383
-0.7 -0.438383838384 0 0 2e-08 -3249270000.0 2.41166e+13 1e-08 5.898e-05 -3.804e-04 -3.4818 25.7307 -6.0307 -2.2619 -0.1721 -5.426e-06 -1.563e-06 14.2862 -1.3528 -3.488e-18 -0.70000 -2.951e-02 -1.563e-06 0.4383
-0.05 -0.445454545455 0 0 2e-08 -3249270000.0 2.41166e+13 1e-08 4.071e-05 -3.121e-02 -3.5030 13.1630 -6.0673 -2.1347 -0.1647 -3.745e-06 -0.3726 1.6573 -1.2686 -3.473e-18 -5.0000e-02 -0.3751 -0.3519 0.4455
-0.7 -0.445454545455 0 0 2e-08 -3249270000.0 2.41166e+13 1e-08 6.962e-05 -3.804e-04 -3.4818 26.1590 -6.0307 -2.5079 -0.1836 -6.405e-06 -1.273e-06 14.7145 -1.5405 -3.890e-18 -0.70000 -3.272e-02 -1.273e-06 0.4453
-0.05 -0.452525252525 0 0 2e-08 -3249270000.0 2.41166e+13 1e-08 4.961e-05 -3.906e-02 -3.5030 13.1638 -6.0673 -2.4124 -0.1787 -4.565e-06 -0.4527 1.6581 -1.4545 -3.971e-18 -5.0000e-02 -0.4682 -0.4425 0.4525
-0.7 -0.452525252525 0 0 2e-08 -3249270000.0 2.41166e+13 1e-08 8.066e-05 -3.804e-04 -3.4818 26.4977 -6.0307 -2.7146 -0.1916 -7.421e-06 -1.137e-06 15.0532 -1.7378 -4.229e-18 -0.70000 -3.542e-02 -1.137e-06 0.4525
-0.05 -0.459595959596 0 0 2e-08 -3249270000.0 2.41166e+13 1e-08 5.844e-05 -4.922e-02 -3.5030 13.1668 -6.0673 -2.6359 -0.1882 -5.377e-06 -0.5452 1.6611 -1.6477 -4.404e-18 -5.0000e-02 -0.5875 -0.5604 0.4595
-0.7 -0.459595959596 0 0 2e-08 -3249270000.0 2.41166e+13 1e-08 9.141e-05 -3.804e-04 -3.4818 26.7598 -6.0307 -2.8837 -0.1969 -8.410e-06 -1.085e-06 15.3153 -1.9291 -4.506e-18 -0.70000 -3.762e-02 -1.085e-06 0.4592
-0.05 -0.466666666667 0 0 2e-08 -3249270000.0 2.41166e+13 1e-08 6.727e-05 -6.357e-02 -3.5030 13.1650 -6.0673 -2.8278 -0.1947 -6.189e-06 -0.6569 1.6593 -1.8497 -4.829e-18 -5.0000e-02 -0.7570 -0.7296 0.4667
-0.7 -0.466666666667 0 0 2e-08 -3249270000.0 2.41166e+13 1e-08 1.032e-04 -3.804e-04 -3.4818 26.9960 -6.0307 -3.0439 -0.2007 -9.496e-06 -1.081e-06 15.5515 -2.1357 -4.770e-18 -0.70000 -3.971e-02 -1.081e-06 0.4666
-0.05 -0.473737373737 0 0 2e-08 -3249270000.0 2.41166e+13 1e-08 7.570e-05 -8.357e-02 -3.5030 13.1651 -6.0673 -2.9929 -0.1992 -6.964e-06 -0.7835 1.6594 -2.0519 -5.276e-18 -5.0000e-02 -0.9979 -0.9716 0.4737
-0.7 -0.473737373737 0 0 2e-08 -3249270000.0 2.41166e+13 1e-08 1.149e-04 -3.804e-04 -3.4818 27.1915 -6.0307 -3.1824 -0.2031 -1.057e-05 -1.115e-06 15.7470 -2.3325 -4.998e-18 -0.70000 -4.152e-02 -1.115e-06 0.4737
-0.05 -0.480808080808 0 0 2e-08 -3249270000.0 2.41166e+13 1e-08 8.336e-05 -0.1111 -3.5030 13.1654 -6.0673 -3.1389 -0.2022 -7.669e-06 -0.9265 1.6597 -2.2520 -5.803e-18 -5.0000e-02 -1.3462 -1.3225 0.4808
-0.7 -0.480808080808 0 0 2e-08 -3249270000.0 2.41166e+13 1e-08 1.260e-04 -3.804e-04 -3.4818 27.3540 -6.0307 -3.3014 -0.2045 -1.160e-05 -1.174e-06 15.9095 -2.5118 -5.195e-18 -0.70000 -4.307e-02 -1.174e-06 0.4805
-0.05 -0.487878787879 0 0 2e-08 -3249270000.0 2.41166e+13 1e-08 8.979e-05 -0.1404 -3.5030 13.1679 -6.0673 -3.2698 -0.2040 -8.261e-06 -1.0832 1.6622 -2.4454 -6.393e-18 -5.0000e-02 -1.7560 -1.7360 0.4879
-0.7 -0.487878787879 0 0 2e-08 -3249270000.0 2.41166e+13 1e-08 1.384e-04 -3.804e-04 -3.4818 27.5114 -6.0307 -3.4212 -0.2052 -1.274e-05 -1.267e-06 16.0668 -2.6983 -5.392e-18 -0.70000 -4.464e-02 -1.267e-06 0.4879
-0.05 -0.494949494949 0 0 2e-08 -3249270000.0 2.41166e+13 1e-08 9.486e-05 -0.1630 -3.5030 13.1658 -6.0673 -3.3896 -0.2050 -8.727e-06 -1.2578 1.6602 -2.6304 -6.944e-18 -5.0000e-02 -2.1221 -2.1054 0.4949
-0.7 -0.494949494949 0 0 2e-08 -3249270000.0 2.41166e+13 1e-08 1.507e-04 -3.804e-04 -3.4818 27.6486 -6.0307 -3.5292 -0.2052 -1.386e-05 -1.388e-06 16.2041 -2.8684 -5.571e-18 -0.70000 -4.605e-02 -1.388e-06 0.4950
-0.05 -0.50202020202 0 0 2e-08 -3249270000.0 2.41166e+13 1e-08 9.923e-05 -0.1778 -3.5030 13.1653 -6.0673 -3.5006 -0.2053 -9.129e-06 -1.4443 1.6597 -2.8055 -7.409e-18 -5.0000e-02 -2.4074 -2.3929 0.5020
-0.7 -0.50202020202 0 0 2e-08 -3249270000.0 2.41166e+13 1e-08 1.625e-04 -3.804e-04 -3.4818 27.7674 -6.0307 -3.6254 -0.2047 -1.495e-05 -1.532e-06 16.3229 -3.0192 -5.730e-18 -0.70000 -4.730e-02 -1.532e-06 0.5019
-0.05 -0.509090909091 0 0 2e-08 -3249270000.0 2.41166e+13 1e-08 1.032e-04 -0.1876 -3.5030 13.1661 -6.0673 -3.6037 -0.2050 -9.490e-06 -1.6384 1.6604 -2.9682 -7.803e-18 -5.0000e-02 -2.6347 -2.6219 0.5091
-0.7 -0.509090909091 0 0 2e-08 -3249270000.0 2.41166e+13 1e-08 1.751e-04 -3.804e-04 -3.4818 27.8834 -6.0307 -3.7206 -0.2038 -1.611e-05 -1.714e-06 16.4388 -3.1653 -5.887e-18 -0.70000 -4.854e-02 -1.714e-06 0.5091
-0.05 -0.516161616162 0 0 2e-08 -3249270000.0 2.41166e+13 1e-08 1.067e-04 -0.1943 -3.5030 13.1658 -6.0673 -3.7006 -0.2043 -9.813e-06 -1.8394 1.6601 -3.1190 -8.152e-18 -5.0000e-02 -2.8266 -2.8151 0.5162
-0.7 -0.516161616162 0 0 2e-08 -3249270000.0 2.41166e+13 1e-08 1.876e-04 -3.804e-04 -3.4818 27.9871 -6.0307 -3.8086 -0.2024 -1.726e-05 -1.933e-06 16.5426 -3.2967 -6.033e-18 -0.70000 -4.969e-02 -1.933e-06 0.5162
-0.05 -0.523232323232 0 0 2e-08 -3249270000.0 2.41166e+13 1e-08 1.098e-04 -0.1989 -3.5030 13.1650 -6.0673 -3.7911 -0.2031 -1.010e-05 -2.0406 1.6593 -3.2563 -8.463e-18 -5.0000e-02 -2.9914 -2.9808 0.5232
-0.7 -0.523232323232 0 0 2e-08 -3249270000.0 2.41166e+13 1e-08 2.002e-04 -3.805e-04 -3.4818 28.0834 -6.0307 -3.8922 -0.2008 -1.842e-05 -2.196e-06 16.6389 -3.4170 -6.171e-18 -0.70000 -5.078e-02 -2.196e-06 0.5232
-0.05 -0.530303030303 0 0 2e-08 -3249270000.0 2.41166e+13 1e-08 1.129e-04 -0.2019 -3.5030 13.1666 -6.0673 -3.8770 -0.2016 -1.039e-05 -2.2380 1.6609 -3.3823 -8.745e-18 -5.0000e-02 -3.1363 -3.1265 0.5302
-0.7 -0.530303030303 0 0 2e-08 -3249270000.0 2.41166e+13 1e-08 2.129e-04 -3.805e-04 -3.4818 28.1747 -6.0307 -3.9717 -0.1988 -1.959e-05 -2.507e-06 16.7302 -3.5271 -6.303e-18 -0.70000 -5.182e-02 -2.507e-06 0.5303
-0.05 -0.537373737374 0 0 2e-08 -3249270000.0 2.41166e+13 1e-08 1.157e-04 -0.2039 -3.5030 13.1662 -6.0673 -3.9598 -0.1997 -1.065e-05 -2.4343 1.6605 -3.4992 -9.011e-18 -5.0000e-02 -3.2698 -3.2607 0.5374
-0.7 -0.537373737374 0 0 2e-08 -3249270000.0 2.41166e+13 1e-08 2.258e-04 -3.805e-04 -3.4818 28.2571 -6.0307 -4.0480 -0.1966 -2.077e-05 -2.891e-06 16.8126 -3.6284 -6.430e-18 -0.70000 -5.282e-02 -2.891e-06 0.5374
-0.05 -0.544444444444 0 0 2e-08 -3249270000.0 2.41166e+13 1e-08 1.184e-04 -0.2050 -3.5030 13.1673 -6.0673 -4.0376 -0.1976 -1.090e-05 -2.6182 1.6616 -3.6045 -9.254e-18 -5.0000e-02 -3.3891 -3.3805 0.5444
-0.7 -0.544444444444 0 0 2e-08 -3249270000.0 2.41166e+13 1e-08 2.387e-04 -3.806e-04 -3.4818 28.3358 -6.0307 -4.1209 -0.1941 -2.196e-05 -3.342e-06 16.8913 -3.7212 -6.550e-18 -0.70000 -5.377e-02 -3.342e-06 0.5444
-0.05 -0.551515151515 0 0 2e-08 -3249270000.0 2.41166e+13 1e-08 1.209e-04 -0.2053 -3.5030 13.1660 -6.0673 -4.1127 -0.1953 -1.112e-05 -2.7951 1.6603 -3.7021 -9.484e-18 -5.0000e-02 -3.5013 -3.4932 0.5515
-0.7 -0.551515151515 0 0 2e-08 -3249270000.0 2.41166e+13 1e-08 2.517e-04 -3.806e-04 -3.4818 28.4100 -6.0307 -4.1910 -0.1915 -2.316e-05 -3.885e-06 16.9655 -3.8073 -6.667e-18 -0.70000 -5.468e-02 -3.885e-06 0.5515
-0.05 -0.558585858586 0 0 2e-08 -3249270000.0 2.41166e+13 1e-08 1.233e-04 -0.2051 -3.5030 13.1667 -6.0673 -4.1848 -0.1927 -1.134e-05 -2.9586 1.6610 -3.7920 -9.701e-18 -5.0000e-02 -3.6047 -3.5970 0.5586
-0.7 -0.558585858586 0 0 2e-08 -3249270000.0 2.41166e+13 1e-08 2.650e-04 -3.807e-04 -3.4818 28.4794 -6.0307 -4.2591 -0.1886 -2.438e-05 -4.545e-06 17.0348 -3.8878 -6.780e-18 -0.70000 -5.557e-02 -4.545e-06 0.5586
-0.05 -0.565656565657 0 0 2e-08 -3249270000.0 2.41166e+13 1e-08 1.255e-04 -0.2043 -3.5030 13.1663 -6.0673 -4.2537 -0.1900 -1.155e-05 -3.1098 1.6606 -3.8748 -9.906e-18 -5.0000e-02 -3.7015 -3.6942 0.5656
-0.7 -0.565656565657 0 0 2e-08 -3249270000.0 2.41166e+13 1e-08 2.782e-04 -3.807e-04 -3.4818 28.5469 -6.0307 -4.3238 -0.1856 -2.559e-05 -5.310e-06 17.1024 -3.9621 -6.887e-18 -0.70000 -5.642e-02 -5.310e-06 0.5657
-0.05 -0.572727272727 0 0 2e-08 -3249270000.0 2.41166e+13 1e-08 1.278e-04 -0.2032 -3.5030 13.1667 -6.0673 -4.3205 -0.1870 -1.175e-05 -3.2489 1.6610 -3.9524 -1.010e-17 -5.0000e-02 -3.7929 -3.7859 0.5727
-0.7 -0.572727272727 0 0 2e-08 -3249270000.0 2.41166e+13 1e-08 2.916e-04 -3.808e-04 -3.4818 28.6103 -6.0307 -4.3873 -0.1824 -2.683e-05 -6.251e-06 17.1658 -4.0331 -6.993e-18 -0.70000 -5.725e-02 -6.251e-06 0.5728
-0.05 -0.579797979798 0 0 2e-08 -3249270000.0 2.41166e+13 1e-08 1.299e-04 -0.2017 -3.5030 13.1673 -6.0673 -4.3854 -0.1839 -1.195e-05 -3.3770 1.6616 -4.0256 -1.029e-17 -5.0000e-02 -3.8798 -3.8731 0.5799
-0.7 -0.579797979798 0 0 2e-08 -3249270000.0 2.41166e+13 1e-08 3.048e-04 -3.809e-04 -3.4818 28.6693 -6.0307 -4.4472 -0.1792 -2.804e-05 -7.347e-06 17.2248 -4.0986 -7.092e-18 -0.70000 -5.803e-02 -7.346e-06 0.5798
-0.05 -0.586868686869 0 0 2e-08 -3249270000.0 2.41166e+13 1e-08 1.318e-04 -0.1998 -3.5030 13.1664 -6.0673 -4.4469 -0.1807 -1.213e-05 -3.4926 1.6607 -4.0935 -1.047e-17 -5.0000e-02 -3.9613 -3.9549 0.5868
-0.7 -0.586868686869 0 0 2e-08 -3249270000.0 2.41166e+13 1e-08 3.182e-04 -3.810e-04 -3.4818 28.7249 -6.0307 -4.5061 -0.1758 -2.927e-05 -8.691e-06 17.2804 -4.1620 -7.190e-18 -0.70000 -5.880e-02 -8.690e-06 0.5868
-0.05 -0.593939393939 0 0 2e-08 -3249270000.0 2.41166e+13 1e-08 1.338e-04 -0.1977 -3.5030 13.1662 -6.0673 -4.5079 -0.1773 -1.231e-05 -3.6004 1.6605 -4.1595 -1.064e-17 -5.0000e-02 -4.0406 -4.0344 0.5940
-0.7 -0.593939393939 0 0 2e-08 -3249270000.0 2.41166e+13 1e-08 3.319e-04 -3.812e-04 -3.4818 28.7839 -6.0307 -4.5640 -0.1722 -3.054e-05 -1.028e-05 17.3394 -4.2236 -7.286e-18 -0.70000 -5.956e-02 -1.028e-05 0.5940
-0.05 -0.60101010101 0 0 2e-08 -3249270000.0 2.41166e+13 1e-08 1.357e-04 -0.1954 -3.5030 13.1666 -6.0673 -4.5663 -0.1738 -1.248e-05 -3.6978 1.6609 -4.2218 -1.081e-17 -5.0000e-02 -4.1152 -4.1093 0.6011
-0.7 -0.60101010101 0 0 2e-08 -3249270000.0 2.41166e+13 1e-08 3.454e-04 -3.813e-04 -3.4818 28.8349 -6.0307 -4.6192 -0.1686 -3.178e-05 -1.220e-05 17.3904 -4.2820 -7.378e-18 -0.70000 -6.028e-02 -1.220e-05 0.6010
-0.05 -0.608080808081 0 0 2e-08 -3249270000.0 2.41166e+13 1e-08 1.377e-04 -0.1929 -3.5030 13.1687 -6.0673 -4.6226 -0.1702 -1.267e-05 -3.7862 1.6630 -4.2813 -1.096e-17 -5.0000e-02 -4.1858 -4.1800 0.6081
-0.7 -0.608080808081 0 0 2e-08 -3249270000.0 2.41166e+13 1e-08 3.590e-04 -3.815e-04 -3.4818 28.8851 -6.0307 -4.6731 -0.1648 -3.303e-05 -1.450e-05 17.4406 -4.3387 -7.467e-18 -0.70000 -6.098e-02 -1.449e-05 0.6080
-0.05 -0.615151515152 0 0 2e-08 -3249270000.0 2.41166e+13 1e-08 1.393e-04 -0.1901 -3.5030 13.1671 -6.0673 -4.6783 -0.1665 -1.282e-05 -3.8709 1.6615 -4.3400 -1.112e-17 -5.0000e-02 -4.2559 -4.2504 0.6152
-0.7 -0.615151515152 0 0 2e-08 -3249270000.0 2.41166e+13 1e-08 3.732e-04 -3.818e-04 -3.4818 28.9351 -6.0307 -4.7276 -0.1609 -3.434e-05 -1.738e-05 17.4906 -4.3962 -7.558e-18 -0.70000 -6.170e-02 -1.738e-05 0.6153
-0.05 -0.622222222222 0 0 2e-08 -3249270000.0 2.41166e+13 1e-08 1.410e-04 -0.1872 -3.5030 13.1670 -6.0673 -4.7314 -0.1627 -1.297e-05 -3.9476 1.6613 -4.3959 -1.127e-17 -5.0000e-02 -4.3217 -4.3163 0.6222
-0.7 -0.622222222222 0 0 2e-08 -3249270000.0 2.41166e+13 1e-08 3.867e-04 -3.821e-04 -3.4818 28.9800 -6.0307 -4.7778 -0.1570 -3.558e-05 -2.068e-05 17.5355 -4.4493 -7.642e-18 -0.70000 -6.235e-02 -2.068e-05 0.6222
-0.05 -0.629292929293 0 0 2e-08 -3249270000.0 2.41166e+13 1e-08 1.427e-04 -0.1841 -3.5030 13.1671 -6.0673 -4.7840 -0.1588 -1.313e-05 -4.0207 1.6614 -4.4514 -1.141e-17 -5.0000e-02 -4.3862 -4.3810 0.6293
-0.7 -0.629292929293 0 0 2e-08 -3249270000.0 2.41166e+13 1e-08 4.006e-04 -3.824e-04 -3.4818 29.0252 -6.0307 -4.8281 -0.1530 -3.686e-05 -2.474e-05 17.5807 -4.5029 -7.725e-18 -0.70000 -6.302e-02 -2.474e-05 0.6293
-0.05 -0.636363636364 0 0 2e-08 -3249270000.0 2.41166e+13 1e-08 1.443e-04 -0.1809 -3.5030 13.1676 -6.0673 -4.8349 -0.1548 -1.328e-05 -4.0890 1.6619 -4.5053 -1.155e-17 -5.0000e-02 -4.4479 -4.4428 0.6363
-0.7 -0.636363636364 0 0 2e-08 -3249270000.0 2.41166e+13 1e-08 4.146e-04 -3.829e-04 -3.4818 29.0683 -6.0307 -4.8772 -0.1489 -3.814e-05 -2.966e-05 17.6238 -4.5556 -7.807e-18 -0.70000 -6.366e-02 -2.965e-05 0.6364
-0.05 -0.643434343434 0 0 2e-08 -3249270000.0 2.41166e+13 1e-08 1.459e-04 -0.1775 -3.5030 13.1673 -6.0673 -4.8856 -0.1507 -1.342e-05 -4.1555 1.6616 -4.5595 -1.169e-17 -5.0000e-02 -4.5092 -4.5042 0.6435
-0.7 -0.643434343434 0 0 2e-08 -3249270000.0 2.41166e+13 1e-08 4.286e-04 -3.834e-04 -3.4818 29.1101 -6.0307 -4.9255 -0.1447 -3.944e-05 -3.564e-05 17.6656 -4.6080 -7.887e-18 -0.70000 -6.430e-02 -3.563e-05 0.6435
-0.05 -0.650505050505 0 0 2e-08 -3249270000.0 2.41166e+13 1e-08 1.473e-04 -0.1740 -3.5030 13.1662 -6.0673 -4.9340 -0.1465 -1.356e-05 -4.2178 1.6605 -4.6117 -1.182e-17 -5.0000e-02 -4.5674 -4.5625 0.6505
-0.7 -0.650505050505 0 0 2e-08 -3249270000.0 2.41166e+13 1e-08 4.426e-04 -3.840e-04 -3.4818 29.1506 -6.0307 -4.9722 -0.1404 -4.072e-05 -4.278e-05 17.7060 -4.6592 -7.965e-18 -0.70000 -6.491e-02 -4.277e-05 0.6505
-0.05 -0.657575757576 0 0 2e-08 -3249270000.0 2.41166e+13 1e-08 1.490e-04 -0.1704 -3.5030 13.1676 -6.0673 -4.9815 -0.1423 -1.370e-05 -4.2774 1.6619 -4.6635 -1.195e-17 -5.0000e-02 -4.6236 -4.6189 0.6576
-0.7 -0.657575757576 0 0 2e-08 -3249270000.0 2.41166e+13 1e-08 4.567e-04 -3.848e-04 -3.4818 29.1883 -6.0307 -5.0182 -0.1361 -4.202e-05 -5.154e-05 17.7438 -4.7103 -8.042e-18 -0.70000 -6.552e-02 -5.154e-05 0.6576
-0.05 -0.664646464646 0 0 2e-08 -3249270000.0 2.41166e+13 1e-08 1.504e-04 -0.1667 -3.5030 13.1672 -6.0673 -5.0283 -0.1380 -1.384e-05 -4.3359 1.6615 -4.7152 -1.208e-17 -5.0000e-02 -4.6790 -4.6744 0.6646
-0.7 -0.664646464646 0 0 2e-08 -3249270000.0 2.41166e+13 1e-08 4.709e-04 -3.857e-04 -3.4818 29.2273 -6.0307 -5.0632 -0.1317 -4.333e-05 -6.205e-05 17.7828 -4.7611 -8.117e-18 -0.70000 -6.612e-02 -6.204e-05 0.6646
-0.05 -0.671717171717 0 0 2e-08 -3249270000.0 2.41166e+13 1e-08 1.518e-04 -0.1629 -3.5030 13.1672 -6.0673 -5.0741 -0.1337 -1.397e-05 -4.3926 1.6616 -4.7664 -1.220e-17 -5.0000e-02 -4.7328 -4.7283 0.6717
-0.7 -0.671717171717 0 0 2e-08 -3249270000.0 2.41166e+13 1e-08 4.852e-04 -3.869e-04 -3.4818 29.2640 -6.0307 -5.1074 -0.1273 -4.463e-05 -7.485e-05 17.8195 -4.8115 -8.190e-18 -0.70000 -6.671e-02 -7.483e-05 0.6717
-0.05 -0.678787878788 0 0 2e-08 -3249270000.0 2.41166e+13 1e-08 1.533e-04 -0.1590 -3.5030 13.1680 -6.0673 -5.1189 -0.1293 -1.410e-05 -4.4478 1.6623 -4.8173 -1.232e-17 -5.0000e-02 -4.7850 -4.7806 0.6788
-0.7 -0.678787878788 0 0 2e-08 -3249270000.0 2.41166e+13 1e-08 4.998e-04 -3.883e-04 -3.4818 29.3002 -6.0307 -5.1519 -0.1227 -4.598e-05 -9.090e-05 17.8557 -4.8632 -8.265e-18 -0.70000 -6.731e-02 -9.087e-05 0.6790
-0.05 -0.685858585859 0 0 2e-08 -3249270000.0 2.41166e+13 1e-08 1.547e-04 -0.1550 -3.5030 13.1676 -6.0673 -5.1628 -0.1248 -1.423e-05 -4.5021 1.6619 -4.8679 -1.244e-17 -5.0000e-02 -4.8362 -4.8318 0.6858
-0.7 -0.685858585859 0 0 2e-08 -3249270000.0 2.41166e+13 1e-08 5.136e-04 -3.899e-04 -3.4818 29.3302 -6.0307 -5.1927 -0.1183 -4.725e-05 -1.094e-04 17.8856 -4.9112 -8.333e-18 -0.70000 -6.786e-02 -1.094e-04 0.6858
-0.05 -0.692929292929 0 0 2e-08 -3249270000.0 2.41166e+13 1e-08 1.555e-04 -0.1510 -3.5030 13.1629 -6.0673 -5.2050 -0.1204 -1.431e-05 -4.5553 1.6572 -4.9172 -1.256e-17 -5.0000e-02 -4.8859 -4.8817 0.6927
-0.7 -0.692929292929 0 0 2e-08 -3249270000.0 2.41166e+13 1e-08 5.280e-04 -3.920e-04 -3.4818 29.3636 -6.0307 -5.2347 -0.1137 -4.858e-05 -1.326e-04 17.9191 -4.9614 -8.403e-18 -0.70000 -6.843e-02 -1.325e-04 0.6929
-0.05 -0.7 0 0 2e-08 -3249270000.0 2.41166e+13 1e-08 1.573e-04 -0.1468 -3.5030 13.1669 -6.0673 -5.2485 -0.1157 -1.447e-05 -4.6085 1.6612 -4.9688 -1.267e-17 -5.0000e-02 -4.9352 -4.9310 0.7000
-0.7 -0.7 0 0 2e-08 -3249270000.0 2.41166e+13 1e-08 5.422e-04 -3.944e-04 -3.4818 29.3982 -6.0307 -5.2749 -0.1091 -4.988e-05 -1.596e-04 17.9537 -5.0102 -8.470e-18 -0.70000 -6.898e-02 -1.595e-04 0.6998
