vd vg vs vb l alpha1_p alpha11_p t_fe idsperum vfed qmfe2 vgn1 qmfe1 qms vfes ids qmsguessd vgn2 qmsguesss qgi sweepvar qm qmd vgs
0.4 0.0 0 0 2e-08 -3249270000.0 2.41166e+13 1e-08 1.905e-11 -3.803e-04 -3.4565 20.1390 -5.9869 -8.042e-07 -3.803e-04 1.752e-12 -2.292e-10 7.7055 -8.042e-07 2.757e-23 0.40000 -1.072e-08 -2.292e-10 -7.301e-06
0.4 0.00707070707071 0 0 2e-08 -3249270000.0 2.41166e+13 1e-08 2.457e-11 -3.803e-04 -3.4565 20.1393 -5.9869 -1.037e-06 -3.804e-04 2.260e-12 -2.955e-10 7.7058 -1.037e-06 2.810e-23 0.40000 -1.382e-08 -2.955e-10 7.060e-03
0.4 0.0141414141414 0 0 2e-08 -3249270000.0 2.41166e+13 1e-08 3.169e-11 -3.803e-04 -3.4565 20.1390 -5.9869 -1.338e-06 -3.804e-04 2.916e-12 -3.814e-10 7.7055 -1.338e-06 2.872e-23 0.40000 -1.783e-08 -3.814e-10 1.414e-02
0.4 0.0212121212121 0 0 2e-08 -3249270000.0 2.41166e+13 1e-08 4.087e-11 -3.803e-04 -3.4565 20.1390 -5.9869 -1.726e-06 -3.804e-04 3.760e-12 -4.919e-10 7.7055 -1.726e-06 2.944e-23 0.40000 -2.300e-08 -4.919e-10 2.121e-02
0.4 0.0282828282828 0 0 2e-08 -3249270000.0 2.41166e+13 1e-08 5.281e-11 -3.803e-04 -3.4565 20.1389 -5.9869 -2.230e-06 -3.805e-04 4.859e-12 -6.356e-10 7.7054 -2.230e-06 3.031e-23 0.40000 -2.972e-08 -6.356e-10 2.833e-02
0.4 0.0353535353535 0 0 2e-08 -3249270000.0 2.41166e+13 1e-08 6.802e-11 -3.803e-04 -3.4565 20.1389 -5.9869 -2.872e-06 -3.805e-04 6.257e-12 -8.186e-10 7.7054 -2.872e-06 3.134e-23 0.40000 -3.827e-08 -8.186e-10 3.536e-02
0.4 0.0424242424242 0 0 2e-08 -3249270000.0 2.41166e+13 1e-08 8.778e-11 -3.803e-04 -3.4565 20.1390 -5.9869 -3.706e-06 -3.806e-04 8.076e-12 -1.056e-09 7.7055 -3.706e-06 3.262e-23 0.40000 -4.939e-08 -1.056e-09 4.245e-02
0.4 0.0494949494949 0 0 2e-08 -3249270000.0 2.41166e+13 1e-08 1.131e-10 -3.803e-04 -3.4565 20.1401 -5.9869 -4.774e-06 -3.807e-04 1.041e-11 -1.359e-09 7.7066 -4.775e-06 3.420e-23 0.40000 -6.363e-08 -1.359e-09 4.949e-02
0.4 0.0565656565657 0 0 2e-08 -3249270000.0 2.41166e+13 1e-08 1.458e-10 -3.803e-04 -3.4565 20.1390 -5.9869 -6.158e-06 -3.808e-04 1.342e-11 -1.755e-09 7.7055 -6.158e-06 3.616e-23 0.40000 -8.207e-08 -1.755e-09 5.656e-02
0.4 0.0636363636364 0 0 2e-08 -3249270000.0 2.41166e+13 1e-08 1.881e-10 -3.803e-04 -3.4565 20.1390 -5.9869 -7.942e-06 -3.810e-04 1.731e-11 -2.264e-09 7.7055 -7.942e-06 3.864e-23 0.40000 -1.058e-07 -2.264e-09 6.364e-02
0.4 0.0707070707071 0 0 2e-08 -3249270000.0 2.41166e+13 1e-08 2.429e-10 -3.803e-04 -3.4565 20.1386 -5.9869 -1.025e-05 -3.812e-04 2.235e-11 -2.924e-09 7.7051 -1.026e-05 4.177e-23 0.40000 -1.367e-07 -2.924e-09 7.074e-02
0.4 0.0777777777778 0 0 2e-08 -3249270000.0 2.41166e+13 1e-08 3.105e-10 -3.803e-04 -3.4565 20.1376 -5.9869 -1.311e-05 -3.814e-04 2.857e-11 -3.743e-09 7.7041 -1.311e-05 4.560e-23 0.40000 -1.748e-07 -3.743e-09 7.757e-02
0.4 0.0848484848485 0 0 2e-08 -3249270000.0 2.41166e+13 1e-08 4.044e-10 -3.803e-04 -3.4565 20.1389 -5.9869 -1.707e-05 -3.818e-04 3.720e-11 -4.867e-09 7.7054 -1.707e-05 5.081e-23 0.40000 -2.275e-07 -4.867e-09 8.490e-02
0.4 0.0919191919192 0 0 2e-08 -3249270000.0 2.41166e+13 1e-08 5.203e-10 -3.803e-04 -3.4565 20.1390 -5.9869 -2.197e-05 -3.822e-04 4.787e-11 -6.262e-09 7.7055 -2.197e-05 5.720e-23 0.40000 -2.928e-07 -6.262e-09 9.191e-02
0.4 0.0989898989899 0 0 2e-08 -3249270000.0 2.41166e+13 1e-08 6.705e-10 -3.803e-04 -3.4565 20.1393 -5.9869 -2.830e-05 -3.828e-04 6.168e-11 -8.066e-09 7.7058 -2.831e-05 6.541e-23 0.40000 -3.772e-07 -8.066e-09 9.896e-02
0.4 0.106060606061 0 0 2e-08 -3249270000.0 2.41166e+13 1e-08 8.669e-10 -3.803e-04 -3.4565 20.1390 -5.9869 -3.660e-05 -3.835e-04 7.976e-11 -1.043e-08 7.7055 -3.660e-05 7.608e-23 0.40000 -4.878e-07 -1.043e-08 0.1061
0.4 0.113131313131 0 0 2e-08 -3249270000.0 2.41166e+13 1e-08 1.115e-09 -3.803e-04 -3.4565 20.1392 -5.9869 -4.707e-05 -3.845e-04 1.026e-10 -1.342e-08 7.7057 -4.708e-05 8.950e-23 0.40000 -6.273e-07 -1.342e-08 0.1131
0.4 0.120202020202 0 0 2e-08 -3249270000.0 2.41166e+13 1e-08 1.440e-09 -3.803e-04 -3.4565 20.1391 -5.9869 -6.078e-05 -3.857e-04 1.325e-10 -1.733e-08 7.7056 -6.080e-05 1.070e-22 0.40000 -8.101e-07 -1.733e-08 0.1202
0.4 0.127272727273 0 0 2e-08 -3249270000.0 2.41166e+13 1e-08 1.857e-09 -3.803e-04 -3.4565 20.1394 -5.9869 -7.837e-05 -3.872e-04 1.708e-10 -2.234e-08 7.7059 -7.839e-05 1.294e-22 0.40000 -1.044e-06 -2.234e-08 0.1273
0.4 0.134343434343 0 0 2e-08 -3249270000.0 2.41166e+13 1e-08 2.397e-09 -3.803e-04 -3.4565 20.1390 -5.9869 -1.012e-04 -3.893e-04 2.205e-10 -2.885e-08 7.7055 -1.012e-04 1.584e-22 0.40000 -1.348e-06 -2.885e-08 0.1344
0.4 0.141414141414 0 0 2e-08 -3249270000.0 2.41166e+13 1e-08 3.080e-09 -3.803e-04 -3.4565 20.1382 -5.9869 -1.300e-04 -3.918e-04 2.834e-10 -3.711e-08 7.7047 -1.301e-04 1.950e-22 0.40000 -1.733e-06 -3.711e-08 0.1413
0.4 0.148484848485 0 0 2e-08 -3249270000.0 2.41166e+13 1e-08 3.982e-09 -3.803e-04 -3.4565 20.1385 -5.9869 -1.681e-04 -3.952e-04 3.663e-10 -4.796e-08 7.7050 -1.682e-04 2.432e-22 0.40000 -2.240e-06 -4.796e-08 0.1485
0.4 0.155555555556 0 0 2e-08 -3249270000.0 2.41166e+13 1e-08 5.136e-09 -3.803e-04 -3.4565 20.1395 -5.9869 -2.168e-04 -3.996e-04 4.726e-10 -6.181e-08 7.7060 -2.169e-04 3.048e-22 0.40000 -2.889e-06 -6.181e-08 0.1556
0.4 0.162626262626 0 0 2e-08 -3249270000.0 2.41166e+13 1e-08 6.617e-09 -3.803e-04 -3.4565 20.1397 -5.9869 -2.792e-04 -4.051e-04 6.088e-10 -7.963e-08 7.7062 -2.795e-04 3.838e-22 0.40000 -3.721e-06 -7.963e-08 0.1626
0.4 0.169696969697 0 0 2e-08 -3249270000.0 2.41166e+13 1e-08 8.535e-09 -3.803e-04 -3.4565 20.1399 -5.9869 -3.601e-04 -4.123e-04 7.852e-10 -1.027e-07 7.7063 -3.606e-04 4.861e-22 0.40000 -4.799e-06 -1.027e-07 0.1697
0.4 0.176767676768 0 0 2e-08 -3249270000.0 2.41166e+13 1e-08 1.101e-08 -3.803e-04 -3.4565 20.1401 -5.9869 -4.645e-04 -4.216e-04 1.013e-09 -1.325e-07 7.7066 -4.653e-04 6.181e-22 0.40000 -6.191e-06 -1.325e-07 0.1768
0.4 0.183838383838 0 0 2e-08 -3249270000.0 2.41166e+13 1e-08 1.420e-08 -3.803e-04 -3.4565 20.1405 -5.9869 -5.987e-04 -4.336e-04 1.306e-09 -1.709e-07 7.7070 -6.001e-04 7.877e-22 0.40000 -7.980e-06 -1.709e-07 0.1838
0.4 0.190909090909 0 0 2e-08 -3249270000.0 2.41166e+13 1e-08 1.831e-08 -3.803e-04 -3.4565 20.1409 -5.9869 -7.716e-04 -4.490e-04 1.684e-09 -2.203e-07 7.7074 -7.739e-04 1.006e-21 0.40000 -1.028e-05 -2.203e-07 0.1909
0.4 0.19797979798 0 0 2e-08 -3249270000.0 2.41166e+13 1e-08 2.358e-08 -3.803e-04 -3.4565 20.1415 -5.9869 -9.936e-04 -4.688e-04 2.170e-09 -2.837e-07 7.7080 -9.973e-04 1.286e-21 0.40000 -1.324e-05 -2.837e-07 0.1980
0.4 0.205050505051 0 0 2e-08 -3249270000.0 2.41166e+13 1e-08 3.042e-08 -3.803e-04 -3.4565 20.1422 -5.9869 -1.281e-03 -4.944e-04 2.798e-09 -3.659e-07 7.7087 -1.287e-03 1.649e-21 0.40000 -1.707e-05 -3.659e-07 0.2050
0.4 0.212121212121 0 0 2e-08 -3249270000.0 2.41166e+13 1e-08 3.920e-08 -3.803e-04 -3.4565 20.1431 -5.9869 -1.649e-03 -5.272e-04 3.607e-09 -4.714e-07 7.7096 -1.659e-03 2.115e-21 0.40000 -2.199e-05 -4.714e-07 0.2121
0.4 0.219191919192 0 0 2e-08 -3249270000.0 2.41166e+13 1e-08 5.052e-08 -3.803e-04 -3.4565 20.1443 -5.9869 -2.124e-03 -5.695e-04 4.648e-09 -6.073e-07 7.7108 -2.140e-03 2.714e-21 0.40000 -2.831e-05 -6.073e-07 0.2192
0.4 0.226262626263 0 0 2e-08 -3249270000.0 2.41166e+13 1e-08 6.508e-08 -3.803e-04 -3.4565 20.1459 -5.9869 -2.733e-03 -6.237e-04 5.987e-09 -7.821e-07 7.7123 -2.759e-03 3.484e-21 0.40000 -3.643e-05 -7.821e-07 0.2263
0.4 0.233333333333 0 0 2e-08 -3249270000.0 2.41166e+13 1e-08 8.387e-08 -3.804e-04 -3.4565 20.1476 -5.9869 -3.518e-03 -6.936e-04 7.716e-09 -1.008e-06 7.7141 -3.560e-03 4.476e-21 0.40000 -4.689e-05 -1.008e-06 0.2334
0.4 0.240404040404 0 0 2e-08 -3249270000.0 2.41166e+13 1e-08 1.079e-07 -3.804e-04 -3.4565 20.1504 -5.9869 -4.517e-03 -7.827e-04 9.926e-09 -1.295e-06 7.7168 -4.585e-03 5.742e-21 0.40000 -6.022e-05 -1.295e-06 0.2404
0.4 0.247474747475 0 0 2e-08 -3249270000.0 2.41166e+13 1e-08 1.389e-07 -3.804e-04 -3.4565 20.1536 -5.9869 -5.806e-03 -8.975e-04 1.278e-08 -1.665e-06 7.7201 -5.912e-03 7.373e-21 0.40000 -7.739e-05 -1.665e-06 0.2475
0.4 0.254545454545 0 0 2e-08 -3249270000.0 2.41166e+13 1e-08 1.787e-07 -3.805e-04 -3.4565 20.1577 -5.9869 -7.453e-03 -1.044e-03 1.644e-08 -2.139e-06 7.7242 -7.620e-03 9.460e-21 0.40000 -9.935e-05 -2.139e-06 0.2546
0.4 0.261616161616 0 0 2e-08 -3249270000.0 2.41166e+13 1e-08 2.298e-07 -3.805e-04 -3.4565 20.1630 -5.9869 -9.557e-03 -1.232e-03 2.114e-08 -2.743e-06 7.7295 -9.817e-03 1.213e-20 0.40000 -1.274e-04 -2.743e-06 0.2616
0.4 0.268686868687 0 0 2e-08 -3249270000.0 2.41166e+13 1e-08 2.953e-07 -3.806e-04 -3.4565 20.1695 -5.9869 -1.225e-02 -1.471e-03 2.717e-08 -3.516e-06 7.7360 -1.265e-02 1.555e-20 0.40000 -1.633e-04 -3.516e-06 0.2687
0.4 0.275757575758 0 0 2e-08 -3249270000.0 2.41166e+13 1e-08 3.785e-07 -3.807e-04 -3.4565 20.1775 -5.9869 -1.565e-02 -1.774e-03 3.482e-08 -4.488e-06 7.7440 -1.625e-02 1.987e-20 0.40000 -2.085e-04 -4.488e-06 0.2757
0.4 0.282828282828 0 0 2e-08 -3249270000.0 2.41166e+13 1e-08 4.868e-07 -3.808e-04 -3.4565 20.1893 -5.9869 -2.005e-02 -2.166e-03 4.479e-08 -5.731e-06 7.7558 -2.096e-02 2.549e-20 0.40000 -2.672e-04 -5.731e-06 0.2828
0.4 0.289898989899 0 0 2e-08 -3249270000.0 2.41166e+13 1e-08 6.247e-07 -3.809e-04 -3.4565 20.2032 -5.9869 -2.562e-02 -2.662e-03 5.747e-08 -7.292e-06 7.7696 -2.698e-02 3.262e-20 0.40000 -3.414e-04 -7.292e-06 0.2899
0.4 0.29696969697 0 0 2e-08 -3249270000.0 2.41166e+13 1e-08 8.010e-07 -3.811e-04 -3.4565 20.2207 -5.9869 -3.269e-02 -3.293e-03 7.369e-08 -9.241e-06 7.7872 -3.470e-02 4.172e-20 0.40000 -4.357e-04 -9.240e-06 0.2970
0.4 0.30404040404 0 0 2e-08 -3249270000.0 2.41166e+13 1e-08 1.024e-06 -3.813e-04 -3.4565 20.2434 -5.9869 -4.161e-02 -4.087e-03 9.425e-08 -1.163e-05 7.8099 -4.449e-02 5.322e-20 0.40000 -5.543e-04 -1.162e-05 0.3040
0.4 0.311111111111 0 0 2e-08 -3249270000.0 2.41166e+13 1e-08 1.314e-06 -3.816e-04 -3.4565 20.2706 -5.9869 -5.310e-02 -5.110e-03 1.209e-07 -1.462e-05 7.8371 -5.722e-02 6.815e-20 0.40000 -7.072e-04 -1.462e-05 0.3111
0.4 0.318181818182 0 0 2e-08 -3249270000.0 2.41166e+13 1e-08 1.686e-06 -3.819e-04 -3.4565 20.3067 -5.9869 -6.773e-02 -6.414e-03 1.551e-07 -1.821e-05 7.8732 -7.349e-02 8.729e-20 0.40000 -9.017e-04 -1.821e-05 0.3182
0.4 0.325252525253 0 0 2e-08 -3249270000.0 2.41166e+13 1e-08 2.156e-06 -3.823e-04 -3.4565 20.3514 -5.9869 -8.615e-02 -8.054e-03 1.984e-07 -2.244e-05 7.9179 -9.397e-02 1.116e-19 0.40000 -1.146e-03 -2.243e-05 0.3253
0.4 0.332323232323 0 0 2e-08 -3249270000.0 2.41166e+13 1e-08 2.766e-06 -3.827e-04 -3.4565 20.4089 -5.9869 -0.1099 -1.017e-02 2.545e-07 -2.736e-05 7.9754 -0.1203 1.433e-19 0.40000 -1.461e-03 -2.735e-05 0.3324
0.4 0.339393939394 0 0 2e-08 -3249270000.0 2.41166e+13 1e-08 3.533e-06 -3.832e-04 -3.4565 20.4779 -5.9869 -0.1397 -1.282e-02 3.251e-07 -3.280e-05 8.0443 -0.1527 1.835e-19 0.40000 -1.855e-03 -3.280e-05 0.3393
0.4 0.346464646465 0 0 2e-08 -3249270000.0 2.41166e+13 1e-08 4.556e-06 -3.837e-04 -3.4565 20.5708 -5.9869 -0.1794 -1.635e-02 4.192e-07 -3.870e-05 8.1373 -0.1949 2.379e-19 0.40000 -2.379e-03 -3.869e-05 0.3465
0.4 0.353535353535 0 0 2e-08 -3249270000.0 2.41166e+13 1e-08 5.867e-06 -3.842e-04 -3.4565 20.6867 -5.9869 -0.2306 -2.089e-02 5.398e-07 -4.441e-05 8.2532 -0.2466 3.090e-19 0.40000 -3.052e-03 -4.440e-05 0.3535
0.4 0.360606060606 0 0 2e-08 -3249270000.0 2.41166e+13 1e-08 7.601e-06 -3.846e-04 -3.4565 20.8367 -5.9869 -0.2989 -2.694e-02 6.992e-07 -4.927e-05 8.4032 -0.3109 4.060e-19 0.40000 -3.948e-03 -4.926e-05 0.3606
0.4 0.367676767677 0 0 2e-08 -3249270000.0 2.41166e+13 1e-08 9.946e-06 -3.849e-04 -3.4565 21.0352 -5.9869 -0.3934 -3.528e-02 9.150e-07 -5.214e-05 8.6017 -0.3901 5.430e-19 0.40000 -5.185e-03 -5.213e-05 0.3677
0.4 0.374747474747 0 0 2e-08 -3249270000.0 2.41166e+13 1e-08 1.322e-05 -3.848e-04 -3.4565 21.3091 -5.9869 -0.5311 -4.731e-02 1.216e-06 -5.110e-05 8.8756 -0.4859 7.474e-19 0.40000 -6.979e-03 -5.109e-05 0.3747
0.4 0.381818181818 0 0 2e-08 -3249270000.0 2.41166e+13 1e-08 1.816e-05 -3.842e-04 -3.4565 21.7176 -5.9869 -0.7566 -6.669e-02 1.671e-06 -4.378e-05 9.2840 -0.6007 1.091e-18 0.40000 -9.914e-03 -4.378e-05 0.3818
0.4 0.388888888889 0 0 2e-08 -3249270000.0 2.41166e+13 1e-08 2.704e-05 -3.827e-04 -3.4565 22.4314 -5.9869 -1.2228 -0.1047 2.487e-06 -2.767e-05 9.9978 -0.7367 1.825e-18 0.40000 -1.598e-02 -2.767e-05 0.3889
0.4 0.39595959596 0 0 2e-08 -3249270000.0 2.41166e+13 1e-08 4.206e-05 -3.816e-04 -3.4565 23.2818 -5.9869 -1.9578 -0.1560 3.870e-06 -1.525e-05 10.8483 -0.8938 3.015e-18 0.40000 -2.556e-02 -1.525e-05 0.3960
0.4 0.40303030303 0 0 2e-08 -3249270000.0 2.41166e+13 1e-08 5.609e-05 -3.815e-04 -3.4565 23.6571 -5.9869 -2.3766 -0.1786 5.160e-06 -1.351e-05 11.2236 -1.0716 3.702e-18 0.40000 -3.102e-02 -1.350e-05 0.4030
0.4 0.410101010101 0 0 2e-08 -3249270000.0 2.41166e+13 1e-08 6.936e-05 -3.815e-04 -3.4565 23.8628 -5.9869 -2.6457 -0.1898 6.382e-06 -1.419e-05 11.4293 -1.2694 4.146e-18 0.40000 -3.453e-02 -1.419e-05 0.4101
0.4 0.417171717172 0 0 2e-08 -3249270000.0 2.41166e+13 1e-08 8.297e-05 -3.817e-04 -3.4565 24.0074 -5.9869 -2.8567 -0.1967 7.633e-06 -1.574e-05 11.5738 -1.4775 4.495e-18 0.40000 -3.729e-02 -1.574e-05 0.4170
0.4 0.424242424242 0 0 2e-08 -3249270000.0 2.41166e+13 1e-08 9.812e-05 -3.819e-04 -3.4565 24.1340 -5.9869 -3.0463 -0.2012 9.027e-06 -1.791e-05 11.7005 -1.7037 4.809e-18 0.40000 -3.976e-02 -1.791e-05 0.4241
0.4 0.431313131313 0 0 2e-08 -3249270000.0 2.41166e+13 1e-08 1.153e-04 -3.821e-04 -3.4565 24.2390 -5.9869 -3.2250 -0.2040 1.061e-05 -2.088e-05 11.8055 -1.9384 5.106e-18 0.40000 -4.210e-02 -2.088e-05 0.4313
0.4 0.438383838384 0 0 2e-08 -3249270000.0 2.41166e+13 1e-08 1.297e-04 -3.825e-04 -3.4565 24.3125 -5.9869 -3.3543 -0.2051 1.194e-05 -2.507e-05 11.8790 -2.1709 5.321e-18 0.40000 -4.379e-02 -2.507e-05 0.4384
0.4 0.445454545455 0 0 2e-08 -3249270000.0 2.41166e+13 1e-08 1.428e-04 -3.830e-04 -3.4565 24.3687 -5.9869 -3.4596 -0.2053 1.314e-05 -3.053e-05 11.9351 -2.3953 5.496e-18 0.40000 -4.517e-02 -3.052e-05 0.4455
0.4 0.452525252525 0 0 2e-08 -3249270000.0 2.41166e+13 1e-08 1.575e-04 -3.836e-04 -3.4565 24.4255 -5.9869 -3.5667 -0.2050 1.449e-05 -3.730e-05 11.9919 -2.6129 5.675e-18 0.40000 -4.657e-02 -3.730e-05 0.4526
0.4 0.459595959596 0 0 2e-08 -3249270000.0 2.41166e+13 1e-08 1.724e-04 -3.843e-04 -3.4565 24.4739 -5.9869 -3.6665 -0.2041 1.586e-05 -4.562e-05 12.0403 -2.8108 5.841e-18 0.40000 -4.788e-02 -4.561e-05 0.4595
0.4 0.466666666667 0 0 2e-08 -3249270000.0 2.41166e+13 1e-08 1.881e-04 -3.853e-04 -3.4565 24.5203 -5.9869 -3.7631 -0.2027 1.731e-05 -5.627e-05 12.0868 -2.9983 6.002e-18 0.40000 -4.915e-02 -5.626e-05 0.4667
0.4 0.473737373737 0 0 2e-08 -3249270000.0 2.41166e+13 1e-08 2.040e-04 -3.865e-04 -3.4565 24.5623 -5.9869 -3.8534 -0.2010 1.877e-05 -6.959e-05 12.1287 -3.1677 6.153e-18 0.40000 -5.034e-02 -6.958e-05 0.4737
0.4 0.480808080808 0 0 2e-08 -3249270000.0 2.41166e+13 1e-08 2.200e-04 -3.879e-04 -3.4565 24.6011 -5.9869 -3.9386 -0.1989 2.024e-05 -8.629e-05 12.1675 -3.3205 6.295e-18 0.40000 -5.147e-02 -8.626e-05 0.4808
0.4 0.487878787879 0 0 2e-08 -3249270000.0 2.41166e+13 1e-08 2.362e-04 -3.898e-04 -3.4565 24.6342 -5.9869 -4.0195 -0.1966 2.173e-05 -1.076e-04 12.2006 -3.4579 6.430e-18 0.40000 -5.255e-02 -1.076e-04 0.4879
0.4 0.494949494949 0 0 2e-08 -3249270000.0 2.41166e+13 1e-08 2.528e-04 -3.922e-04 -3.4565 24.6687 -5.9869 -4.0973 -0.1939 2.325e-05 -1.344e-04 12.2352 -3.5825 6.560e-18 0.40000 -5.359e-02 -1.343e-04 0.4950
0.4 0.50202020202 0 0 2e-08 -3249270000.0 2.41166e+13 1e-08 2.693e-04 -3.952e-04 -3.4565 24.6992 -5.9869 -4.1707 -0.1911 2.477e-05 -1.679e-04 12.2657 -3.6933 6.683e-18 0.40000 -5.458e-02 -1.678e-04 0.5020
0.4 0.509090909091 0 0 2e-08 -3249270000.0 2.41166e+13 1e-08 2.858e-04 -3.990e-04 -3.4565 24.7271 -5.9869 -4.2407 -0.1881 2.630e-05 -2.100e-04 12.2936 -3.7928 6.800e-18 0.40000 -5.553e-02 -2.099e-04 0.5090
0.4 0.516161616162 0 0 2e-08 -3249270000.0 2.41166e+13 1e-08 3.026e-04 -4.037e-04 -3.4565 24.7543 -5.9869 -4.3079 -0.1849 2.784e-05 -2.630e-04 12.3207 -3.8834 6.912e-18 0.40000 -5.646e-02 -2.627e-04 0.5160
0.4 0.523232323232 0 0 2e-08 -3249270000.0 2.41166e+13 1e-08 3.201e-04 -4.099e-04 -3.4565 24.7792 -5.9869 -4.3751 -0.1814 2.945e-05 -3.332e-04 12.3457 -3.9696 7.025e-18 0.40000 -5.741e-02 -3.328e-04 0.5233
0.4 0.530303030303 0 0 2e-08 -3249270000.0 2.41166e+13 1e-08 3.371e-04 -4.175e-04 -3.4565 24.8031 -5.9869 -4.4376 -0.1779 3.101e-05 -4.187e-04 12.3696 -4.0463 7.130e-18 0.40000 -5.831e-02 -4.180e-04 0.5303
0.4 0.537373737374 0 0 2e-08 -3249270000.0 2.41166e+13 1e-08 3.543e-04 -4.272e-04 -3.4565 24.8259 -5.9869 -4.4985 -0.1742 3.260e-05 -5.277e-04 12.3924 -4.1185 7.232e-18 0.40000 -5.921e-02 -5.266e-04 0.5374
0.4 0.544444444444 0 0 2e-08 -3249270000.0 2.41166e+13 1e-08 3.716e-04 -4.392e-04 -3.4565 24.8491 -5.9869 -4.5568 -0.1705 3.418e-05 -6.630e-04 12.4156 -4.1858 7.329e-18 0.40000 -6.010e-02 -6.614e-04 0.5444
0.4 0.551515151515 0 0 2e-08 -3249270000.0 2.41166e+13 1e-08 3.893e-04 -4.551e-04 -3.4565 24.8670 -5.9869 -4.6147 -0.1666 3.581e-05 -8.424e-04 12.4335 -4.2511 7.426e-18 0.40000 -6.104e-02 -8.397e-04 0.5515
0.4 0.558585858586 0 0 2e-08 -3249270000.0 2.41166e+13 1e-08 4.070e-04 -4.744e-04 -3.4565 24.8912 -5.9869 -4.6704 -0.1626 3.744e-05 -1.061e-03 12.4577 -4.3131 7.520e-18 0.40000 -6.198e-02 -1.057e-03 0.5586
0.4 0.565656565657 0 0 2e-08 -3249270000.0 2.41166e+13 1e-08 4.244e-04 -4.998e-04 -3.4565 24.9012 -5.9869 -4.7235 -0.1585 3.904e-05 -1.349e-03 12.4677 -4.3717 7.609e-18 0.40000 -6.295e-02 -1.342e-03 0.5656
0.4 0.572727272727 0 0 2e-08 -3249270000.0 2.41166e+13 1e-08 4.424e-04 -5.313e-04 -3.4565 24.9228 -5.9869 -4.7765 -0.1543 4.070e-05 -1.705e-03 12.4893 -4.4300 7.698e-18 0.40000 -6.399e-02 -1.695e-03 0.5727
0.4 0.579797979798 0 0 2e-08 -3249270000.0 2.41166e+13 1e-08 4.605e-04 -5.720e-04 -3.4565 24.9382 -5.9869 -4.8281 -0.1500 4.236e-05 -2.169e-03 12.5047 -4.4867 7.785e-18 0.40000 -6.511e-02 -2.153e-03 0.5798
0.4 0.586868686869 0 0 2e-08 -3249270000.0 2.41166e+13 1e-08 4.785e-04 -6.228e-04 -3.4565 24.9552 -5.9869 -4.8779 -0.1457 4.402e-05 -2.749e-03 12.5216 -4.5419 7.868e-18 0.40000 -6.633e-02 -2.723e-03 0.5869
0.4 0.593939393939 0 0 2e-08 -3249270000.0 2.41166e+13 1e-08 4.966e-04 -6.871e-04 -3.4565 24.9711 -5.9869 -4.9266 -0.1413 4.569e-05 -3.485e-03 12.5376 -4.5961 7.950e-18 0.40000 -6.767e-02 -3.444e-03 0.5939
0.4 0.60101010101 0 0 2e-08 -3249270000.0 2.41166e+13 1e-08 5.150e-04 -7.701e-04 -3.4565 24.9846 -5.9869 -4.9745 -0.1368 4.738e-05 -4.439e-03 12.5511 -4.6501 8.031e-18 0.40000 -6.922e-02 -4.376e-03 0.6010
0.4 0.608080808081 0 0 2e-08 -3249270000.0 2.41166e+13 1e-08 5.333e-04 -8.735e-04 -3.4565 25.0000 -5.9869 -5.0211 -0.1323 4.906e-05 -5.634e-03 12.5665 -4.7032 8.109e-18 0.40000 -7.097e-02 -5.536e-03 0.6081
0.4 0.615151515152 0 0 2e-08 -3249270000.0 2.41166e+13 1e-08 5.517e-04 -1.005e-03 -3.4565 25.0137 -5.9869 -5.0666 -0.1277 5.076e-05 -7.160e-03 12.5802 -4.7558 8.186e-18 0.40000 -7.302e-02 -7.011e-03 0.6151
0.4 0.622222222222 0 0 2e-08 -3249270000.0 2.41166e+13 1e-08 5.703e-04 -1.171e-03 -3.4565 25.0267 -5.9869 -5.1112 -0.1230 5.246e-05 -9.106e-03 12.5932 -4.8080 8.262e-18 0.40000 -7.545e-02 -8.878e-03 0.6222
0.4 0.629292929293 0 0 2e-08 -3249270000.0 2.41166e+13 1e-08 5.883e-04 -1.376e-03 -3.4565 25.0362 -5.9869 -5.1535 -0.1185 5.412e-05 -1.152e-02 12.6026 -4.8583 8.333e-18 0.40000 -7.827e-02 -1.118e-02 0.6290
0.4 0.636363636364 0 0 2e-08 -3249270000.0 2.41166e+13 1e-08 6.075e-04 -1.642e-03 -3.4565 25.0532 -5.9869 -5.1974 -0.1136 5.589e-05 -1.468e-02 12.6196 -4.9113 8.408e-18 0.40000 -8.179e-02 -1.416e-02 0.6363
0.4 0.643434343434 0 0 2e-08 -3249270000.0 2.41166e+13 1e-08 6.266e-04 -1.982e-03 -3.4565 25.0647 -5.9869 -5.2401 -0.1087 5.765e-05 -1.875e-02 12.6312 -4.9637 8.480e-18 0.40000 -8.611e-02 -1.798e-02 0.6434
0.4 0.650505050505 0 0 2e-08 -3249270000.0 2.41166e+13 1e-08 6.460e-04 -2.406e-03 -3.4565 25.0809 -5.9869 -5.2823 -0.1037 5.943e-05 -2.387e-02 12.6474 -5.0163 8.553e-18 0.40000 -9.136e-02 -2.274e-02 0.6506
0.4 0.657575757576 0 0 2e-08 -3249270000.0 2.41166e+13 1e-08 6.648e-04 -2.937e-03 -3.4565 25.0878 -5.9869 -5.3220 -9.894e-02 6.116e-05 -3.034e-02 12.6543 -5.0667 8.621e-18 0.40000 -9.776e-02 -2.870e-02 0.6576
0.4 0.664646464646 0 0 2e-08 -3249270000.0 2.41166e+13 1e-08 6.841e-04 -3.608e-03 -3.4565 25.0988 -5.9869 -5.3619 -9.400e-02 6.294e-05 -3.858e-02 12.6653 -5.1180 8.690e-18 0.40000 -0.1057 -3.623e-02 0.6646
0.4 0.671717171717 0 0 2e-08 -3249270000.0 2.41166e+13 1e-08 7.035e-04 -4.450e-03 -3.4565 25.1098 -5.9869 -5.4011 -8.902e-02 6.473e-05 -4.901e-02 12.6763 -5.1693 8.758e-18 0.40000 -0.1156 -4.569e-02 0.6717
0.4 0.678787878788 0 0 2e-08 -3249270000.0 2.41166e+13 1e-08 7.233e-04 -5.518e-03 -3.4565 25.1198 -5.9869 -5.4397 -8.398e-02 6.654e-05 -6.230e-02 12.6863 -5.2206 8.826e-18 0.40000 -0.1279 -5.767e-02 0.6788
0.4 0.685858585859 0 0 2e-08 -3249270000.0 2.41166e+13 1e-08 7.431e-04 -6.841e-03 -3.4565 25.1314 -5.9869 -5.4774 -7.895e-02 6.836e-05 -7.883e-02 12.6979 -5.2716 8.893e-18 0.40000 -0.1430 -7.253e-02 0.6858
0.4 0.692929292929 0 0 2e-08 -3249270000.0 2.41166e+13 1e-08 7.635e-04 -8.554e-03 -3.4565 25.1398 -5.9869 -5.5149 -7.382e-02 7.024e-05 -0.1002 12.7063 -5.3231 8.961e-18 0.40000 -0.1625 -9.177e-02 0.6929
0.4 0.7 0 0 2e-08 -3249270000.0 2.41166e+13 1e-08 7.841e-04 -1.071e-02 -3.4565 25.1478 -5.9869 -5.5517 -6.870e-02 7.213e-05 -0.1270 12.7143 -5.3742 9.030e-18 0.40000 -0.1870 -0.1160 0.7000
