vd vg vs vb l alpha1_p alpha11_p t_fe idsperum vfed qmfe2 vgn1 qmfe1 qms vfes ids qmsguessd vgn2 qmsguesss qgi sweepvar qm qmd vgs
-0.7 0.0 0 0 2e-08 -3249270000.0 2.41166e+13 0.0 5.452e-11 0. -3.4818 19.8269 -6.0307 -2.107e-06 0. -5.016e-12 -5.169e-10 14.8935 -2.107e-06 -2.214e-23 -0.70000 -2.800e-08 -5.169e-10 -1.453e-04
-0.7 -0.00707070707071 0 0 2e-08 -3249270000.0 2.41166e+13 0.0 6.864e-11 0. -3.4818 19.8269 -6.0307 -2.653e-06 0. -6.315e-12 -6.508e-10 14.8935 -2.653e-06 -2.301e-23 -0.70000 -3.526e-08 -6.508e-10 7.119e-03
-0.7 -0.0141414141414 0 0 2e-08 -3249270000.0 2.41166e+13 0.0 8.577e-11 0. -3.4818 19.8269 -6.0307 -3.315e-06 0. -7.891e-12 -8.132e-10 14.8935 -3.315e-06 -2.403e-23 -0.70000 -4.405e-08 -8.132e-10 1.414e-02
-0.7 -0.0212121212121 0 0 2e-08 -3249270000.0 2.41166e+13 0.0 1.073e-10 0. -3.4818 19.8268 -6.0307 -4.145e-06 0. -9.867e-12 -1.017e-09 14.8934 -4.146e-06 -2.526e-23 -0.70000 -5.509e-08 -1.017e-09 2.119e-02
-0.7 -0.0282828282828 0 0 2e-08 -3249270000.0 2.41166e+13 0.0 1.343e-10 0. -3.4818 19.8270 -6.0307 -5.189e-06 0. -1.235e-11 -1.273e-09 14.8935 -5.189e-06 -2.675e-23 -0.70000 -6.895e-08 -1.273e-09 2.827e-02
-0.7 -0.0353535353535 0 0 2e-08 -3249270000.0 2.41166e+13 0.0 1.680e-10 0. -3.4818 19.8269 -6.0307 -6.494e-06 0. -1.546e-11 -1.593e-09 14.8935 -6.494e-06 -2.857e-23 -0.70000 -8.630e-08 -1.593e-09 3.535e-02
-0.7 -0.0424242424242 0 0 2e-08 -3249270000.0 2.41166e+13 0.0 2.096e-10 0. -3.4818 19.8269 -6.0307 -8.100e-06 0. -1.928e-11 -1.987e-09 14.8935 -8.100e-06 -3.077e-23 -0.70000 -1.076e-07 -1.987e-09 4.231e-02
-0.7 -0.0494949494949 0 0 2e-08 -3249270000.0 2.41166e+13 0.0 2.632e-10 0. -3.4818 19.8270 -6.0307 -1.017e-05 0. -2.421e-11 -2.495e-09 14.8935 -1.017e-05 -3.354e-23 -0.70000 -1.352e-07 -2.495e-09 4.949e-02
-0.7 -0.0565656565657 0 0 2e-08 -3249270000.0 2.41166e+13 0.0 3.293e-10 0. -3.4818 19.8269 -6.0307 -1.273e-05 0. -3.030e-11 -3.122e-09 14.8935 -1.273e-05 -3.692e-23 -0.70000 -1.691e-07 -3.122e-09 5.656e-02
-0.7 -0.0636363636364 0 0 2e-08 -3249270000.0 2.41166e+13 0.0 4.116e-10 0. -3.4818 19.8270 -6.0307 -1.591e-05 0. -3.786e-11 -3.902e-09 14.8936 -1.591e-05 -4.108e-23 -0.70000 -2.114e-07 -3.902e-09 6.359e-02
-0.7 -0.0707070707071 0 0 2e-08 -3249270000.0 2.41166e+13 0.0 5.158e-10 0. -3.4818 19.8270 -6.0307 -1.994e-05 0. -4.746e-11 -4.891e-09 14.8935 -1.994e-05 -4.630e-23 -0.70000 -2.649e-07 -4.891e-09 7.071e-02
-0.7 -0.0777777777778 0 0 2e-08 -3249270000.0 2.41166e+13 0.0 6.431e-10 0. -3.4818 19.8270 -6.0307 -2.485e-05 0. -5.916e-11 -6.097e-09 14.8936 -2.486e-05 -5.264e-23 -0.70000 -3.303e-07 -6.097e-09 7.767e-02
-0.7 -0.0848484848485 0 0 2e-08 -3249270000.0 2.41166e+13 0.0 8.075e-10 0. -3.4818 19.8270 -6.0307 -3.121e-05 0. -7.429e-11 -7.656e-09 14.8936 -3.121e-05 -6.077e-23 -0.70000 -4.147e-07 -7.656e-09 8.485e-02
-0.7 -0.0919191919192 0 0 2e-08 -3249270000.0 2.41166e+13 0.0 1.010e-09 0. -3.4818 19.8270 -6.0307 -3.902e-05 0. -9.290e-11 -9.573e-09 14.8936 -3.903e-05 -7.073e-23 -0.70000 -5.186e-07 -9.573e-09 9.189e-02
-0.7 -0.0989898989899 0 0 2e-08 -3249270000.0 2.41166e+13 0.0 1.265e-09 0. -3.4818 19.8271 -6.0307 -4.887e-05 0. -1.163e-10 -1.199e-08 14.8936 -4.888e-05 -8.323e-23 -0.70000 -6.494e-07 -1.199e-08 9.899e-02
-0.7 -0.106060606061 0 0 2e-08 -3249270000.0 2.41166e+13 0.0 1.582e-09 0. -3.4818 19.8271 -6.0307 -6.113e-05 0. -1.456e-10 -1.500e-08 14.8937 -6.116e-05 -9.877e-23 -0.70000 -8.124e-07 -1.500e-08 0.1061
-0.7 -0.113131313131 0 0 2e-08 -3249270000.0 2.41166e+13 0.0 1.981e-09 0. -3.4818 19.8278 -6.0306 -7.654e-05 0. -1.823e-10 -1.877e-08 14.8944 -7.658e-05 -1.182e-22 -0.70000 -1.017e-06 -1.877e-08 0.1131
-0.7 -0.120202020202 0 0 2e-08 -3249270000.0 2.41166e+13 0.0 2.470e-09 0. -3.4818 19.8272 -6.0307 -9.543e-05 0. -2.272e-10 -2.342e-08 14.8937 -9.548e-05 -1.420e-22 -0.70000 -1.268e-06 -2.342e-08 0.1201
-0.7 -0.127272727273 0 0 2e-08 -3249270000.0 2.41166e+13 0.0 3.101e-09 0. -3.4818 19.8274 -6.0307 -1.198e-04 0. -2.853e-10 -2.940e-08 14.8939 -1.199e-04 -1.727e-22 -0.70000 -1.592e-06 -2.940e-08 0.1273
-0.7 -0.134343434343 0 0 2e-08 -3249270000.0 2.41166e+13 0.0 3.877e-09 0. -3.4818 19.8276 -6.0307 -1.498e-04 0. -3.567e-10 -3.675e-08 14.8941 -1.499e-04 -2.104e-22 -0.70000 -1.990e-06 -3.675e-08 0.1343
-0.7 -0.141414141414 0 0 2e-08 -3249270000.0 2.41166e+13 0.0 4.855e-09 0. -3.4818 19.8276 -6.0307 -1.875e-04 0. -4.466e-10 -4.603e-08 14.8942 -1.877e-04 -2.579e-22 -0.70000 -2.492e-06 -4.603e-08 0.1414
-0.7 -0.148484848485 0 0 2e-08 -3249270000.0 2.41166e+13 0.0 6.048e-09 0. -3.4818 19.8278 -6.0307 -2.336e-04 0. -5.564e-10 -5.734e-08 14.8944 -2.339e-04 -3.157e-22 -0.70000 -3.104e-06 -5.734e-08 0.1484
-0.7 -0.155555555556 0 0 2e-08 -3249270000.0 2.41166e+13 0.0 7.541e-09 0. -3.4818 19.8279 -6.0307 -2.912e-04 0. -6.938e-10 -7.151e-08 14.8944 -2.917e-04 -3.881e-22 -0.70000 -3.870e-06 -7.151e-08 0.1553
-0.7 -0.162626262626 0 0 2e-08 -3249270000.0 2.41166e+13 0.0 9.508e-09 0. -3.4818 19.8282 -6.0307 -3.670e-04 0. -8.747e-10 -9.014e-08 14.8948 -3.678e-04 -4.832e-22 -0.70000 -4.878e-06 -9.014e-08 0.1626
-0.7 -0.169696969697 0 0 2e-08 -3249270000.0 2.41166e+13 0.0 1.176e-08 0. -3.4818 19.8283 -6.0307 -4.541e-04 0. -1.082e-09 -1.116e-07 14.8949 -4.553e-04 -5.924e-22 -0.70000 -6.034e-06 -1.116e-07 0.1694
-0.7 -0.176767676768 0 0 2e-08 -3249270000.0 2.41166e+13 0.0 1.489e-08 0. -3.4818 19.8290 -6.0307 -5.742e-04 0. -1.370e-09 -1.411e-07 14.8955 -5.762e-04 -7.432e-22 -0.70000 -7.631e-06 -1.411e-07 0.1768
-0.7 -0.183838383838 0 0 2e-08 -3249270000.0 2.41166e+13 0.0 1.859e-08 0. -3.4818 19.8296 -6.0307 -7.167e-04 0. -1.710e-09 -1.762e-07 14.8961 -7.198e-04 -9.219e-22 -0.70000 -9.525e-06 -1.762e-07 0.1838
-0.7 -0.190909090909 0 0 2e-08 -3249270000.0 2.41166e+13 0.0 2.335e-08 0. -3.4818 19.8304 -6.0307 -8.996e-04 0. -2.148e-09 -2.213e-07 14.8970 -9.045e-04 -1.151e-21 -0.70000 -1.196e-05 -2.213e-07 0.1910
-0.7 -0.19797979798 0 0 2e-08 -3249270000.0 2.41166e+13 0.0 2.909e-08 0. -3.4818 19.8310 -6.0307 -1.120e-03 0. -2.676e-09 -2.758e-07 14.8976 -1.128e-03 -1.428e-21 -0.70000 -1.489e-05 -2.758e-07 0.1980
-0.7 -0.205050505051 0 0 2e-08 -3249270000.0 2.41166e+13 0.0 3.637e-08 0. -3.4818 19.8322 -6.0307 -1.399e-03 0. -3.346e-09 -3.447e-07 14.8988 -1.411e-03 -1.778e-21 -0.70000 -1.860e-05 -3.447e-07 0.2051
-0.7 -0.212121212121 0 0 2e-08 -3249270000.0 2.41166e+13 0.0 4.583e-08 0. -3.4818 19.8333 -6.0307 -1.761e-03 0. -4.217e-09 -4.345e-07 14.8999 -1.780e-03 -2.232e-21 -0.70000 -2.341e-05 -4.345e-07 0.2124
-0.7 -0.219191919192 0 0 2e-08 -3249270000.0 2.41166e+13 0.0 5.685e-08 0. -3.4818 19.8349 -6.0307 -2.182e-03 0. -5.231e-09 -5.389e-07 14.9014 -2.210e-03 -2.760e-21 -0.70000 -2.900e-05 -5.389e-07 0.2192
-0.7 -0.226262626263 0 0 2e-08 -3249270000.0 2.41166e+13 0.0 7.092e-08 0. -3.4818 19.8369 -6.0307 -2.718e-03 0. -6.525e-09 -6.721e-07 14.9034 -2.760e-03 -3.432e-21 -0.70000 -3.612e-05 -6.721e-07 0.2263
-0.7 -0.233333333333 0 0 2e-08 -3249270000.0 2.41166e+13 0.0 8.864e-08 0. -3.4818 19.8394 -6.0307 -3.390e-03 0. -8.155e-09 -8.397e-07 14.9059 -3.455e-03 -4.276e-21 -0.70000 -4.506e-05 -8.397e-07 0.2334
-0.7 -0.240404040404 0 0 2e-08 -3249270000.0 2.41166e+13 0.0 1.098e-07 0. -3.4818 19.8422 -6.0307 -4.189e-03 0. -1.010e-08 -1.040e-06 14.9087 -4.286e-03 -5.279e-21 -0.70000 -5.568e-05 -1.040e-06 0.2402
-0.7 -0.247474747475 0 0 2e-08 -3249270000.0 2.41166e+13 0.0 1.394e-07 0. -3.4818 19.8464 -6.0307 -5.306e-03 0. -1.283e-08 -1.320e-06 14.9129 -5.458e-03 -6.682e-21 -0.70000 -7.052e-05 -1.320e-06 0.2478
-0.7 -0.254545454545 0 0 2e-08 -3249270000.0 2.41166e+13 0.0 1.735e-07 0. -3.4818 19.8509 -6.0307 -6.581e-03 0. -1.596e-08 -1.642e-06 14.9175 -6.811e-03 -8.286e-21 -0.70000 -8.748e-05 -1.642e-06 0.2549
-0.7 -0.261616161616 0 0 2e-08 -3249270000.0 2.41166e+13 0.0 2.128e-07 0. -3.4818 19.8563 -6.0307 -8.041e-03 0. -1.958e-08 -2.011e-06 14.9229 -8.376e-03 -1.012e-20 -0.70000 -1.069e-04 -2.011e-06 0.2614
-0.7 -0.268686868687 0 0 2e-08 -3249270000.0 2.41166e+13 0.0 2.663e-07 0. -3.4818 19.8636 -6.0307 -1.002e-02 0. -2.450e-08 -2.514e-06 14.9302 -1.052e-02 -1.261e-20 -0.70000 -1.332e-04 -2.514e-06 0.2687
-0.7 -0.275757575758 0 0 2e-08 -3249270000.0 2.41166e+13 0.0 3.310e-07 0. -3.4818 19.8723 -6.0307 -1.238e-02 0. -3.045e-08 -3.118e-06 14.9388 -1.314e-02 -1.560e-20 -0.70000 -1.646e-04 -3.118e-06 0.2758
-0.7 -0.282828282828 0 0 2e-08 -3249270000.0 2.41166e+13 0.0 4.147e-07 0. -3.4818 19.8832 -6.0307 -1.542e-02 0. -3.816e-08 -3.898e-06 14.9498 -1.655e-02 -1.943e-20 -0.70000 -2.050e-04 -3.898e-06 0.2831
-0.7 -0.289898989899 0 0 2e-08 -3249270000.0 2.41166e+13 0.0 5.091e-07 0. -3.4818 19.8956 -6.0307 -1.879e-02 0. -4.684e-08 -4.770e-06 14.9622 -2.043e-02 -2.370e-20 -0.70000 -2.499e-04 -4.769e-06 0.2899
-0.7 -0.29696969697 0 0 2e-08 -3249270000.0 2.41166e+13 0.0 6.265e-07 0. -3.4818 19.9106 -6.0307 -2.294e-02 0. -5.764e-08 -5.847e-06 14.9771 -2.530e-02 -2.897e-20 -0.70000 -3.050e-04 -5.847e-06 0.2968
-0.7 -0.30404040404 0 0 2e-08 -3249270000.0 2.41166e+13 0.0 7.780e-07 0. -3.4818 19.9300 -6.0307 -2.820e-02 0. -7.158e-08 -7.218e-06 14.9966 -3.165e-02 -3.567e-20 -0.70000 -3.751e-04 -7.217e-06 0.3040
-0.7 -0.311111111111 0 0 2e-08 -3249270000.0 2.41166e+13 0.0 9.587e-07 0. -3.4818 19.9523 -6.0307 -3.437e-02 0. -8.820e-08 -8.833e-06 15.0189 -3.931e-02 -4.355e-20 -0.70000 -4.572e-04 -8.832e-06 0.3111
-0.7 -0.318181818182 0 0 2e-08 -3249270000.0 2.41166e+13 0.0 1.178e-06 0. -3.4818 19.9790 -6.0307 -4.172e-02 0. -1.084e-07 -1.076e-05 15.0455 -4.874e-02 -5.298e-20 -0.70000 -5.550e-04 -1.076e-05 0.3182
-0.7 -0.325252525253 0 0 2e-08 -3249270000.0 2.41166e+13 0.0 1.437e-06 0. -3.4818 20.0096 -6.0307 -5.019e-02 0. -1.322e-07 -1.299e-05 15.0761 -5.999e-02 -6.389e-20 -0.70000 -6.677e-04 -1.299e-05 0.3251
-0.7 -0.332323232323 0 0 2e-08 -3249270000.0 2.41166e+13 0.0 1.765e-06 0. -3.4818 20.0473 -6.0307 -6.068e-02 0. -1.624e-07 -1.574e-05 15.1139 -7.443e-02 -7.747e-20 -0.70000 -8.072e-04 -1.574e-05 0.3323
-0.7 -0.339393939394 0 0 2e-08 -3249270000.0 2.41166e+13 0.0 2.145e-06 0. -3.4818 20.0896 -6.0307 -7.250e-02 0. -1.974e-07 -1.884e-05 15.1562 -9.137e-02 -9.288e-20 -0.70000 -9.645e-04 -1.884e-05 0.3393
-0.7 -0.346464646465 0 0 2e-08 -3249270000.0 2.41166e+13 0.0 2.608e-06 0. -3.4818 20.1396 -6.0307 -8.645e-02 0. -2.399e-07 -2.247e-05 15.2061 -0.1122 -1.112e-19 -0.70000 -1.150e-03 -2.247e-05 0.3465
-0.7 -0.353535353535 0 0 2e-08 -3249270000.0 2.41166e+13 0.0 3.152e-06 0. -3.4818 20.1961 -6.0307 -0.1023 0. -2.900e-07 -2.657e-05 15.2627 -0.1368 -1.322e-19 -0.70000 -1.361e-03 -2.657e-05 0.3535
-0.7 -0.360606060606 0 0 2e-08 -3249270000.0 2.41166e+13 0.0 3.810e-06 0. -3.4818 20.2617 -6.0307 -0.1209 0. -3.505e-07 -3.130e-05 15.3282 -0.1667 -1.569e-19 -0.70000 -1.608e-03 -3.130e-05 0.3608
-0.7 -0.367676767677 0 0 2e-08 -3249270000.0 2.41166e+13 0.0 4.552e-06 0. -3.4818 20.3327 -6.0307 -0.1411 0. -4.188e-07 -3.636e-05 15.3992 -0.2004 -1.840e-19 -0.70000 -1.877e-03 -3.636e-05 0.3677
-0.7 -0.374747474747 0 0 2e-08 -3249270000.0 2.41166e+13 0.0 5.415e-06 0. -3.4818 20.4116 -6.0307 -0.1637 0. -4.982e-07 -4.192e-05 15.4781 -0.2391 -2.147e-19 -0.70000 -2.177e-03 -4.191e-05 0.3747
-0.7 -0.381818181818 0 0 2e-08 -3249270000.0 2.41166e+13 0.0 6.440e-06 0. -3.4818 20.5007 -6.0307 -0.1895 0. -5.925e-07 -4.811e-05 15.5673 -0.2844 -2.500e-19 -0.70000 -2.520e-03 -4.809e-05 0.3818
-0.7 -0.388888888889 0 0 2e-08 -3249270000.0 2.41166e+13 0.0 7.587e-06 0. -3.4818 20.5957 -6.0307 -0.2172 0. -6.980e-07 -5.455e-05 15.6623 -0.3335 -2.883e-19 -0.70000 -2.888e-03 -5.454e-05 0.3888
-0.7 -0.39595959596 0 0 2e-08 -3249270000.0 2.41166e+13 0.0 8.889e-06 0. -3.4818 20.6986 -6.0307 -0.2475 0. -8.178e-07 -6.133e-05 15.7652 -0.3871 -3.304e-19 -0.70000 -3.289e-03 -6.131e-05 0.3957
-0.7 -0.40303030303 0 0 2e-08 -3249270000.0 2.41166e+13 0.0 1.044e-05 0. -3.4818 20.8144 -6.0307 -0.2820 0. -9.607e-07 -6.883e-05 15.8810 -0.4475 -3.791e-19 -0.70000 -3.747e-03 -6.880e-05 0.4030
-0.7 -0.410101010101 0 0 2e-08 -3249270000.0 2.41166e+13 0.0 1.213e-05 0. -3.4818 20.9339 -6.0307 -0.3180 0. -1.116e-06 -7.633e-05 16.0004 -0.5088 -4.303e-19 -0.70000 -4.224e-03 -7.630e-05 0.4101
-0.7 -0.417171717172 0 0 2e-08 -3249270000.0 2.41166e+13 0.0 1.402e-05 0. -3.4818 21.0606 -6.0307 -0.3567 0. -1.290e-06 -8.403e-05 16.1271 -0.5718 -4.859e-19 -0.70000 -4.737e-03 -8.399e-05 0.4171
-0.7 -0.424242424242 0 0 2e-08 -3249270000.0 2.41166e+13 0.0 1.616e-05 0. -3.4818 21.1960 -6.0307 -0.3985 0. -1.486e-06 -9.191e-05 16.2626 -0.6358 -5.464e-19 -0.70000 -5.290e-03 -9.186e-05 0.4242
-0.7 -0.431313131313 0 0 2e-08 -3249270000.0 2.41166e+13 0.0 1.845e-05 0. -3.4818 21.3335 -6.0307 -0.4416 0. -1.697e-06 -9.971e-05 16.4000 -0.6972 -6.096e-19 -0.70000 -5.860e-03 -9.965e-05 0.4311
-0.7 -0.438383838384 0 0 2e-08 -3249270000.0 2.41166e+13 0.0 2.112e-05 0. -3.4818 21.4860 -6.0307 -0.4900 0. -1.943e-06 -1.079e-04 16.5525 -0.7600 -6.809e-19 -0.70000 -6.499e-03 -1.079e-04 0.4384
-0.7 -0.445454545455 0 0 2e-08 -3249270000.0 2.41166e+13 0.0 2.394e-05 0. -3.4818 21.6372 -6.0307 -0.5388 0. -2.202e-06 -1.158e-04 16.7038 -0.8173 -7.535e-19 -0.70000 -7.144e-03 -1.158e-04 0.4454
-0.7 -0.452525252525 0 0 2e-08 -3249270000.0 2.41166e+13 0.0 2.706e-05 0. -3.4818 21.7962 -6.0307 -0.5910 0. -2.489e-06 -1.239e-04 16.8627 -0.8722 -8.318e-19 -0.70000 -7.833e-03 -1.238e-04 0.4525
-0.7 -0.459595959596 0 0 2e-08 -3249270000.0 2.41166e+13 0.0 3.037e-05 0. -3.4818 21.9562 -6.0307 -0.6444 0. -2.794e-06 -1.317e-04 17.0227 -0.9222 -9.124e-19 -0.70000 -8.537e-03 -1.316e-04 0.4595
-0.7 -0.466666666667 0 0 2e-08 -3249270000.0 2.41166e+13 0.0 3.406e-05 0. -3.4818 22.1247 -6.0307 -0.7017 0. -3.133e-06 -1.396e-04 17.1913 -0.9701 -9.995e-19 -0.70000 -9.293e-03 -1.395e-04 0.4667
-0.7 -0.473737373737 0 0 2e-08 -3249270000.0 2.41166e+13 0.0 3.785e-05 0. -3.4818 22.2894 -6.0307 -0.7588 0. -3.483e-06 -1.473e-04 17.3559 -1.0130 -1.087e-18 -0.70000 -1.005e-02 -1.472e-04 0.4735
-0.7 -0.480808080808 0 0 2e-08 -3249270000.0 2.41166e+13 0.0 4.205e-05 0. -3.4818 22.4623 -6.0307 -0.8199 0. -3.868e-06 -1.551e-04 17.5289 -1.0546 -1.181e-18 -0.70000 -1.085e-02 -1.550e-04 0.4806
-0.7 -0.487878787879 0 0 2e-08 -3249270000.0 2.41166e+13 0.0 4.662e-05 0. -3.4818 22.6421 -6.0307 -0.8842 0. -4.289e-06 -1.629e-04 17.7087 -1.0950 -1.280e-18 -0.70000 -1.170e-02 -1.628e-04 0.4878
-0.7 -0.494949494949 0 0 2e-08 -3249270000.0 2.41166e+13 0.0 5.131e-05 0. -3.4818 22.8165 -6.0307 -0.9484 0. -4.721e-06 -1.707e-04 17.8831 -1.1330 -1.380e-18 -0.70000 -1.254e-02 -1.706e-04 0.4948
-0.7 -0.50202020202 0 0 2e-08 -3249270000.0 2.41166e+13 0.0 5.641e-05 0. -3.4818 22.9973 -6.0307 -1.0161 0. -5.189e-06 -1.787e-04 18.0639 -1.1718 -1.486e-18 -0.70000 -1.343e-02 -1.785e-04 0.5019
-0.7 -0.509090909091 0 0 2e-08 -3249270000.0 2.41166e+13 0.0 6.178e-05 0. -3.4818 23.1788 -6.0307 -1.0856 0. -5.684e-06 -1.867e-04 18.2454 -1.2114 -1.595e-18 -0.70000 -1.435e-02 -1.865e-04 0.5091
-0.7 -0.516161616162 0 0 2e-08 -3249270000.0 2.41166e+13 0.0 6.743e-05 0. -3.4818 23.3604 -6.0307 -1.1567 0. -6.203e-06 -1.950e-04 18.4269 -1.2529 -1.707e-18 -0.70000 -1.528e-02 -1.947e-04 0.5161
-0.7 -0.523232323232 0 0 2e-08 -3249270000.0 2.41166e+13 0.0 7.336e-05 0. -3.4818 23.5425 -6.0307 -1.2296 0. -6.749e-06 -2.034e-04 18.6090 -1.2973 -1.823e-18 -0.70000 -1.624e-02 -2.032e-04 0.5232
-0.7 -0.530303030303 0 0 2e-08 -3249270000.0 2.41166e+13 0.0 7.958e-05 0. -3.4818 23.7251 -6.0307 -1.3042 0. -7.321e-06 -2.121e-04 18.7916 -1.3456 -1.941e-18 -0.70000 -1.722e-02 -2.119e-04 0.5303
-0.7 -0.537373737374 0 0 2e-08 -3249270000.0 2.41166e+13 0.0 8.609e-05 0. -3.4818 23.9071 -6.0307 -1.3806 0. -7.920e-06 -2.213e-04 18.9737 -1.3987 -2.063e-18 -0.70000 -1.823e-02 -2.210e-04 0.5374
-0.7 -0.544444444444 0 0 2e-08 -3249270000.0 2.41166e+13 0.0 9.286e-05 0. -3.4818 24.0880 -6.0307 -1.4583 0. -8.543e-06 -2.310e-04 19.1546 -1.4571 -2.187e-18 -0.70000 -1.925e-02 -2.307e-04 0.5444
-0.7 -0.551515151515 0 0 2e-08 -3249270000.0 2.41166e+13 0.0 9.986e-05 0. -3.4818 24.2667 -6.0307 -1.5374 0. -9.188e-06 -2.414e-04 19.3332 -1.5210 -2.314e-18 -0.70000 -2.030e-02 -2.411e-04 0.5515
-0.7 -0.558585858586 0 0 2e-08 -3249270000.0 2.41166e+13 0.0 1.073e-04 0. -3.4818 24.4505 -6.0307 -1.6196 0. -9.873e-06 -2.521e-04 19.5171 -1.5922 -2.446e-18 -0.70000 -2.138e-02 -2.517e-04 0.5586
-0.7 -0.565656565657 0 0 2e-08 -3249270000.0 2.41166e+13 0.0 1.149e-04 0. -3.4818 24.6283 -6.0307 -1.7020 0. -1.057e-05 -2.639e-04 19.6948 -1.6680 -2.579e-18 -0.70000 -2.247e-02 -2.635e-04 0.5657
-0.7 -0.572727272727 0 0 2e-08 -3249270000.0 2.41166e+13 0.0 1.228e-04 0. -3.4818 24.8061 -6.0307 -1.7860 0. -1.129e-05 -2.763e-04 19.8727 -1.7491 -2.715e-18 -0.70000 -2.357e-02 -2.758e-04 0.5727
-0.7 -0.579797979798 0 0 2e-08 -3249270000.0 2.41166e+13 0.0 1.310e-04 0. -3.4818 24.9837 -6.0307 -1.8724 0. -1.205e-05 -2.900e-04 20.0503 -1.8360 -2.855e-18 -0.70000 -2.471e-02 -2.895e-04 0.5798
-0.7 -0.586868686869 0 0 2e-08 -3249270000.0 2.41166e+13 0.0 1.393e-04 0. -3.4818 25.1563 -6.0307 -1.9584 0. -1.282e-05 -3.045e-04 20.2229 -1.9251 -2.994e-18 -0.70000 -2.585e-02 -3.039e-04 0.5868
-0.7 -0.593939393939 0 0 2e-08 -3249270000.0 2.41166e+13 0.0 1.491e-04 0. -3.4818 25.3508 -6.0307 -2.0579 0. -1.371e-05 -3.224e-04 20.4173 -2.0308 -3.156e-18 -0.70000 -2.717e-02 -3.218e-04 0.5948
-0.7 -0.60101010101 0 0 2e-08 -3249270000.0 2.41166e+13 0.0 1.569e-04 0. -3.4818 25.5013 -6.0307 -2.1374 0. -1.444e-05 -3.381e-04 20.5678 -2.1165 -3.285e-18 -0.70000 -2.822e-02 -3.374e-04 0.6010
-0.7 -0.608080808081 0 0 2e-08 -3249270000.0 2.41166e+13 0.0 1.660e-04 0. -3.4818 25.6694 -6.0307 -2.2281 0. -1.528e-05 -3.572e-04 20.7359 -2.2155 -3.433e-18 -0.70000 -2.942e-02 -3.564e-04 0.6080
-0.7 -0.615151515152 0 0 2e-08 -3249270000.0 2.41166e+13 0.0 1.755e-04 0. -3.4818 25.8368 -6.0307 -2.3212 0. -1.615e-05 -3.785e-04 20.9034 -2.3177 -3.585e-18 -0.70000 -3.066e-02 -3.777e-04 0.6152
-0.7 -0.622222222222 0 0 2e-08 -3249270000.0 2.41166e+13 0.0 1.850e-04 0. -3.4818 25.9986 -6.0307 -2.4138 0. -1.702e-05 -4.017e-04 21.0652 -2.4198 -3.736e-18 -0.70000 -3.189e-02 -4.008e-04 0.6221
-0.7 -0.629292929293 0 0 2e-08 -3249270000.0 2.41166e+13 0.0 1.946e-04 0. -3.4818 26.1580 -6.0307 -2.5068 0. -1.791e-05 -4.266e-04 21.2246 -2.5225 -3.888e-18 -0.70000 -3.313e-02 -4.255e-04 0.6290
-0.7 -0.636363636364 0 0 2e-08 -3249270000.0 2.41166e+13 0.0 2.050e-04 0. -3.4818 26.3231 -6.0307 -2.6063 0. -1.886e-05 -4.560e-04 21.3897 -2.6323 -4.051e-18 -0.70000 -3.445e-02 -4.547e-04 0.6364
-0.7 -0.643434343434 0 0 2e-08 -3249270000.0 2.41166e+13 0.0 2.153e-04 0. -3.4818 26.4803 -6.0307 -2.7039 0. -1.981e-05 -4.877e-04 21.5469 -2.7396 -4.211e-18 -0.70000 -3.576e-02 -4.862e-04 0.6434
-0.7 -0.650505050505 0 0 2e-08 -3249270000.0 2.41166e+13 0.0 2.258e-04 0. -3.4818 26.6336 -6.0307 -2.8024 0. -2.077e-05 -5.233e-04 21.7002 -2.8476 -4.373e-18 -0.70000 -3.708e-02 -5.216e-04 0.6505
-0.7 -0.657575757576 0 0 2e-08 -3249270000.0 2.41166e+13 0.0 2.360e-04 0. -3.4818 26.7799 -6.0307 -2.8981 0. -2.172e-05 -5.605e-04 21.8464 -2.9521 -4.530e-18 -0.70000 -3.836e-02 -5.586e-04 0.6573
-0.7 -0.664646464646 0 0 2e-08 -3249270000.0 2.41166e+13 0.0 2.474e-04 0. -3.4818 26.9363 -6.0307 -3.0033 0. -2.276e-05 -6.054e-04 22.0029 -3.0663 -4.703e-18 -0.70000 -3.978e-02 -6.032e-04 0.6646
-0.7 -0.671717171717 0 0 2e-08 -3249270000.0 2.41166e+13 0.0 2.585e-04 0. -3.4818 27.0836 -6.0307 -3.1056 0. -2.378e-05 -6.542e-04 22.1502 -3.1768 -4.872e-18 -0.70000 -4.116e-02 -6.517e-04 0.6717
-0.7 -0.678787878788 0 0 2e-08 -3249270000.0 2.41166e+13 0.0 2.698e-04 0. -3.4818 27.2269 -6.0307 -3.2091 0. -2.482e-05 -7.098e-04 22.2935 -3.2879 -5.042e-18 -0.70000 -4.257e-02 -7.068e-04 0.6788
-0.7 -0.685858585859 0 0 2e-08 -3249270000.0 2.41166e+13 0.0 2.810e-04 0. -3.4818 27.3663 -6.0307 -3.3113 0. -2.585e-05 -7.693e-04 22.4329 -3.3969 -5.211e-18 -0.70000 -4.396e-02 -7.658e-04 0.6857
-0.7 -0.692929292929 0 0 2e-08 -3249270000.0 2.41166e+13 0.0 2.921e-04 0. -3.4818 27.4978 -6.0307 -3.4130 0. -2.688e-05 -8.378e-04 22.5644 -3.5047 -5.379e-18 -0.70000 -4.535e-02 -8.336e-04 0.6926
-0.7 -0.7 0 0 2e-08 -3249270000.0 2.41166e+13 0.0 3.045e-04 0. -3.4818 27.6433 -6.0307 -3.5245 0. -2.801e-05 -9.167e-04 22.7098 -3.6222 -5.563e-18 -0.70000 -4.688e-02 -9.118e-04 0.7000
