vd vg vs vb l alpha1_p alpha11_p t_fe idsperum vfed qms vfes ids sweepvar qm qmd
0.05 0.0 0 0 2e-08 -3249270000.0 2.41166e+13 1e-08 1.143e-11 -3.803e-04 -6.480e-07 -3.803e-04 1.052e-12 5.0000e-02 -1.168e-07 -1.098e-07
0.5 0.0 0 0 2e-08 -3249270000.0 2.41166e+13 1e-08 2.147e-11 -3.803e-04 -8.627e-07 -3.803e-04 1.976e-12 0.50000 -1.140e-08 -1.477e-10
0.05 0.00505050505051 0 0 2e-08 -3249270000.0 2.41166e+13 1e-08 1.372e-11 -3.803e-04 -7.773e-07 -3.803e-04 1.262e-12 5.0000e-02 -1.400e-07 -1.316e-07
0.5 0.00505050505051 0 0 2e-08 -3249270000.0 2.41166e+13 1e-08 2.575e-11 -3.803e-04 -1.034e-06 -3.804e-04 2.369e-12 0.50000 -1.367e-08 -1.771e-10
0.05 0.010101010101 0 0 2e-08 -3249270000.0 2.41166e+13 1e-08 1.646e-11 -3.803e-04 -9.330e-07 -3.803e-04 1.514e-12 5.0000e-02 -1.682e-07 -1.581e-07
0.5 0.010101010101 0 0 2e-08 -3249270000.0 2.41166e+13 1e-08 3.087e-11 -3.803e-04 -1.240e-06 -3.804e-04 2.840e-12 0.50000 -1.639e-08 -2.124e-10
0.05 0.0151515151515 0 0 2e-08 -3249270000.0 2.41166e+13 1e-08 1.976e-11 -3.803e-04 -1.120e-06 -3.804e-04 1.818e-12 5.0000e-02 -2.019e-07 -1.898e-07
0.5 0.0151515151515 0 0 2e-08 -3249270000.0 2.41166e+13 1e-08 3.707e-11 -3.803e-04 -1.489e-06 -3.804e-04 3.410e-12 0.50000 -1.968e-08 -2.553e-10
0.05 0.020202020202 0 0 2e-08 -3249270000.0 2.41166e+13 1e-08 2.370e-11 -3.803e-04 -1.343e-06 -3.804e-04 2.180e-12 5.0000e-02 -2.422e-07 -2.276e-07
0.5 0.020202020202 0 0 2e-08 -3249270000.0 2.41166e+13 1e-08 4.443e-11 -3.803e-04 -1.785e-06 -3.804e-04 4.087e-12 0.50000 -2.359e-08 -3.056e-10
0.05 0.0252525252525 0 0 2e-08 -3249270000.0 2.41166e+13 1e-08 2.844e-11 -3.803e-04 -1.612e-06 -3.804e-04 2.616e-12 5.0000e-02 -2.905e-07 -2.730e-07
0.5 0.0252525252525 0 0 2e-08 -3249270000.0 2.41166e+13 1e-08 5.311e-11 -3.803e-04 -2.134e-06 -3.805e-04 4.886e-12 0.50000 -2.820e-08 -3.655e-10
0.05 0.030303030303 0 0 2e-08 -3249270000.0 2.41166e+13 1e-08 3.412e-11 -3.803e-04 -1.934e-06 -3.804e-04 3.139e-12 5.0000e-02 -3.486e-07 -3.276e-07
0.5 0.030303030303 0 0 2e-08 -3249270000.0 2.41166e+13 1e-08 6.383e-11 -3.803e-04 -2.565e-06 -3.805e-04 5.873e-12 0.50000 -3.389e-08 -4.391e-10
0.05 0.0353535353535 0 0 2e-08 -3249270000.0 2.41166e+13 1e-08 4.095e-11 -3.803e-04 -2.321e-06 -3.805e-04 3.767e-12 5.0000e-02 -4.184e-07 -3.932e-07
0.5 0.0353535353535 0 0 2e-08 -3249270000.0 2.41166e+13 1e-08 7.639e-11 -3.803e-04 -3.069e-06 -3.805e-04 7.028e-12 0.50000 -4.056e-08 -5.258e-10
0.05 0.040404040404 0 0 2e-08 -3249270000.0 2.41166e+13 1e-08 4.914e-11 -3.803e-04 -2.785e-06 -3.805e-04 4.521e-12 5.0000e-02 -5.020e-07 -4.719e-07
0.5 0.040404040404 0 0 2e-08 -3249270000.0 2.41166e+13 1e-08 9.177e-11 -3.803e-04 -3.687e-06 -3.806e-04 8.443e-12 0.50000 -4.873e-08 -6.313e-10
0.05 0.0454545454545 0 0 2e-08 -3249270000.0 2.41166e+13 1e-08 5.896e-11 -3.803e-04 -3.341e-06 -3.806e-04 5.424e-12 5.0000e-02 -6.022e-07 -5.660e-07
0.5 0.0454545454545 0 0 2e-08 -3249270000.0 2.41166e+13 1e-08 1.100e-10 -3.803e-04 -4.421e-06 -3.807e-04 1.012e-11 0.50000 -5.843e-08 -7.570e-10
0.05 0.0505050505051 0 0 2e-08 -3249270000.0 2.41166e+13 1e-08 7.074e-11 -3.803e-04 -4.009e-06 -3.806e-04 6.508e-12 5.0000e-02 -7.227e-07 -6.793e-07
0.5 0.0505050505051 0 0 2e-08 -3249270000.0 2.41166e+13 1e-08 1.319e-10 -3.803e-04 -5.298e-06 -3.807e-04 1.213e-11 0.50000 -7.002e-08 -9.067e-10
0.05 0.0555555555556 0 0 2e-08 -3249270000.0 2.41166e+13 1e-08 8.487e-11 -3.803e-04 -4.810e-06 -3.807e-04 7.808e-12 5.0000e-02 -8.672e-07 -8.151e-07
0.5 0.0555555555556 0 0 2e-08 -3249270000.0 2.41166e+13 1e-08 1.582e-10 -3.803e-04 -6.356e-06 -3.808e-04 1.456e-11 0.50000 -8.401e-08 -1.088e-09
0.05 0.0606060606061 0 0 2e-08 -3249270000.0 2.41166e+13 1e-08 1.019e-10 -3.803e-04 -5.773e-06 -3.808e-04 9.371e-12 5.0000e-02 -1.041e-06 -9.781e-07
0.5 0.0606060606061 0 0 2e-08 -3249270000.0 2.41166e+13 1e-08 1.894e-10 -3.803e-04 -7.611e-06 -3.809e-04 1.743e-11 0.50000 -1.006e-07 -1.304e-09
0.05 0.0656565656566 0 0 2e-08 -3249270000.0 2.41166e+13 1e-08 1.223e-10 -3.804e-04 -6.930e-06 -3.809e-04 1.125e-11 5.0000e-02 -1.249e-06 -1.174e-06
0.5 0.0656565656566 0 0 2e-08 -3249270000.0 2.41166e+13 1e-08 2.275e-10 -3.803e-04 -9.139e-06 -3.811e-04 2.093e-11 0.50000 -1.208e-07 -1.565e-09
0.05 0.0707070707071 0 0 2e-08 -3249270000.0 2.41166e+13 1e-08 1.466e-10 -3.804e-04 -8.310e-06 -3.810e-04 1.349e-11 5.0000e-02 -1.498e-06 -1.408e-06
0.5 0.0707070707071 0 0 2e-08 -3249270000.0 2.41166e+13 1e-08 2.730e-10 -3.803e-04 -1.097e-05 -3.812e-04 2.511e-11 0.50000 -1.449e-07 -1.878e-09
0.05 0.0757575757576 0 0 2e-08 -3249270000.0 2.41166e+13 1e-08 1.760e-10 -3.804e-04 -9.973e-06 -3.811e-04 1.619e-11 5.0000e-02 -1.798e-06 -1.690e-06
0.5 0.0757575757576 0 0 2e-08 -3249270000.0 2.41166e+13 1e-08 3.271e-10 -3.803e-04 -1.314e-05 -3.814e-04 3.009e-11 0.50000 -1.736e-07 -2.250e-09
0.05 0.0808080808081 0 0 2e-08 -3249270000.0 2.41166e+13 1e-08 2.111e-10 -3.804e-04 -1.197e-05 -3.813e-04 1.943e-11 5.0000e-02 -2.157e-06 -2.028e-06
0.5 0.0808080808081 0 0 2e-08 -3249270000.0 2.41166e+13 1e-08 3.922e-10 -3.803e-04 -1.576e-05 -3.817e-04 3.608e-11 0.50000 -2.082e-07 -2.698e-09
0.05 0.0858585858586 0 0 2e-08 -3249270000.0 2.41166e+13 1e-08 2.533e-10 -3.805e-04 -1.436e-05 -3.815e-04 2.330e-11 5.0000e-02 -2.589e-06 -2.433e-06
0.5 0.0858585858586 0 0 2e-08 -3249270000.0 2.41166e+13 1e-08 4.702e-10 -3.803e-04 -1.889e-05 -3.819e-04 4.326e-11 0.50000 -2.496e-07 -3.235e-09
0.05 0.0909090909091 0 0 2e-08 -3249270000.0 2.41166e+13 1e-08 3.040e-10 -3.805e-04 -1.723e-05 -3.818e-04 2.797e-11 5.0000e-02 -3.105e-06 -2.919e-06
0.5 0.0909090909091 0 0 2e-08 -3249270000.0 2.41166e+13 1e-08 5.655e-10 -3.803e-04 -2.272e-05 -3.823e-04 5.202e-11 0.50000 -3.002e-07 -3.890e-09
0.05 0.0959595959596 0 0 2e-08 -3249270000.0 2.41166e+13 1e-08 3.648e-10 -3.806e-04 -2.067e-05 -3.821e-04 3.356e-11 5.0000e-02 -3.727e-06 -3.503e-06
0.5 0.0959595959596 0 0 2e-08 -3249270000.0 2.41166e+13 1e-08 6.761e-10 -3.803e-04 -2.716e-05 -3.827e-04 6.220e-11 0.50000 -3.590e-07 -4.652e-09
0.05 0.10101010101 0 0 2e-08 -3249270000.0 2.41166e+13 1e-08 4.377e-10 -3.806e-04 -2.481e-05 -3.825e-04 4.027e-11 5.0000e-02 -4.472e-06 -4.203e-06
0.5 0.10101010101 0 0 2e-08 -3249270000.0 2.41166e+13 1e-08 8.108e-10 -3.803e-04 -3.257e-05 -3.832e-04 7.459e-11 0.50000 -4.305e-07 -5.578e-09
0.05 0.106060606061 0 0 2e-08 -3249270000.0 2.41166e+13 1e-08 5.252e-10 -3.807e-04 -2.976e-05 -3.829e-04 4.832e-11 5.0000e-02 -5.365e-06 -5.043e-06
0.5 0.106060606061 0 0 2e-08 -3249270000.0 2.41166e+13 1e-08 9.722e-10 -3.803e-04 -3.905e-05 -3.837e-04 8.944e-11 0.50000 -5.161e-07 -6.688e-09
0.05 0.111111111111 0 0 2e-08 -3249270000.0 2.41166e+13 1e-08 6.302e-10 -3.808e-04 -3.571e-05 -3.834e-04 5.798e-11 5.0000e-02 -6.439e-06 -6.052e-06
0.5 0.111111111111 0 0 2e-08 -3249270000.0 2.41166e+13 1e-08 1.166e-09 -3.803e-04 -4.683e-05 -3.844e-04 1.072e-10 0.50000 -6.189e-07 -8.019e-09
0.05 0.116161616162 0 0 2e-08 -3249270000.0 2.41166e+13 1e-08 7.564e-10 -3.809e-04 -4.287e-05 -3.841e-04 6.959e-11 5.0000e-02 -7.732e-06 -7.267e-06
0.5 0.116161616162 0 0 2e-08 -3249270000.0 2.41166e+13 1e-08 1.396e-09 -3.803e-04 -5.608e-05 -3.853e-04 1.284e-10 0.50000 -7.411e-07 -9.604e-09
0.05 0.121212121212 0 0 2e-08 -3249270000.0 2.41166e+13 1e-08 9.072e-10 -3.810e-04 -5.142e-05 -3.848e-04 8.347e-11 5.0000e-02 -9.271e-06 -8.713e-06
0.5 0.121212121212 0 0 2e-08 -3249270000.0 2.41166e+13 1e-08 1.678e-09 -3.803e-04 -6.738e-05 -3.863e-04 1.543e-10 0.50000 -8.905e-07 -1.153e-08
0.05 0.126262626263 0 0 2e-08 -3249270000.0 2.41166e+13 1e-08 1.089e-09 -3.812e-04 -6.170e-05 -3.857e-04 1.002e-10 5.0000e-02 -1.112e-05 -1.046e-05
0.5 0.126262626263 0 0 2e-08 -3249270000.0 2.41166e+13 1e-08 2.010e-09 -3.803e-04 -8.074e-05 -3.875e-04 1.849e-10 0.50000 -1.067e-06 -1.384e-08
0.05 0.131313131313 0 0 2e-08 -3249270000.0 2.41166e+13 1e-08 1.306e-09 -3.814e-04 -7.403e-05 -3.868e-04 1.202e-10 5.0000e-02 -1.335e-05 -1.255e-05
0.5 0.131313131313 0 0 2e-08 -3249270000.0 2.41166e+13 1e-08 2.410e-09 -3.803e-04 -9.679e-05 -3.889e-04 2.217e-10 0.50000 -1.279e-06 -1.658e-08
0.05 0.136363636364 0 0 2e-08 -3249270000.0 2.41166e+13 1e-08 1.567e-09 -3.816e-04 -8.882e-05 -3.882e-04 1.442e-10 5.0000e-02 -1.602e-05 -1.505e-05
0.5 0.136363636364 0 0 2e-08 -3249270000.0 2.41166e+13 1e-08 2.874e-09 -3.803e-04 -1.154e-04 -3.906e-04 2.644e-10 0.50000 -1.525e-06 -1.977e-08
0.05 0.141414141414 0 0 2e-08 -3249270000.0 2.41166e+13 1e-08 1.880e-09 -3.819e-04 -1.065e-04 -3.897e-04 1.730e-10 5.0000e-02 -1.921e-05 -1.805e-05
0.5 0.141414141414 0 0 2e-08 -3249270000.0 2.41166e+13 1e-08 3.465e-09 -3.803e-04 -1.391e-04 -3.927e-04 3.188e-10 0.50000 -1.839e-06 -2.382e-08
0.05 0.146464646465 0 0 2e-08 -3249270000.0 2.41166e+13 1e-08 2.257e-09 -3.822e-04 -1.279e-04 -3.916e-04 2.076e-10 5.0000e-02 -2.306e-05 -2.168e-05
0.5 0.146464646465 0 0 2e-08 -3249270000.0 2.41166e+13 1e-08 4.154e-09 -3.803e-04 -1.668e-04 -3.951e-04 3.822e-10 0.50000 -2.205e-06 -2.857e-08
0.05 0.151515151515 0 0 2e-08 -3249270000.0 2.41166e+13 1e-08 2.707e-09 -3.826e-04 -1.534e-04 -3.939e-04 2.491e-10 5.0000e-02 -2.767e-05 -2.601e-05
0.5 0.151515151515 0 0 2e-08 -3249270000.0 2.41166e+13 1e-08 4.981e-09 -3.803e-04 -2.000e-04 -3.981e-04 4.583e-10 0.50000 -2.644e-06 -3.426e-08
0.05 0.156565656566 0 0 2e-08 -3249270000.0 2.41166e+13 1e-08 3.248e-09 -3.830e-04 -1.840e-04 -3.966e-04 2.988e-10 5.0000e-02 -3.319e-05 -3.120e-05
0.5 0.156565656566 0 0 2e-08 -3249270000.0 2.41166e+13 1e-08 5.978e-09 -3.803e-04 -2.400e-04 -4.017e-04 5.499e-10 0.50000 -3.172e-06 -4.111e-08
0.05 0.161616161616 0 0 2e-08 -3249270000.0 2.41166e+13 1e-08 3.897e-09 -3.836e-04 -2.208e-04 -3.999e-04 3.585e-10 5.0000e-02 -3.983e-05 -3.744e-05
0.5 0.161616161616 0 0 2e-08 -3249270000.0 2.41166e+13 1e-08 7.160e-09 -3.803e-04 -2.875e-04 -4.059e-04 6.587e-10 0.50000 -3.799e-06 -4.924e-08
0.05 0.166666666667 0 0 2e-08 -3249270000.0 2.41166e+13 1e-08 4.675e-09 -3.842e-04 -2.648e-04 -4.038e-04 4.301e-10 5.0000e-02 -4.777e-05 -4.491e-05
0.5 0.166666666667 0 0 2e-08 -3249270000.0 2.41166e+13 1e-08 8.568e-09 -3.803e-04 -3.440e-04 -4.109e-04 7.883e-10 0.50000 -4.546e-06 -5.893e-08
0.05 0.171717171717 0 0 2e-08 -3249270000.0 2.41166e+13 1e-08 5.606e-09 -3.850e-04 -3.176e-04 -4.085e-04 5.158e-10 5.0000e-02 -5.734e-05 -5.390e-05
0.5 0.171717171717 0 0 2e-08 -3249270000.0 2.41166e+13 1e-08 1.029e-08 -3.803e-04 -4.131e-04 -4.171e-04 9.468e-10 0.50000 -5.459e-06 -7.077e-08
0.05 0.176767676768 0 0 2e-08 -3249270000.0 2.41166e+13 1e-08 6.731e-09 -3.860e-04 -3.812e-04 -4.141e-04 6.192e-10 5.0000e-02 -6.880e-05 -6.468e-05
0.5 0.176767676768 0 0 2e-08 -3249270000.0 2.41166e+13 1e-08 1.231e-08 -3.803e-04 -4.942e-04 -4.243e-04 1.133e-09 0.50000 -6.531e-06 -8.470e-08
0.05 0.181818181818 0 0 2e-08 -3249270000.0 2.41166e+13 1e-08 8.073e-09 -3.872e-04 -4.573e-04 -4.209e-04 7.428e-10 5.0000e-02 -8.263e-05 -7.768e-05
0.5 0.181818181818 0 0 2e-08 -3249270000.0 2.41166e+13 1e-08 1.484e-08 -3.803e-04 -5.956e-04 -4.334e-04 1.366e-09 0.50000 -7.871e-06 -1.021e-07
0.05 0.186868686869 0 0 2e-08 -3249270000.0 2.41166e+13 1e-08 9.687e-09 -3.885e-04 -5.485e-04 -4.290e-04 8.912e-10 5.0000e-02 -9.905e-05 -9.311e-05
0.5 0.186868686869 0 0 2e-08 -3249270000.0 2.41166e+13 1e-08 1.750e-08 -3.803e-04 -7.021e-04 -4.429e-04 1.610e-09 0.50000 -9.278e-06 -1.203e-07
0.05 0.191919191919 0 0 2e-08 -3249270000.0 2.41166e+13 1e-08 1.162e-08 -3.902e-04 -6.578e-04 -4.387e-04 1.069e-09 5.0000e-02 -1.188e-04 -1.117e-04
0.5 0.191919191919 0 0 2e-08 -3249270000.0 2.41166e+13 1e-08 2.121e-08 -3.803e-04 -8.508e-04 -4.561e-04 1.952e-09 0.50000 -1.124e-05 -1.459e-07
0.05 0.19696969697 0 0 2e-08 -3249270000.0 2.41166e+13 1e-08 1.394e-08 -3.922e-04 -7.889e-04 -4.503e-04 1.282e-09 5.0000e-02 -1.426e-04 -1.340e-04
0.5 0.19696969697 0 0 2e-08 -3249270000.0 2.41166e+13 1e-08 2.537e-08 -3.803e-04 -1.017e-03 -4.710e-04 2.334e-09 0.50000 -1.344e-05 -1.744e-07
0.05 0.20202020202 0 0 2e-08 -3249270000.0 2.41166e+13 1e-08 1.672e-08 -3.945e-04 -9.458e-04 -4.643e-04 1.538e-09 5.0000e-02 -1.710e-04 -1.607e-04
0.5 0.20202020202 0 0 2e-08 -3249270000.0 2.41166e+13 1e-08 3.054e-08 -3.803e-04 -1.224e-03 -4.894e-04 2.810e-09 0.50000 -1.617e-05 -2.099e-07
0.05 0.207070707071 0 0 2e-08 -3249270000.0 2.41166e+13 1e-08 2.006e-08 -3.974e-04 -1.134e-03 -4.810e-04 1.845e-09 5.0000e-02 -2.052e-04 -1.929e-04
0.5 0.207070707071 0 0 2e-08 -3249270000.0 2.41166e+13 1e-08 3.655e-08 -3.803e-04 -1.464e-03 -5.108e-04 3.363e-09 0.50000 -1.935e-05 -2.511e-07
0.05 0.212121212121 0 0 2e-08 -3249270000.0 2.41166e+13 1e-08 2.405e-08 -4.008e-04 -1.360e-03 -5.011e-04 2.213e-09 5.0000e-02 -2.462e-04 -2.315e-04
0.5 0.212121212121 0 0 2e-08 -3249270000.0 2.41166e+13 1e-08 4.386e-08 -3.803e-04 -1.756e-03 -5.368e-04 4.036e-09 0.50000 -2.321e-05 -3.012e-07
0.05 0.217171717172 0 0 2e-08 -3249270000.0 2.41166e+13 1e-08 2.884e-08 -4.049e-04 -1.630e-03 -5.251e-04 2.654e-09 5.0000e-02 -2.953e-04 -2.777e-04
0.5 0.217171717172 0 0 2e-08 -3249270000.0 2.41166e+13 1e-08 5.261e-08 -3.803e-04 -2.104e-03 -5.679e-04 4.840e-09 0.50000 -2.781e-05 -3.608e-07
0.05 0.222222222222 0 0 2e-08 -3249270000.0 2.41166e+13 1e-08 3.459e-08 -4.099e-04 -1.953e-03 -5.538e-04 3.182e-09 5.0000e-02 -3.543e-04 -3.332e-04
0.5 0.222222222222 0 0 2e-08 -3249270000.0 2.41166e+13 1e-08 6.296e-08 -3.803e-04 -2.517e-03 -6.047e-04 5.793e-09 0.50000 -3.327e-05 -4.320e-07
0.05 0.227272727273 0 0 2e-08 -3249270000.0 2.41166e+13 1e-08 4.146e-08 -4.158e-04 -2.340e-03 -5.882e-04 3.815e-09 5.0000e-02 -4.248e-04 -3.995e-04
0.5 0.227272727273 0 0 2e-08 -3249270000.0 2.41166e+13 1e-08 7.542e-08 -3.803e-04 -3.012e-03 -6.489e-04 6.939e-09 0.50000 -3.981e-05 -5.171e-07
0.05 0.232323232323 0 0 2e-08 -3249270000.0 2.41166e+13 1e-08 4.971e-08 -4.228e-04 -2.804e-03 -6.293e-04 4.573e-09 5.0000e-02 -5.096e-04 -4.793e-04
0.5 0.232323232323 0 0 2e-08 -3249270000.0 2.41166e+13 1e-08 9.031e-08 -3.803e-04 -3.604e-03 -7.016e-04 8.308e-09 0.50000 -4.763e-05 -6.194e-07
0.05 0.237373737374 0 0 2e-08 -3249270000.0 2.41166e+13 1e-08 5.958e-08 -4.313e-04 -3.358e-03 -6.785e-04 5.482e-09 5.0000e-02 -6.112e-04 -5.749e-04
0.5 0.237373737374 0 0 2e-08 -3249270000.0 2.41166e+13 1e-08 1.082e-07 -3.803e-04 -4.314e-03 -7.649e-04 9.957e-09 0.50000 -5.701e-05 -7.410e-07
0.05 0.242424242424 0 0 2e-08 -3249270000.0 2.41166e+13 1e-08 7.142e-08 -4.415e-04 -4.020e-03 -7.374e-04 6.571e-09 5.0000e-02 -7.325e-04 -6.891e-04
0.5 0.242424242424 0 0 2e-08 -3249270000.0 2.41166e+13 1e-08 1.296e-07 -3.803e-04 -5.159e-03 -8.403e-04 1.192e-08 0.50000 -6.818e-05 -8.862e-07
0.05 0.247474747475 0 0 2e-08 -3249270000.0 2.41166e+13 1e-08 8.554e-08 -4.537e-04 -4.811e-03 -8.076e-04 7.870e-09 5.0000e-02 -8.786e-04 -8.267e-04
0.5 0.247474747475 0 0 2e-08 -3249270000.0 2.41166e+13 1e-08 1.539e-07 -3.804e-04 -6.119e-03 -9.259e-04 1.416e-08 0.50000 -8.087e-05 -1.051e-06
0.05 0.252525252525 0 0 2e-08 -3249270000.0 2.41166e+13 1e-08 1.025e-07 -4.683e-04 -5.757e-03 -8.917e-04 9.429e-09 5.0000e-02 -1.054e-03 -9.915e-04
0.5 0.252525252525 0 0 2e-08 -3249270000.0 2.41166e+13 1e-08 1.857e-07 -3.804e-04 -7.370e-03 -1.037e-03 1.708e-08 0.50000 -9.740e-05 -1.266e-06
0.05 0.257575757576 0 0 2e-08 -3249270000.0 2.41166e+13 1e-08 1.227e-07 -4.858e-04 -6.884e-03 -9.918e-04 1.129e-08 5.0000e-02 -1.263e-03 -1.188e-03
0.5 0.257575757576 0 0 2e-08 -3249270000.0 2.41166e+13 1e-08 2.195e-07 -3.804e-04 -8.698e-03 -1.156e-03 2.020e-08 0.50000 -1.150e-04 -1.493e-06
0.05 0.262626262626 0 0 2e-08 -3249270000.0 2.41166e+13 1e-08 1.470e-07 -5.068e-04 -8.231e-03 -1.111e-03 1.352e-08 5.0000e-02 -1.514e-03 -1.425e-03
0.5 0.262626262626 0 0 2e-08 -3249270000.0 2.41166e+13 1e-08 2.674e-07 -3.804e-04 -1.057e-02 -1.323e-03 2.460e-08 0.50000 -1.397e-04 -1.813e-06
0.05 0.267676767677 0 0 2e-08 -3249270000.0 2.41166e+13 1e-08 1.759e-07 -5.320e-04 -9.836e-03 -1.254e-03 1.618e-08 5.0000e-02 -1.814e-03 -1.708e-03
0.5 0.267676767677 0 0 2e-08 -3249270000.0 2.41166e+13 1e-08 3.177e-07 -3.805e-04 -1.254e-02 -1.498e-03 2.923e-08 0.50000 -1.657e-04 -2.147e-06
0.05 0.272727272727 0 0 2e-08 -3249270000.0 2.41166e+13 1e-08 2.105e-07 -5.621e-04 -1.175e-02 -1.424e-03 1.937e-08 5.0000e-02 -2.173e-03 -2.046e-03
0.5 0.272727272727 0 0 2e-08 -3249270000.0 2.41166e+13 1e-08 3.799e-07 -3.805e-04 -1.495e-02 -1.714e-03 3.495e-08 0.50000 -1.976e-04 -2.556e-06
0.05 0.277777777778 0 0 2e-08 -3249270000.0 2.41166e+13 1e-08 2.519e-07 -5.981e-04 -1.403e-02 -1.626e-03 2.317e-08 5.0000e-02 -2.603e-03 -2.452e-03
0.5 0.277777777778 0 0 2e-08 -3249270000.0 2.41166e+13 1e-08 4.543e-07 -3.805e-04 -1.784e-02 -1.971e-03 4.180e-08 0.50000 -2.357e-04 -3.041e-06
0.05 0.282828282828 0 0 2e-08 -3249270000.0 2.41166e+13 1e-08 3.013e-07 -6.414e-04 -1.674e-02 -1.868e-03 2.772e-08 5.0000e-02 -3.120e-03 -2.939e-03
0.5 0.282828282828 0 0 2e-08 -3249270000.0 2.41166e+13 1e-08 5.428e-07 -3.806e-04 -2.125e-02 -2.276e-03 4.994e-08 0.50000 -2.809e-04 -3.608e-06
0.05 0.287878787879 0 0 2e-08 -3249270000.0 2.41166e+13 1e-08 3.599e-07 -6.925e-04 -1.995e-02 -2.152e-03 3.312e-08 5.0000e-02 -3.729e-03 -3.515e-03
0.5 0.287878787879 0 0 2e-08 -3249270000.0 2.41166e+13 1e-08 6.484e-07 -3.806e-04 -2.531e-02 -2.637e-03 5.965e-08 0.50000 -3.345e-04 -4.274e-06
0.05 0.292929292929 0 0 2e-08 -3249270000.0 2.41166e+13 1e-08 4.305e-07 -7.542e-04 -2.379e-02 -2.494e-03 3.960e-08 5.0000e-02 -4.465e-03 -4.210e-03
0.5 0.292929292929 0 0 2e-08 -3249270000.0 2.41166e+13 1e-08 7.743e-07 -3.807e-04 -3.013e-02 -3.067e-03 7.123e-08 0.50000 -3.981e-04 -5.051e-06
0.05 0.29797979798 0 0 2e-08 -3249270000.0 2.41166e+13 1e-08 5.145e-07 -8.281e-04 -2.835e-02 -2.899e-03 4.733e-08 5.0000e-02 -5.345e-03 -5.041e-03
0.5 0.29797979798 0 0 2e-08 -3249270000.0 2.41166e+13 1e-08 9.245e-07 -3.808e-04 -3.586e-02 -3.578e-03 8.506e-08 0.50000 -4.737e-04 -5.955e-06
0.05 0.30303030303 0 0 2e-08 -3249270000.0 2.41166e+13 1e-08 6.146e-07 -9.156e-04 -3.375e-02 -3.379e-03 5.654e-08 5.0000e-02 -6.388e-03 -6.027e-03
0.5 0.30303030303 0 0 2e-08 -3249270000.0 2.41166e+13 1e-08 1.099e-06 -3.809e-04 -4.247e-02 -4.167e-03 1.011e-07 0.50000 -5.610e-04 -6.973e-06
0.05 0.308080808081 0 0 2e-08 -3249270000.0 2.41166e+13 1e-08 7.338e-07 -1.020e-03 -4.016e-02 -3.948e-03 6.751e-08 5.0000e-02 -7.633e-03 -7.203e-03
0.5 0.308080808081 0 0 2e-08 -3249270000.0 2.41166e+13 1e-08 1.308e-06 -3.810e-04 -5.036e-02 -4.870e-03 1.203e-07 0.50000 -6.651e-04 -8.143e-06
0.05 0.313131313131 0 0 2e-08 -3249270000.0 2.41166e+13 1e-08 8.764e-07 -1.145e-03 -4.779e-02 -4.625e-03 8.063e-08 5.0000e-02 -9.119e-03 -8.608e-03
0.5 0.313131313131 0 0 2e-08 -3249270000.0 2.41166e+13 1e-08 1.565e-06 -3.811e-04 -6.005e-02 -5.734e-03 1.440e-07 0.50000 -7.928e-04 -9.521e-06
0.05 0.318181818182 0 0 2e-08 -3249270000.0 2.41166e+13 1e-08 1.046e-06 -1.293e-03 -5.681e-02 -5.426e-03 9.624e-08 5.0000e-02 -1.088e-02 -1.027e-02
0.5 0.318181818182 0 0 2e-08 -3249270000.0 2.41166e+13 1e-08 1.870e-06 -3.812e-04 -7.147e-02 -6.752e-03 1.721e-07 0.50000 -9.434e-04 -1.106e-05
0.05 0.323232323232 0 0 2e-08 -3249270000.0 2.41166e+13 1e-08 1.249e-06 -1.471e-03 -6.756e-02 -6.381e-03 1.149e-07 5.0000e-02 -1.300e-02 -1.228e-02
0.5 0.323232323232 0 0 2e-08 -3249270000.0 2.41166e+13 1e-08 2.231e-06 -3.814e-04 -8.492e-02 -7.951e-03 2.052e-07 0.50000 -1.120e-03 -1.274e-05
0.05 0.328282828283 0 0 2e-08 -3249270000.0 2.41166e+13 1e-08 1.493e-06 -1.683e-03 -8.039e-02 -7.520e-03 1.374e-07 5.0000e-02 -1.552e-02 -1.466e-02
0.5 0.328282828283 0 0 2e-08 -3249270000.0 2.41166e+13 1e-08 2.664e-06 -3.816e-04 -0.1010 -9.388e-03 2.451e-07 0.50000 -1.333e-03 -1.459e-05
0.05 0.333333333333 0 0 2e-08 -3249270000.0 2.41166e+13 1e-08 1.783e-06 -1.933e-03 -9.556e-02 -8.867e-03 1.640e-07 5.0000e-02 -1.850e-02 -1.748e-02
0.5 0.333333333333 0 0 2e-08 -3249270000.0 2.41166e+13 1e-08 3.177e-06 -3.817e-04 -0.1201 -1.108e-02 2.923e-07 0.50000 -1.583e-03 -1.655e-05
0.05 0.338383838384 0 0 2e-08 -3249270000.0 2.41166e+13 1e-08 2.133e-06 -2.232e-03 -0.1137 -1.048e-02 1.962e-07 5.0000e-02 -2.206e-02 -2.084e-02
0.5 0.338383838384 0 0 2e-08 -3249270000.0 2.41166e+13 1e-08 3.798e-06 -3.819e-04 -0.1431 -1.313e-02 3.494e-07 0.50000 -1.885e-03 -1.859e-05
0.05 0.343434343434 0 0 2e-08 -3249270000.0 2.41166e+13 1e-08 2.545e-06 -2.583e-03 -0.1351 -1.238e-02 2.341e-07 5.0000e-02 -2.624e-02 -2.480e-02
0.5 0.343434343434 0 0 2e-08 -3249270000.0 2.41166e+13 1e-08 4.555e-06 -3.821e-04 -0.1712 -1.563e-02 4.191e-07 0.50000 -2.254e-03 -2.066e-05
0.05 0.348484848485 0 0 2e-08 -3249270000.0 2.41166e+13 1e-08 3.058e-06 -3.007e-03 -0.1615 -1.472e-02 2.813e-07 5.0000e-02 -3.129e-02 -2.957e-02
0.5 0.348484848485 0 0 2e-08 -3249270000.0 2.41166e+13 1e-08 5.434e-06 -3.823e-04 -0.2038 -1.854e-02 4.999e-07 0.50000 -2.682e-03 -2.252e-05
0.05 0.353535353535 0 0 2e-08 -3249270000.0 2.41166e+13 1e-08 3.670e-06 -3.503e-03 -0.1928 -1.749e-02 3.376e-07 5.0000e-02 -3.722e-02 -3.516e-02
0.5 0.353535353535 0 0 2e-08 -3249270000.0 2.41166e+13 1e-08 6.459e-06 -3.824e-04 -0.2422 -2.194e-02 5.942e-07 0.50000 -3.183e-03 -2.406e-05
0.05 0.358585858586 0 0 2e-08 -3249270000.0 2.41166e+13 1e-08 4.421e-06 -4.094e-03 -0.2312 -2.089e-02 4.068e-07 5.0000e-02 -4.427e-02 -4.180e-02
0.5 0.358585858586 0 0 2e-08 -3249270000.0 2.41166e+13 1e-08 7.840e-06 -3.825e-04 -0.2943 -2.656e-02 7.212e-07 0.50000 -3.865e-03 -2.526e-05
0.05 0.363636363636 0 0 2e-08 -3249270000.0 2.41166e+13 1e-08 5.339e-06 -4.795e-03 -0.2780 -2.503e-02 4.912e-07 5.0000e-02 -5.268e-02 -4.970e-02
0.5 0.363636363636 0 0 2e-08 -3249270000.0 2.41166e+13 1e-08 9.464e-06 -3.825e-04 -0.3567 -3.208e-02 8.706e-07 0.50000 -4.680e-03 -2.564e-05
0.05 0.368686868687 0 0 2e-08 -3249270000.0 2.41166e+13 1e-08 6.487e-06 -5.625e-03 -0.3367 -3.019e-02 5.968e-07 5.0000e-02 -6.267e-02 -5.905e-02
0.5 0.368686868687 0 0 2e-08 -3249270000.0 2.41166e+13 1e-08 1.151e-05 -3.825e-04 -0.4375 -3.918e-02 1.059e-06 0.50000 -5.733e-03 -2.496e-05
0.05 0.373737373737 0 0 2e-08 -3249270000.0 2.41166e+13 1e-08 7.934e-06 -6.601e-03 -0.4110 -3.671e-02 7.299e-07 5.0000e-02 -7.448e-02 -7.003e-02
0.5 0.373737373737 0 0 2e-08 -3249270000.0 2.41166e+13 1e-08 1.409e-05 -3.823e-04 -0.5432 -4.841e-02 1.296e-06 0.50000 -7.110e-03 -2.293e-05
0.05 0.378787878788 0 0 2e-08 -3249270000.0 2.41166e+13 1e-08 9.838e-06 -7.776e-03 -0.5100 -4.535e-02 9.051e-07 5.0000e-02 -8.884e-02 -8.327e-02
0.5 0.378787878788 0 0 2e-08 -3249270000.0 2.41166e+13 1e-08 1.767e-05 -3.820e-04 -0.6992 -6.186e-02 1.626e-06 0.50000 -9.141e-03 -1.905e-05
0.05 0.383838383838 0 0 2e-08 -3249270000.0 2.41166e+13 1e-08 1.248e-05 -9.183e-03 -0.6506 -5.749e-02 1.148e-06 5.0000e-02 -0.1063 -9.912e-02
0.5 0.383838383838 0 0 2e-08 -3249270000.0 2.41166e+13 1e-08 2.270e-05 -3.815e-04 -0.9411 -8.220e-02 2.089e-06 0.50000 -1.229e-02 -1.343e-05
0.05 0.388888888889 0 0 2e-08 -3249270000.0 2.41166e+13 1e-08 1.629e-05 -1.081e-02 -0.8627 -7.541e-02 1.499e-06 5.0000e-02 -0.1271 -0.1174
0.5 0.388888888889 0 0 2e-08 -3249270000.0 2.41166e+13 1e-08 3.090e-05 -3.809e-04 -1.3814 -0.1169 2.843e-06 0.50000 -1.803e-02 -6.924e-06
0.05 0.393939393939 0 0 2e-08 -3249270000.0 2.41166e+13 1e-08 2.255e-05 -1.270e-02 -1.2325 -0.1052 2.075e-06 5.0000e-02 -0.1530 -0.1387
0.5 0.393939393939 0 0 2e-08 -3249270000.0 2.41166e+13 1e-08 4.215e-05 -3.806e-04 -1.9151 -0.1535 3.878e-06 0.50000 -2.499e-02 -3.542e-06
0.05 0.39898989899 0 0 2e-08 -3249270000.0 2.41166e+13 1e-08 3.286e-05 -1.509e-02 -1.7983 -0.1457 3.023e-06 5.0000e-02 -0.1871 -0.1658
0.5 0.39898989899 0 0 2e-08 -3249270000.0 2.41166e+13 1e-08 5.225e-05 -3.805e-04 -2.2435 -0.1721 4.807e-06 0.50000 -2.927e-02 -2.702e-06
0.05 0.40404040404 0 0 2e-08 -3249270000.0 2.41166e+13 1e-08 4.307e-05 -1.794e-02 -2.1913 -0.1690 3.963e-06 5.0000e-02 -0.2239 -0.1979
0.5 0.40404040404 0 0 2e-08 -3249270000.0 2.41166e+13 1e-08 6.237e-05 -3.805e-04 -2.4828 -0.1834 5.738e-06 0.50000 -3.239e-02 -2.437e-06
0.05 0.409090909091 0 0 2e-08 -3249270000.0 2.41166e+13 1e-08 5.203e-05 -2.143e-02 -2.4390 -0.1811 4.786e-06 5.0000e-02 -0.2661 -0.2373
0.5 0.409090909091 0 0 2e-08 -3249270000.0 2.41166e+13 1e-08 7.194e-05 -3.805e-04 -2.6612 -0.1905 6.618e-06 0.50000 -3.472e-02 -2.381e-06
0.05 0.414141414141 0 0 2e-08 -3249270000.0 2.41166e+13 1e-08 6.071e-05 -2.565e-02 -2.6282 -0.1889 5.585e-06 5.0000e-02 -0.3157 -0.2851
0.5 0.414141414141 0 0 2e-08 -3249270000.0 2.41166e+13 1e-08 8.120e-05 -3.805e-04 -2.8055 -0.1953 7.471e-06 0.50000 -3.661e-02 -2.411e-06
0.05 0.419191919192 0 0 2e-08 -3249270000.0 2.41166e+13 1e-08 6.967e-05 -3.098e-02 -2.7900 -0.1945 6.410e-06 5.0000e-02 -0.3776 -0.3457
0.5 0.419191919192 0 0 2e-08 -3249270000.0 2.41166e+13 1e-08 9.229e-05 -3.805e-04 -2.9531 -0.1992 8.491e-06 0.50000 -3.853e-02 -2.511e-06
0.05 0.424242424242 0 0 2e-08 -3249270000.0 2.41166e+13 1e-08 7.897e-05 -3.781e-02 -2.9337 -0.1985 7.265e-06 5.0000e-02 -0.4562 -0.4235
0.5 0.424242424242 0 0 2e-08 -3249270000.0 2.41166e+13 1e-08 1.039e-04 -3.805e-04 -3.0862 -0.2020 9.557e-06 0.50000 -4.027e-02 -2.653e-06
0.05 0.429292929293 0 0 2e-08 -3249270000.0 2.41166e+13 1e-08 8.886e-05 -4.674e-02 -3.0666 -0.2014 8.175e-06 5.0000e-02 -0.5592 -0.5260
0.5 0.429292929293 0 0 2e-08 -3249270000.0 2.41166e+13 1e-08 1.157e-04 -3.805e-04 -3.2057 -0.2038 1.064e-05 0.50000 -4.183e-02 -2.825e-06
0.05 0.434343434343 0 0 2e-08 -3249270000.0 2.41166e+13 1e-08 9.980e-05 -5.906e-02 -3.1957 -0.2035 9.182e-06 5.0000e-02 -0.7020 -0.6690
0.5 0.434343434343 0 0 2e-08 -3249270000.0 2.41166e+13 1e-08 1.272e-04 -3.805e-04 -3.3108 -0.2048 1.170e-05 0.50000 -4.320e-02 -3.108e-06
0.05 0.439393939394 0 0 2e-08 -3249270000.0 2.41166e+13 1e-08 1.098e-04 -7.820e-02 -3.3054 -0.2047 1.010e-05 5.0000e-02 -0.9276 -0.8962
0.5 0.439393939394 0 0 2e-08 -3249270000.0 2.41166e+13 1e-08 1.364e-04 -3.806e-04 -3.3876 -0.2052 1.255e-05 0.50000 -4.420e-02 -3.465e-06
0.05 0.444444444444 0 0 2e-08 -3249270000.0 2.41166e+13 1e-08 1.165e-04 -0.1095 -3.3845 -0.2051 1.071e-05 5.0000e-02 -1.3158 -1.2885
0.5 0.444444444444 0 0 2e-08 -3249270000.0 2.41166e+13 1e-08 1.463e-04 -3.806e-04 -3.4648 -0.2053 1.346e-05 0.50000 -4.521e-02 -3.912e-06
0.05 0.449494949495 0 0 2e-08 -3249270000.0 2.41166e+13 1e-08 1.212e-04 -0.1474 -3.4594 -0.2053 1.115e-05 5.0000e-02 -1.8458 -1.8245
0.5 0.449494949495 0 0 2e-08 -3249270000.0 2.41166e+13 1e-08 1.562e-04 -3.807e-04 -3.5370 -0.2051 1.437e-05 0.50000 -4.615e-02 -4.383e-06
0.05 0.454545454545 0 0 2e-08 -3249270000.0 2.41166e+13 1e-08 1.251e-04 -0.1695 -3.5360 -0.2052 1.151e-05 5.0000e-02 -2.2181 -2.2007
0.5 0.454545454545 0 0 2e-08 -3249270000.0 2.41166e+13 1e-08 1.675e-04 -3.807e-04 -3.6136 -0.2046 1.541e-05 0.50000 -4.715e-02 -4.974e-06
0.05 0.459595959596 0 0 2e-08 -3249270000.0 2.41166e+13 1e-08 1.287e-04 -0.1817 -3.6103 -0.2047 1.184e-05 5.0000e-02 -2.4675 -2.4523
0.5 0.459595959596 0 0 2e-08 -3249270000.0 2.41166e+13 1e-08 1.786e-04 -3.808e-04 -3.6850 -0.2038 1.643e-05 0.50000 -4.808e-02 -5.638e-06
0.05 0.464646464646 0 0 2e-08 -3249270000.0 2.41166e+13 1e-08 1.321e-04 -0.1896 -3.6822 -0.2040 1.215e-05 5.0000e-02 -2.6599 -2.6464
0.5 0.464646464646 0 0 2e-08 -3249270000.0 2.41166e+13 1e-08 1.898e-04 -3.808e-04 -3.7529 -0.2028 1.746e-05 0.50000 -4.897e-02 -6.411e-06
0.05 0.469696969697 0 0 2e-08 -3249270000.0 2.41166e+13 1e-08 1.354e-04 -0.1950 -3.7515 -0.2031 1.246e-05 5.0000e-02 -2.8191 -2.8068
0.5 0.469696969697 0 0 2e-08 -3249270000.0 2.41166e+13 1e-08 2.012e-04 -3.809e-04 -3.8184 -0.2016 1.851e-05 0.50000 -4.982e-02 -7.322e-06
0.05 0.474747474747 0 0 2e-08 -3249270000.0 2.41166e+13 1e-08 1.385e-04 -0.1988 -3.8177 -0.2019 1.274e-05 5.0000e-02 -2.9562 -2.9448
0.5 0.474747474747 0 0 2e-08 -3249270000.0 2.41166e+13 1e-08 2.127e-04 -3.810e-04 -3.8810 -0.2003 1.957e-05 0.50000 -5.064e-02 -8.358e-06
0.05 0.479797979798 0 0 2e-08 -3249270000.0 2.41166e+13 1e-08 1.414e-04 -0.2014 -3.8812 -0.2006 1.301e-05 5.0000e-02 -3.0777 -3.0671
0.5 0.479797979798 0 0 2e-08 -3249270000.0 2.41166e+13 1e-08 2.241e-04 -3.811e-04 -3.9401 -0.1988 2.062e-05 0.50000 -5.142e-02 -9.589e-06
0.05 0.484848484848 0 0 2e-08 -3249270000.0 2.41166e+13 1e-08 1.442e-04 -0.2033 -3.9416 -0.1991 1.327e-05 5.0000e-02 -3.1856 -3.1756
0.5 0.484848484848 0 0 2e-08 -3249270000.0 2.41166e+13 1e-08 2.357e-04 -3.812e-04 -3.9979 -0.1971 2.169e-05 0.50000 -5.217e-02 -1.105e-05
0.05 0.489898989899 0 0 2e-08 -3249270000.0 2.41166e+13 1e-08 1.468e-04 -0.2044 -4.0011 -0.1975 1.350e-05 5.0000e-02 -3.2876 -3.2781
0.5 0.489898989899 0 0 2e-08 -3249270000.0 2.41166e+13 1e-08 2.479e-04 -3.814e-04 -4.0556 -0.1952 2.280e-05 0.50000 -5.292e-02 -1.276e-05
0.05 0.494949494949 0 0 2e-08 -3249270000.0 2.41166e+13 1e-08 1.492e-04 -0.2051 -4.0577 -0.1957 1.373e-05 5.0000e-02 -3.3804 -3.3715
0.5 0.494949494949 0 0 2e-08 -3249270000.0 2.41166e+13 1e-08 2.596e-04 -3.816e-04 -4.1091 -0.1933 2.388e-05 0.50000 -5.362e-02 -1.476e-05
0.05 0.5 0 0 2e-08 -3249270000.0 2.41166e+13 1e-08 1.516e-04 -0.2053 -4.1125 -0.1938 1.395e-05 5.0000e-02 -3.4669 -3.4584
0.5 0.5 0 0 2e-08 -3249270000.0 2.41166e+13 1e-08 2.715e-04 -3.818e-04 -4.1613 -0.1913 2.498e-05 0.50000 -5.431e-02 -1.703e-05
