Vd Vg Vs Vb Lg Ids mu  
0.0 0.1 0 0 1e-07 0.0 0.0190229627883
0.010101010101 0.1 0 0 1e-07 2.01406803619e-12 0.0189074742308
0.020202020202 0.1 0 0 1e-07 3.29475686725e-12 0.018830384353
0.030303030303 0.1 0 0 1e-07 4.10002960491e-12 0.0187802310532
0.040404040404 0.1 0 0 1e-07 4.60938422381e-12 0.0187477646724
0.0505050505051 0.1 0 0 1e-07 4.93751031491e-12 0.0187265221081
0.0606060606061 0.1 0 0 1e-07 5.15437472111e-12 0.0187123344653
0.0707070707071 0.1 0 0 1e-07 5.30189475618e-12 0.0187026138069
0.0808080808081 0.1 0 0 1e-07 5.40521287769e-12 0.0186957714096
0.0909090909091 0.1 0 0 1e-07 5.4796137613e-12 0.0186908262685
0.10101010101 0.1 0 0 1e-07 5.53458133193e-12 0.0186871630787
0.111111111111 0.1 0 0 1e-07 5.57614235137e-12 0.0186843878137
0.121212121212 0.1 0 0 1e-07 5.60822339159e-12 0.0186822423043
0.131313131313 0.1 0 0 1e-07 5.63344647983e-12 0.0186805534253
0.141414141414 0.1 0 0 1e-07 5.65360418446e-12 0.0186792024321
0.151515151515 0.1 0 0 1e-07 5.66994930745e-12 0.0186781061243
0.161616161616 0.1 0 0 1e-07 5.68337545763e-12 0.0186772050369
0.171717171717 0.1 0 0 1e-07 5.6945321027e-12 0.0186764558786
0.181818181818 0.1 0 0 1e-07 5.70389945264e-12 0.0186758265979
0.191919191919 0.1 0 0 1e-07 5.71183819627e-12 0.0186752930937
0.20202020202 0.1 0 0 1e-07 5.71862317356e-12 0.0186748369843
0.212121212121 0.1 0 0 1e-07 5.72446658387e-12 0.0186744440651
0.222222222222 0.1 0 0 1e-07 5.72953425286e-12 0.0186741032293
0.232323232323 0.1 0 0 1e-07 5.73395721063e-12 0.0186738056951
0.242424242424 0.1 0 0 1e-07 5.73784005478e-12 0.0186735444489
0.252525252525 0.1 0 0 1e-07 5.74126707147e-12 0.0186733138364
0.262626262626 0.1 0 0 1e-07 5.74430677241e-12 0.0186731092585
0.272727272727 0.1 0 0 1e-07 5.74701529795e-12 0.0186729269475
0.282828282828 0.1 0 0 1e-07 5.7494389956e-12 0.0186727637911
0.292929292929 0.1 0 0 1e-07 5.75161639526e-12 0.0186726171998
0.30303030303 0.1 0 0 1e-07 5.75357973643e-12 0.0186724850083
0.313131313131 0.1 0 0 1e-07 5.75535615884e-12 0.018672365393
0.323232323232 0.1 0 0 1e-07 5.75696863882e-12 0.0186722568085
0.333333333333 0.1 0 0 1e-07 5.75843673217e-12 0.0186721579406
0.343434343434 0.1 0 0 1e-07 5.75977716595e-12 0.0186720676642
0.353535353535 0.1 0 0 1e-07 5.76100431563e-12 0.0186719850131
0.363636363636 0.1 0 0 1e-07 5.76213059023e-12 0.0186719091524
0.373737373737 0.1 0 0 1e-07 5.76316674631e-12 0.018671839359
0.383838383838 0.1 0 0 1e-07 5.76412214447e-12 0.0186717750018
0.393939393939 0.1 0 0 1e-07 5.76500496181e-12 0.0186717155316
0.40404040404 0.1 0 0 1e-07 5.76582236648e-12 0.0186716604663
0.414141414141 0.1 0 0 1e-07 5.76658066328e-12 0.0186716093804
0.424242424242 0.1 0 0 1e-07 5.76728541571e-12 0.0186715619006
0.434343434343 0.1 0 0 1e-07 5.76794154806e-12 0.0186715176956
0.444444444444 0.1 0 0 1e-07 5.76855343124e-12 0.0186714764704
0.454545454545 0.1 0 0 1e-07 5.769124956e-12 0.0186714379631
0.464646464646 0.1 0 0 1e-07 5.76965959478e-12 0.0186714019399
0.474747474747 0.1 0 0 1e-07 5.77016045469e-12 0.0186713681927
0.484848484848 0.1 0 0 1e-07 5.77063032213e-12 0.0186713365326
0.494949494949 0.1 0 0 1e-07 5.77107170227e-12 0.0186713067914
0.505050505051 0.1 0 0 1e-07 5.77148685226e-12 0.0186712788174
0.515151515152 0.1 0 0 1e-07 5.77187780997e-12 0.0186712524731
0.525252525253 0.1 0 0 1e-07 5.77224641911e-12 0.0186712276338
0.535353535354 0.1 0 0 1e-07 5.77259435121e-12 0.0186712041877
0.545454545455 0.1 0 0 1e-07 5.77292312434e-12 0.0186711820325
0.555555555556 0.1 0 0 1e-07 5.77323411972e-12 0.0186711610752
0.565656565657 0.1 0 0 1e-07 5.77352859638e-12 0.018671141231
0.575757575758 0.1 0 0 1e-07 5.77380770387e-12 0.0186711224219
0.585858585859 0.1 0 0 1e-07 5.77407249326e-12 0.0186711045772
0.59595959596 0.1 0 0 1e-07 5.77432392752e-12 0.0186710876325
0.606060606061 0.1 0 0 1e-07 5.77456289009e-12 0.0186710715286
0.616161616162 0.1 0 0 1e-07 5.77479019209e-12 0.0186710562099
0.626262626263 0.1 0 0 1e-07 5.77500658022e-12 0.0186710416266
0.636363636364 0.1 0 0 1e-07 5.77521274215e-12 0.0186710277327
0.646464646465 0.1 0 0 1e-07 5.77540931221e-12 0.0186710144846
0.656565656566 0.1 0 0 1e-07 5.7755968765e-12 0.0186710018439
0.666666666667 0.1 0 0 1e-07 5.77577597675e-12 0.0186709897733
0.676767676768 0.1 0 0 1e-07 5.77594711464e-12 0.018670978239
0.686868686869 0.1 0 0 1e-07 5.77611075541e-12 0.0186709672103
0.69696969697 0.1 0 0 1e-07 5.77626733062e-12 0.0186709566574
0.707070707071 0.1 0 0 1e-07 5.77641724127e-12 0.0186709465542
0.717171717172 0.1 0 0 1e-07 5.77656086027e-12 0.0186709368745
0.727272727273 0.1 0 0 1e-07 5.77669853491e-12 0.0186709275956
0.737373737374 0.1 0 0 1e-07 5.77683058865e-12 0.0186709186948
0.747474747475 0.1 0 0 1e-07 5.77695732352e-12 0.018670910153
0.757575757576 0.1 0 0 1e-07 5.77707902146e-12 0.0186709019511
0.767676767677 0.1 0 0 1e-07 5.77719594571e-12 0.0186708940703
0.777777777778 0.1 0 0 1e-07 5.77730834275e-12 0.0186708864947
0.787878787879 0.1 0 0 1e-07 5.77741644336e-12 0.0186708792083
0.79797979798 0.1 0 0 1e-07 5.77752046378e-12 0.0186708721971
0.808080808081 0.1 0 0 1e-07 5.77762060691e-12 0.0186708654478
0.818181818182 0.1 0 0 1e-07 5.77771706283e-12 0.0186708589461
0.828282828283 0.1 0 0 1e-07 5.77781001061e-12 0.0186708526813
0.838383838384 0.1 0 0 1e-07 5.77789961832e-12 0.0186708466419
0.848484848485 0.1 0 0 1e-07 5.77798604392e-12 0.0186708408164
0.858585858586 0.1 0 0 1e-07 5.7780694365e-12 0.0186708351958
0.868686868687 0.1 0 0 1e-07 5.7781499362e-12 0.0186708297695
0.878787878788 0.1 0 0 1e-07 5.77822767546e-12 0.0186708245298
0.888888888889 0.1 0 0 1e-07 5.77830277892e-12 0.0186708194674
0.89898989899 0.1 0 0 1e-07 5.77837536461e-12 0.0186708145753
0.909090909091 0.1 0 0 1e-07 5.77844554348e-12 0.0186708098444
0.919191919192 0.1 0 0 1e-07 5.77851342118e-12 0.0186708052696
0.929292929293 0.1 0 0 1e-07 5.778579097e-12 0.0186708008428
0.939393939394 0.1 0 0 1e-07 5.77864266515e-12 0.0186707965579
0.949494949495 0.1 0 0 1e-07 5.778704215e-12 0.0186707924091
0.959595959596 0.1 0 0 1e-07 5.778763831e-12 0.018670788391
0.969696969697 0.1 0 0 1e-07 5.77882159336e-12 0.0186707844975
0.979797979798 0.1 0 0 1e-07 5.77887757809e-12 0.018670780724
0.989898989899 0.1 0 0 1e-07 5.77893185739e-12 0.0186707770648
1.0 0.1 0 0 1e-07 5.7789844999e-12 0.0186707735165
0.0 0.2 0 0 1e-07 0.0 0.0337322755181
0.010101010101 0.2 0 0 1e-07 1.66693818851e-10 0.0333390168117
0.020202020202 0.2 0 0 1e-07 2.67421598698e-10 0.0330725136463
0.030303030303 0.2 0 0 1e-07 3.2709835626e-10 0.0328994508544
0.040404040404 0.2 0 0 1e-07 3.62803369229e-10 0.0327883220707
0.0505050505051 0.2 0 0 1e-07 3.8479055338e-10 0.032716163158
0.0606060606061 0.2 0 0 1e-07 3.98847940447e-10 0.0326681841963
0.0707070707071 0.2 0 0 1e-07 4.0819444769e-10 0.0326353473574
0.0808080808081 0.2 0 0 1e-07 4.1464333449e-10 0.0326121982567
0.0909090909091 0.2 0 0 1e-07 4.19244012957e-10 0.0325954143167
0.10101010101 0.2 0 0 1e-07 4.22624086749e-10 0.0325829302074
0.111111111111 0.2 0 0 1e-07 4.25171849036e-10 0.0325734297747
0.121212121212 0.2 0 0 1e-07 4.27135510756e-10 0.0325660521212
0.131313131313 0.2 0 0 1e-07 4.2867862674e-10 0.0325602195884
0.141414141414 0.2 0 0 1e-07 4.29911994398e-10 0.0325555351329
0.151515151515 0.2 0 0 1e-07 4.30912573472e-10 0.0325517197039
0.161616161616 0.2 0 0 1e-07 4.31735038215e-10 0.0325485731357
0.171717171717 0.2 0 0 1e-07 4.3241902595e-10 0.0325459491461
0.181818181818 0.2 0 0 1e-07 4.32993801964e-10 0.0325437390061
0.191919191919 0.2 0 0 1e-07 4.33481332416e-10 0.0325418606403
0.20202020202 0.2 0 0 1e-07 4.33898352348e-10 0.0325402512163
0.212121212121 0.2 0 0 1e-07 4.34257785077e-10 0.0325388620122
0.222222222222 0.2 0 0 1e-07 4.34569733946e-10 0.0325376547991
0.232323232323 0.2 0 0 1e-07 4.34842187016e-10 0.0325365992586
0.242424242424 0.2 0 0 1e-07 4.35081525316e-10 0.0325356711056
0.252525252525 0.2 0 0 1e-07 4.35292894562e-10 0.0325348507079
0.262626262626 0.2 0 0 1e-07 4.35480480715e-10 0.0325341220624
0.272727272727 0.2 0 0 1e-07 4.35647716477e-10 0.0325334720197
0.282828282828 0.2 0 0 1e-07 4.35797438008e-10 0.0325328896981
0.292929292929 0.2 0 0 1e-07 4.35932004828e-10 0.0325323660301
0.30303030303 0.2 0 0 1e-07 4.36053392716e-10 0.0325318934135
0.313131313131 0.2 0 0 1e-07 4.3616326606e-10 0.0325314654359
0.323232323232 0.2 0 0 1e-07 4.36263034889e-10 0.0325310766587
0.333333333333 0.2 0 0 1e-07 4.36353900074e-10 0.0325307224451
0.343434343434 0.2 0 0 1e-07 4.36436889437e-10 0.0325303988236
0.353535353535 0.2 0 0 1e-07 4.36512886771e-10 0.0325301023755
0.363636363636 0.2 0 0 1e-07 4.36582655446e-10 0.0325298301465
0.373737373737 0.2 0 0 1e-07 4.36646857468e-10 0.0325295795719
0.383838383838 0.2 0 0 1e-07 4.36706069272e-10 0.0325293484178
0.393939393939 0.2 0 0 1e-07 4.36760794601e-10 0.0325291347304
0.40404040404 0.2 0 0 1e-07 4.36811475262e-10 0.0325289367956
0.414141414141 0.2 0 0 1e-07 4.36858499996e-10 0.0325287531034
0.424242424242 0.2 0 0 1e-07 4.36902211995e-10 0.0325285823216
0.434343434343 0.2 0 0 1e-07 4.36942915105e-10 0.0325284232687
0.444444444444 0.2 0 0 1e-07 4.36980879149e-10 0.0325282748964
0.454545454545 0.2 0 0 1e-07 4.37016344377e-10 0.0325281362697
0.464646464646 0.2 0 0 1e-07 4.37049525273e-10 0.0325280065544
0.474747474747 0.2 0 0 1e-07 4.37080613825e-10 0.0325278850037
0.484848484848 0.2 0 0 1e-07 4.37109782244e-10 0.0325277709465
0.494949494949 0.2 0 0 1e-07 4.3713718541e-10 0.0325276637801
0.505050505051 0.2 0 0 1e-07 4.37162962893e-10 0.0325275629609
0.515151515152 0.2 0 0 1e-07 4.3718724074e-10 0.032527467997
0.525252525253 0.2 0 0 1e-07 4.37210133032e-10 0.0325273784449
0.535353535354 0.2 0 0 1e-07 4.37231743197e-10 0.0325272939007
0.545454545455 0.2 0 0 1e-07 4.37252165185e-10 0.0325272139984
0.555555555556 0.2 0 0 1e-07 4.3727148452e-10 0.0325271384042
0.565656565657 0.2 0 0 1e-07 4.37289779147e-10 0.0325270668147
0.575757575758 0.2 0 0 1e-07 4.37307120261e-10 0.032526998951
0.585858585859 0.2 0 0 1e-07 4.37323572972e-10 0.0325269345599
0.59595959596 0.2 0 0 1e-07 4.37339196933e-10 0.0325268734086
0.606060606061 0.2 0 0 1e-07 4.37354046869e-10 0.0325268152831
0.616161616162 0.2 0 0 1e-07 4.37368173064e-10 0.0325267599874
0.626262626263 0.2 0 0 1e-07 4.3738162179e-10 0.0325267073408
0.636363636364 0.2 0 0 1e-07 4.37394435676e-10 0.0325266571764
0.646464646465 0.2 0 0 1e-07 4.37406654056e-10 0.0325266093415
0.656565656566 0.2 0 0 1e-07 4.37418313247e-10 0.032526563693
0.666666666667 0.2 0 0 1e-07 4.37429446857e-10 0.0325265201005
0.676767676768 0.2 0 0 1e-07 4.3744008601e-10 0.0325264784427
0.686868686869 0.2 0 0 1e-07 4.37450259543e-10 0.0325264386058
0.69696969697 0.2 0 0 1e-07 4.37459994233e-10 0.0325264004861
0.707070707071 0.2 0 0 1e-07 4.37469314956e-10 0.0325263639857
0.717171717172 0.2 0 0 1e-07 4.37478244861e-10 0.0325263290147
0.727272727273 0.2 0 0 1e-07 4.37486805482e-10 0.0325262954887
0.737373737374 0.2 0 0 1e-07 4.37495016911e-10 0.0325262633292
0.747474747475 0.2 0 0 1e-07 4.37502897867e-10 0.0325262324631
0.757575757576 0.2 0 0 1e-07 4.37510465861e-10 0.0325262028218
0.767676767677 0.2 0 0 1e-07 4.37517737239e-10 0.0325261743413
0.777777777778 0.2 0 0 1e-07 4.37524727299e-10 0.0325261469619
0.787878787879 0.2 0 0 1e-07 4.37531450361e-10 0.0325261206275
0.79797979798 0.2 0 0 1e-07 4.37537919857e-10 0.0325260952859
0.808080808081 0.2 0 0 1e-07 4.37544148377e-10 0.0325260708876
0.818181818182 0.2 0 0 1e-07 4.37550147739e-10 0.032526047386
0.828282828283 0.2 0 0 1e-07 4.37555929052e-10 0.0325260247386
0.838383838384 0.2 0 0 1e-07 4.3756150275e-10 0.0325260029034
0.848484848485 0.2 0 0 1e-07 4.37566878656e-10 0.0325259818431
0.858585858586 0.2 0 0 1e-07 4.37572066011e-10 0.0325259615207
0.868686868687 0.2 0 0 1e-07 4.37577073541e-10 0.0325259419025
0.878787878788 0.2 0 0 1e-07 4.37581909462e-10 0.0325259229564
0.888888888889 0.2 0 0 1e-07 4.37586581522e-10 0.032525904652
0.89898989899 0.2 0 0 1e-07 4.37591097035e-10 0.0325258869604
0.909090909091 0.2 0 0 1e-07 4.37595462925e-10 0.0325258698544
0.919191919192 0.2 0 0 1e-07 4.37599685726e-10 0.0325258533093
0.929292929293 0.2 0 0 1e-07 4.37603771624e-10 0.0325258373
0.939393939394 0.2 0 0 1e-07 4.37607726471e-10 0.0325258218042
0.949494949495 0.2 0 0 1e-07 4.37611555816e-10 0.0325258067995
0.959595959596 0.2 0 0 1e-07 4.37615264914e-10 0.0325257922661
0.969696969697 0.2 0 0 1e-07 4.37618858732e-10 0.0325257781843
0.979797979798 0.2 0 0 1e-07 4.37622342019e-10 0.0325257645351
0.989898989899 0.2 0 0 1e-07 4.37625719248e-10 0.0325257513014
1.0 0.2 0 0 1e-07 4.37628994683e-10 0.0325257384664
0.0 0.3 0 0 1e-07 0.0 0.0569331631442
0.010101010101 0.3 0 0 1e-07 1.26419637952e-08 0.0566196966088
0.020202020202 0.3 0 0 1e-07 2.04794322305e-08 0.0563974861386
0.030303030303 0.3 0 0 1e-07 2.51376855397e-08 0.0562515957292
0.040404040404 0.3 0 0 1e-07 2.79142877124e-08 0.0561582302391
0.0505050505051 0.3 0 0 1e-07 2.96189467458e-08 0.0560979746932
0.0606060606061 0.3 0 0 1e-07 3.0708440569e-08 0.0560580882394
0.0707070707071 0.3 0 0 1e-07 3.14342055598e-08 0.0560308466152
0.0808080808081 0.3 0 0 1e-07 3.19365762393e-08 0.0560116465357
0.0909090909091 0.3 0 0 1e-07 3.22963177377e-08 0.0559977130904
0.10101010101 0.3 0 0 1e-07 3.25616274355e-08 0.0559873334618
0.111111111111 0.3 0 0 1e-07 3.27623341266e-08 0.0559794205089
0.121212121212 0.3 0 0 1e-07 3.29175415911e-08 0.0559732644098
0.131313131313 0.3 0 0 1e-07 3.30398731088e-08 0.0559683890256
0.141414141414 0.3 0 0 1e-07 3.31379076601e-08 0.055964466883
0.151515151515 0.3 0 0 1e-07 3.32176242066e-08 0.0559612675546
0.161616161616 0.3 0 0 1e-07 3.32832844413e-08 0.0559586255044
0.171717171717 0.3 0 0 1e-07 3.33379877716e-08 0.0559564195621
0.181818181818 0.3 0 0 1e-07 3.33840293771e-08 0.0559545595127
0.191919191919 0.3 0 0 1e-07 3.34231367377e-08 0.0559529771459
0.20202020202 0.3 0 0 1e-07 3.34566292786e-08 0.0559516201615
0.212121212121 0.3 0 0 1e-07 3.34855282593e-08 0.0559504479441
0.222222222222 0.3 0 0 1e-07 3.35106337836e-08 0.0559494285822
0.232323232323 0.3 0 0 1e-07 3.35325796591e-08 0.0559485367343
0.242424242424 0.3 0 0 1e-07 3.35518730715e-08 0.0559477520771
0.252525252525 0.3 0 0 1e-07 3.35689236759e-08 0.0559470581644
0.262626262626 0.3 0 0 1e-07 3.3584065203e-08 0.0559464415753
0.272727272727 0.3 0 0 1e-07 3.35975716959e-08 0.0559458912726
0.282828282828 0.3 0 0 1e-07 3.36096698453e-08 0.0559453981141
0.292929292929 0.3 0 0 1e-07 3.3620548458e-08 0.0559449544764
0.30303030303 0.3 0 0 1e-07 3.36303657917e-08 0.0559445539626
0.313131313131 0.3 0 0 1e-07 3.36392552888e-08 0.0559441911737
0.323232323232 0.3 0 0 1e-07 3.36473300952e-08 0.0559438615276
0.333333333333 0.3 0 0 1e-07 3.36546866489e-08 0.0559435611161
0.343434343434 0.3 0 0 1e-07 3.36614075508e-08 0.055943286589
0.353535353535 0.3 0 0 1e-07 3.36675638773e-08 0.0559430350617
0.363636363636 0.3 0 0 1e-07 3.36732170544e-08 0.0559428040399
0.373737373737 0.3 0 0 1e-07 3.36784203862e-08 0.0559425913576
0.383838383838 0.3 0 0 1e-07 3.3683220309e-08 0.0559423951272
0.393939393939 0.3 0 0 1e-07 3.36876574254e-08 0.0559422136973
0.40404040404 0.3 0 0 1e-07 3.36917673603e-08 0.0559420456183
0.414141414141 0.3 0 0 1e-07 3.36955814758e-08 0.0559418896136
0.424242424242 0.3 0 0 1e-07 3.36991274679e-08 0.0559417445555
0.434343434343 0.3 0 0 1e-07 3.37024298686e-08 0.0559416094444
0.444444444444 0.3 0 0 1e-07 3.37055104694e-08 0.0559414833926
0.454545454545 0.3 0 0 1e-07 3.37083886805e-08 0.0559413656088
0.464646464646 0.3 0 0 1e-07 3.37110818362e-08 0.0559412553863
0.474747474747 0.3 0 0 1e-07 3.37136054552e-08 0.0559411520921
0.484848484848 0.3 0 0 1e-07 3.37159734643e-08 0.0559410551582
0.494949494949 0.3 0 0 1e-07 3.37181983899e-08 0.0559409640734
0.505050505051 0.3 0 0 1e-07 3.37202915238e-08 0.0559408783769
0.515151515152 0.3 0 0 1e-07 3.37222630663e-08 0.0559407976523
0.525252525253 0.3 0 0 1e-07 3.37241222501e-08 0.0559407215226
0.535353535354 0.3 0 0 1e-07 3.37258774485e-08 0.055940649646
0.545454545455 0.3 0 0 1e-07 3.37275362696e-08 0.0559405817117
0.555555555556 0.3 0 0 1e-07 3.37291056384e-08 0.0559405174368
0.565656565657 0.3 0 0 1e-07 3.37305918695e-08 0.0559404565633
0.575757575758 0.3 0 0 1e-07 3.37320007302e-08 0.0559403988556
0.585858585859 0.3 0 0 1e-07 3.37333374964e-08 0.0559403440981
0.59595959596 0.3 0 0 1e-07 3.37346070021e-08 0.0559402920931
0.606060606061 0.3 0 0 1e-07 3.37358136829e-08 0.0559402426594
0.616161616162 0.3 0 0 1e-07 3.37369616153e-08 0.0559401956304
0.626262626263 0.3 0 0 1e-07 3.373805455e-08 0.0559401508525
0.636363636364 0.3 0 0 1e-07 3.37390959436e-08 0.0559401081846
0.646464646465 0.3 0 0 1e-07 3.37400889854e-08 0.0559400674962
0.656565656566 0.3 0 0 1e-07 3.37410366217e-08 0.0559400286668
0.666666666667 0.3 0 0 1e-07 3.37419415781e-08 0.0559399915849
0.676767676768 0.3 0 0 1e-07 3.37428063786e-08 0.0559399561472
0.686868686869 0.3 0 0 1e-07 3.37436333636e-08 0.055939922258
0.69696969697 0.3 0 0 1e-07 3.37444247052e-08 0.0559398898285
0.707070707071 0.3 0 0 1e-07 3.3745182422e-08 0.0559398587759
0.717171717172 0.3 0 0 1e-07 3.37459083919e-08 0.0559398290236
0.727272727273 0.3 0 0 1e-07 3.37466043632e-08 0.0559398005
0.737373737374 0.3 0 0 1e-07 3.37472719658e-08 0.0559397731383
0.747474747475 0.3 0 0 1e-07 3.37479127204e-08 0.0559397468763
0.757575757576 0.3 0 0 1e-07 3.37485280469e-08 0.0559397216559
0.767676767677 0.3 0 0 1e-07 3.3749119273e-08 0.0559396974227
0.777777777778 0.3 0 0 1e-07 3.37496876407e-08 0.0559396741259
0.787878787879 0.3 0 0 1e-07 3.37502343129e-08 0.055939651718
0.79797979798 0.3 0 0 1e-07 3.37507603796e-08 0.0559396301542
0.808080808081 0.3 0 0 1e-07 3.37512668633e-08 0.0559396093927
0.818181818182 0.3 0 0 1e-07 3.37517547239e-08 0.0559395893942
0.828282828283 0.3 0 0 1e-07 3.3752224863e-08 0.0559395701219
0.838383838384 0.3 0 0 1e-07 3.37526781284e-08 0.0559395515408
0.848484848485 0.3 0 0 1e-07 3.37531153179e-08 0.0559395336185
0.858585858586 0.3 0 0 1e-07 3.37535371827e-08 0.0559395163242
0.868686868687 0.3 0 0 1e-07 3.37539444305e-08 0.0559394996288
0.878787878788 0.3 0 0 1e-07 3.37543377287e-08 0.055939483505
0.888888888889 0.3 0 0 1e-07 3.37547177071e-08 0.055939467927
0.89898989899 0.3 0 0 1e-07 3.37550849603e-08 0.0559394528706
0.909090909091 0.3 0 0 1e-07 3.37554400502e-08 0.0559394383126
0.919191919192 0.3 0 0 1e-07 3.37557835078e-08 0.0559394242313
0.929292929293 0.3 0 0 1e-07 3.37561158357e-08 0.0559394106061
0.939393939394 0.3 0 0 1e-07 3.37564375095e-08 0.0559393974176
0.949494949495 0.3 0 0 1e-07 3.37567489797e-08 0.0559393846473
0.959595959596 0.3 0 0 1e-07 3.37570506732e-08 0.0559393722776
0.969696969697 0.3 0 0 1e-07 3.3757342995e-08 0.0559393602921
0.979797979798 0.3 0 0 1e-07 3.37576263291e-08 0.055939348675
0.989898989899 0.3 0 0 1e-07 3.37579010402e-08 0.0559393374113
1.0 0.3 0 0 1e-07 3.37581674745e-08 0.0559393264868
0.0 0.4 0 0 1e-07 0.0 0.0537816661219
0.010101010101 0.4 0 0 1e-07 1.97636668937e-07 0.0540526004277
0.020202020202 0.4 0 0 1e-07 3.56362590261e-07 0.0542877938616
0.030303030303 0.4 0 0 1e-07 4.76465692376e-07 0.0544785749156
0.040404040404 0.4 0 0 1e-07 5.63966922293e-07 0.0546259484675
0.0505050505051 0.4 0 0 1e-07 6.26644012761e-07 0.0547366117807
0.0606060606061 0.4 0 0 1e-07 6.7150518864e-07 0.0548188076191
0.0707070707071 0.4 0 0 1e-07 7.03928191244e-07 0.0548799452899
0.0808080808081 0.4 0 0 1e-07 7.27725539985e-07 0.0549258276141
0.0909090909091 0.4 0 0 1e-07 7.45505703326e-07 0.0549607070374
0.10101010101 0.4 0 0 1e-07 7.59034250757e-07 0.0549876089107
0.111111111111 0.4 0 0 1e-07 7.69510048347e-07 0.0550086657811
0.121212121212 0.4 0 0 1e-07 7.77755935061e-07 0.0550253840486
0.131313131313 0.4 0 0 1e-07 7.84344897129e-07 0.0550388366826
0.141414141414 0.4 0 0 1e-07 7.89682378707e-07 0.0550497967553
0.151515151515 0.4 0 0 1e-07 7.94059992433e-07 0.0550588284993
0.161616161616 0.4 0 0 1e-07 7.97690848416e-07 0.0550663492482
0.171717171717 0.4 0 0 1e-07 8.00733073176e-07 0.0550726717734
0.181818181818 0.4 0 0 1e-07 8.0330568635e-07 0.055078033478
0.191919191919 0.4 0 0 1e-07 8.05499476974e-07 0.0550826167471
0.20202020202 0.4 0 0 1e-07 8.07384564849e-07 0.0550865633015
0.212121212121 0.4 0 0 1e-07 8.09015733488e-07 0.0550899844456
0.222222222222 0.4 0 0 1e-07 8.10436243788e-07 0.0550929684718
0.232323232323 0.4 0 0 1e-07 8.11680597358e-07 0.0550955860739
0.242424242424 0.4 0 0 1e-07 8.12776563891e-07 0.0550978943492
0.252525252525 0.4 0 0 1e-07 8.1374668614e-07 0.0550999397893
0.262626262626 0.4 0 0 1e-07 8.14609409522e-07 0.0551017605385
0.272727272727 0.4 0 0 1e-07 8.15379938806e-07 0.0551033881154
0.282828282828 0.4 0 0 1e-07 8.16070894202e-07 0.055104848737
0.292929292929 0.4 0 0 1e-07 8.16692818438e-07 0.0551061643469
0.30303030303 0.4 0 0 1e-07 8.17254572069e-07 0.0551073534194
0.313131313131 0.4 0 0 1e-07 8.1776364415e-07 0.0551084315937
0.323232323232 0.4 0 0 1e-07 8.18226398274e-07 0.0551094121776
0.333333333333 0.4 0 0 1e-07 8.18648268827e-07 0.0551103065505
0.343434343434 0.4 0 0 1e-07 8.19033918598e-07 0.0551111244874
0.353535353535 0.4 0 0 1e-07 8.19387366171e-07 0.0551118744221
0.363636363636 0.4 0 0 1e-07 8.19712089521e-07 0.0551125636609
0.373737373737 0.4 0 0 1e-07 8.20011110737e-07 0.055113198558
0.383838383838 0.4 0 0 1e-07 8.20287065701e-07 0.0551137846606
0.393939393939 0.4 0 0 1e-07 8.20542261683e-07 0.0551143268276
0.40404040404 0.4 0 0 1e-07 8.20778725182e-07 0.0551148293301
0.414141414141 0.4 0 0 1e-07 8.20998241858e-07 0.0551152959338
0.424242424242 0.4 0 0 1e-07 8.21202390003e-07 0.0551157299693
0.434343434343 0.4 0 0 1e-07 8.21392568726e-07 0.0551161343905
0.444444444444 0.4 0 0 1e-07 8.21570021769e-07 0.055116511825
0.454545454545 0.4 0 0 1e-07 8.21735857725e-07 0.0551168646158
0.464646464646 0.4 0 0 1e-07 8.2189106725e-07 0.0551171948577
0.474747474747 0.4 0 0 1e-07 8.22036537783e-07 0.0551175044281
0.484848484848 0.4 0 0 1e-07 8.22173066166e-07 0.0551177950133
0.494949494949 0.4 0 0 1e-07 8.22301369501e-07 0.0551180681315
0.505050505051 0.4 0 0 1e-07 8.22422094524e-07 0.0551183251525
0.515151515152 0.4 0 0 1e-07 8.2253582572e-07 0.0551185673145
0.525252525253 0.4 0 0 1e-07 8.22643092367e-07 0.0551187957391
0.535353535354 0.4 0 0 1e-07 8.22744374668e-07 0.0551190114445
0.545454545455 0.4 0 0 1e-07 8.22840109109e-07 0.0551192153561
0.555555555556 0.4 0 0 1e-07 8.22930693136e-07 0.0551194083169
0.565656565657 0.4 0 0 1e-07 8.23016489276e-07 0.0551195910961
0.575757575758 0.4 0 0 1e-07 8.23097828742e-07 0.0551197643966
0.585858585859 0.4 0 0 1e-07 8.23175014627e-07 0.0551199288617
0.59595959596 0.4 0 0 1e-07 8.23248324714e-07 0.0551200850811
0.606060606061 0.4 0 0 1e-07 8.23318013968e-07 0.0551202335962
0.616161616162 0.4 0 0 1e-07 8.23384316749e-07 0.0551203749049
0.626262626263 0.4 0 0 1e-07 8.23447448775e-07 0.0551205094652
0.636363636364 0.4 0 0 1e-07 8.23507608872e-07 0.0551206376998
0.646464646465 0.4 0 0 1e-07 8.23564980536e-07 0.0551207599985
0.656565656566 0.4 0 0 1e-07 8.23619733328e-07 0.0551208767217
0.666666666667 0.4 0 0 1e-07 8.23672024123e-07 0.0551209882028
0.676767676768 0.4 0 0 1e-07 8.23721998235e-07 0.0551210947508
0.686868686869 0.4 0 0 1e-07 8.23769790417e-07 0.0551211966522
0.69696969697 0.4 0 0 1e-07 8.23815525777e-07 0.055121294173
0.707070707071 0.4 0 0 1e-07 8.23859320585e-07 0.0551213875606
0.717171717172 0.4 0 0 1e-07 8.23901283018e-07 0.055121477045
0.727272727273 0.4 0 0 1e-07 8.23941513823e-07 0.0551215628406
0.737373737374 0.4 0 0 1e-07 8.23980106921e-07 0.0551216451471
0.747474747475 0.4 0 0 1e-07 8.24017149956e-07 0.0551217241512
0.757575757576 0.4 0 0 1e-07 8.2405272479e-07 0.0551218000269
0.767676767677 0.4 0 0 1e-07 8.24086907952e-07 0.0551218729371
0.777777777778 0.4 0 0 1e-07 8.24119771055e-07 0.0551219430343
0.787878787879 0.4 0 0 1e-07 8.24151381165e-07 0.0551220104612
0.79797979798 0.4 0 0 1e-07 8.24181801146e-07 0.0551220753517
0.808080808081 0.4 0 0 1e-07 8.24211089969e-07 0.0551221378313
0.818181818182 0.4 0 0 1e-07 8.24239303001e-07 0.0551221980179
0.828282828283 0.4 0 0 1e-07 8.24266492261e-07 0.0551222560222
0.838383838384 0.4 0 0 1e-07 8.24292706668e-07 0.0551223119484
0.848484848485 0.4 0 0 1e-07 8.2431799225e-07 0.0551223658946
0.858585858586 0.4 0 0 1e-07 8.24342392354e-07 0.055122417953
0.868686868687 0.4 0 0 1e-07 8.24365947829e-07 0.0551224682107
0.878787878788 0.4 0 0 1e-07 8.24388697195e-07 0.0551225167497
0.888888888889 0.4 0 0 1e-07 8.24410676803e-07 0.0551225636475
0.89898989899 0.4 0 0 1e-07 8.24431920978e-07 0.0551226089772
0.909090909091 0.4 0 0 1e-07 8.24452462154e-07 0.0551226528078
0.919191919192 0.4 0 0 1e-07 8.24472330997e-07 0.0551226952048
0.929292929293 0.4 0 0 1e-07 8.2449155652e-07 0.0551227362298
0.939393939394 0.4 0 0 1e-07 8.24510166189e-07 0.0551227759416
0.949494949495 0.4 0 0 1e-07 8.24528186017e-07 0.0551228143954
0.959595959596 0.4 0 0 1e-07 8.24545640663e-07 0.0551228516439
0.969696969697 0.4 0 0 1e-07 8.24562553509e-07 0.0551228877368
0.979797979798 0.4 0 0 1e-07 8.24578946739e-07 0.0551229227215
0.989898989899 0.4 0 0 1e-07 8.24594841417e-07 0.0551229566428
1.0 0.4 0 0 1e-07 8.24610257547e-07 0.0551229895434
0.0 0.5 0 0 1e-07 0.0 0.0421940237105
0.010101010101 0.5 0 0 1e-07 5.17063856636e-07 0.0424044902105
0.020202020202 0.5 0 0 1e-07 9.9057441737e-07 0.0426069879057
0.030303030303 0.5 0 0 1e-07 1.41269879725e-06 0.0427967708166
0.040404040404 0.5 0 0 1e-07 1.78047078166e-06 0.0429704772493
0.0505050505051 0.5 0 0 1e-07 2.09506766414e-06 0.0431262840433
0.0606060606061 0.5 0 0 1e-07 2.3605588972e-06 0.043263765221
0.0707070707071 0.5 0 0 1e-07 2.58259679248e-06 0.0433835705228
0.0808080808081 0.5 0 0 1e-07 2.76735282916e-06 0.0434870512785
0.0909090909091 0.5 0 0 1e-07 2.92080459481e-06 0.0435759250722
0.10101010101 0.5 0 0 1e-07 3.04834325594e-06 0.0436520221634
0.111111111111 0.5 0 0 1e-07 3.15461532637e-06 0.0437171191068
0.121212121212 0.5 0 0 1e-07 3.24350962138e-06 0.0437728450241
0.131313131313 0.5 0 0 1e-07 3.31822045988e-06 0.0438206399275
0.141414141414 0.5 0 0 1e-07 3.38134203645e-06 0.0438617461675
0.151515151515 0.5 0 0 1e-07 3.43496814193e-06 0.0438972186211
0.161616161616 0.5 0 0 1e-07 3.48078438419e-06 0.0439279439148
0.171717171717 0.5 0 0 1e-07 3.52014780178e-06 0.0439546627337
0.181818181818 0.5 0 0 1e-07 3.55415291757e-06 0.0439779918862
0.191919191919 0.5 0 0 1e-07 3.58368524759e-06 0.0439984444767
0.20202020202 0.5 0 0 1e-07 3.60946402956e-06 0.0440164475368
0.212121212121 0.5 0 0 1e-07 3.63207606384e-06 0.0440323570133
0.222222222222 0.5 0 0 1e-07 3.65200240528e-06 0.0440464702895
0.232323232323 0.5 0 0 1e-07 3.6696393888e-06 0.0440590365312
0.242424242424 0.5 0 0 1e-07 3.68531520226e-06 0.0440702651782
0.252525252525 0.5 0 0 1e-07 3.69930297584e-06 0.0440803328876
0.262626262626 0.5 0 0 1e-07 3.71183115061e-06 0.0440893892018
0.272727272727 0.5 0 0 1e-07 3.7230917215e-06 0.0440975611756
0.282828282828 0.5 0 0 1e-07 3.73324681689e-06 0.0441049571558
0.292929292929 0.5 0 0 1e-07 3.74243397316e-06 0.044111669875
0.30303030303 0.5 0 0 1e-07 3.75077038196e-06 0.0441177789888
0.313131313131 0.5 0 0 1e-07 3.758356326e-06 0.0441233531631
0.323232323232 0.5 0 0 1e-07 3.76527797093e-06 0.044128451795
0.333333333333 0.5 0 0 1e-07 3.77160964461e-06 0.0441331264378
0.343434343434 0.5 0 0 1e-07 3.7774157059e-06 0.0441374219831
0.353535353535 0.5 0 0 1e-07 3.78275208401e-06 0.0441413776457
0.363636363636 0.5 0 0 1e-07 3.78766755161e-06 0.0441450277868
0.373737373737 0.5 0 0 1e-07 3.79220478252e-06 0.044148402604
0.383838383838 0.5 0 0 1e-07 3.79640123368e-06 0.0441515287119
0.393939393939 0.5 0 0 1e-07 3.80028988378e-06 0.0441544296323
0.40404040404 0.5 0 0 1e-07 3.80389985404e-06 0.0441571262087
0.414141414141 0.5 0 0 1e-07 3.80725693203e-06 0.0441596369594
0.424242424242 0.5 0 0 1e-07 3.8103840151e-06 0.0441619783773
0.434343434343 0.5 0 0 1e-07 3.81330148722e-06 0.0441641651868
0.444444444444 0.5 0 0 1e-07 3.81602754019e-06 0.0441662105638
0.454545454545 0.5 0 0 1e-07 3.81857844841e-06 0.0441681263248
0.464646464646 0.5 0 0 1e-07 3.82096880454e-06 0.0441699230902
0.474747474747 0.5 0 0 1e-07 3.82321172243e-06 0.0441716104247
0.484848484848 0.5 0 0 1e-07 3.8253190121e-06 0.0441731969601
0.494949494949 0.5 0 0 1e-07 3.82730133133e-06 0.044174690501
0.505050505051 0.5 0 0 1e-07 3.82916831714e-06 0.0441760981173
0.515151515152 0.5 0 0 1e-07 3.83092870022e-06 0.044177426225
0.525252525253 0.5 0 0 1e-07 3.83259040478e-06 0.0441786806572
0.535353535354 0.5 0 0 1e-07 3.83416063583e-06 0.0441798667252
0.545454545455 0.5 0 0 1e-07 3.83564595571e-06 0.044180989274
0.555555555556 0.5 0 0 1e-07 3.83705235137e-06 0.0441820527296
0.565656565657 0.5 0 0 1e-07 3.83838529355e-06 0.0441830611418
0.575757575758 0.5 0 0 1e-07 3.83964978909e-06 0.0441840182214
0.585858585859 0.5 0 0 1e-07 3.84085042708e-06 0.0441849273736
0.59595959596 0.5 0 0 1e-07 3.84199141989e-06 0.0441857917277
0.606060606061 0.5 0 0 1e-07 3.8430766395e-06 0.044186614163
0.616161616162 0.5 0 0 1e-07 3.84410964986e-06 0.0441873973324
0.626262626263 0.5 0 0 1e-07 3.84509373573e-06 0.0441881436835
0.636363636364 0.5 0 0 1e-07 3.84603192843e-06 0.0441888554768
0.646464646465 0.5 0 0 1e-07 3.84692702885e-06 0.0441895348032
0.656565656566 0.5 0 0 1e-07 3.84778162811e-06 0.0441901835983
0.666666666667 0.5 0 0 1e-07 3.84859812605e-06 0.0441908036563
0.676767676768 0.5 0 0 1e-07 3.84937874791e-06 0.0441913966422
0.686868686869 0.5 0 0 1e-07 3.85012555926e-06 0.0441919641025
0.69696969697 0.5 0 0 1e-07 3.85084047956e-06 0.0441925074756
0.707070707071 0.5 0 0 1e-07 3.85152529431e-06 0.0441930281
0.717171717172 0.5 0 0 1e-07 3.85218166614e-06 0.0441935272232
0.727272727273 0.5 0 0 1e-07 3.85281114473e-06 0.0441940060086
0.737373737374 0.5 0 0 1e-07 3.85341517593e-06 0.0441944655421
0.747474747475 0.5 0 0 1e-07 3.85399510991e-06 0.0441949068386
0.757575757576 0.5 0 0 1e-07 3.85455220872e-06 0.0441953308471
0.767676767677 0.5 0 0 1e-07 3.85508765301e-06 0.0441957384558
0.777777777778 0.5 0 0 1e-07 3.85560254828e-06 0.0441961304969
0.787878787879 0.5 0 0 1e-07 3.85609793053e-06 0.0441965077507
0.79797979798 0.5 0 0 1e-07 3.85657477142e-06 0.0441968709492
0.808080808081 0.5 0 0 1e-07 3.857033983e-06 0.0441972207799
0.818181818182 0.5 0 0 1e-07 3.85747642201e-06 0.0441975578889
0.828282828283 0.5 0 0 1e-07 3.85790289391e-06 0.0441978828838
0.838383838384 0.5 0 0 1e-07 3.85831415645e-06 0.0441981963366
0.848484848485 0.5 0 0 1e-07 3.85871092303e-06 0.0441984987858
0.858585858586 0.5 0 0 1e-07 3.85909386582e-06 0.0441987907392
0.868686868687 0.5 0 0 1e-07 3.85946361851e-06 0.0441990726755
0.878787878788 0.5 0 0 1e-07 3.85982077896e-06 0.0441993450466
0.888888888889 0.5 0 0 1e-07 3.86016591161e-06 0.0441996082793
0.89898989899 0.5 0 0 1e-07 3.86049954966e-06 0.0441998627768
0.909090909091 0.5 0 0 1e-07 3.86082219714e-06 0.0442001089205
0.919191919192 0.5 0 0 1e-07 3.86113433079e-06 0.0442003470711
0.929292929293 0.5 0 0 1e-07 3.86143640183e-06 0.0442005775703
0.939393939394 0.5 0 0 1e-07 3.86172883755e-06 0.0442008007415
0.949494949495 0.5 0 0 1e-07 3.86201204284e-06 0.0442010168914
0.959595959596 0.5 0 0 1e-07 3.86228640159e-06 0.044201226311
0.969696969697 0.5 0 0 1e-07 3.86255227794e-06 0.0442014292761
0.979797979798 0.5 0 0 1e-07 3.86281001752e-06 0.0442016260487
0.989898989899 0.5 0 0 1e-07 3.86305994856e-06 0.0442018168776
1.0 0.5 0 0 1e-07 3.86330238293e-06 0.0442020019995
0.0 0.6 0 0 1e-07 0.0 0.0331989660185
0.010101010101 0.6 0 0 1e-07 7.94941691443e-07 0.0333723464909
0.020202020202 0.6 0 0 1e-07 1.55622543808e-06 0.0335427063986
0.030303030303 0.6 0 0 1e-07 2.27484241606e-06 0.0337078785606
0.040404040404 0.6 0 0 1e-07 2.94417886876e-06 0.0338660078328
0.0505050505051 0.6 0 0 1e-07 3.5601724039e-06 0.0340156378134
0.0606060606061 0.6 0 0 1e-07 4.1211822497e-06 0.0341557482299
0.0707070707071 0.6 0 0 1e-07 4.62764803287e-06 0.0342857463979
0.0808080808081 0.6 0 0 1e-07 5.08163272011e-06 0.0344054233464
0.0909090909091 0.6 0 0 1e-07 5.48633885543e-06 0.0345148883122
0.10101010101 0.6 0 0 1e-07 5.84566378454e-06 0.0346144947409
0.111111111111 0.6 0 0 1e-07 6.16383126064e-06 0.0347047680601
0.121212121212 0.6 0 0 1e-07 6.44511231482e-06 0.0347863418217
0.131313131313 0.6 0 0 1e-07 6.6936313995e-06 0.0348599054217
0.141414141414 0.6 0 0 1e-07 6.91324469971e-06 0.0349261640574
0.151515151515 0.6 0 0 1e-07 7.10747435812e-06 0.034985809973
0.161616161616 0.6 0 0 1e-07 7.27948293384e-06 0.0350395032406
0.171717171717 0.6 0 0 1e-07 7.43207482744e-06 0.0350878600778
0.181818181818 0.6 0 0 1e-07 7.56771437884e-06 0.0351314468088
0.191919191919 0.6 0 0 1e-07 7.68855316609e-06 0.0351707778402
0.20202020202 0.6 0 0 1e-07 7.79646138519e-06 0.0352063163468
0.212121212121 0.6 0 0 1e-07 7.89305999854e-06 0.0352384766752
0.222222222222 0.6 0 0 1e-07 7.9797516487e-06 0.0352676277384
0.232323232323 0.6 0 0 1e-07 8.05774923668e-06 0.0352940968943
0.242424242424 0.6 0 0 1e-07 8.1281016592e-06 0.0353181739647
0.252525252525 0.6 0 0 1e-07 8.19171657339e-06 0.0353401151755
0.262626262626 0.6 0 0 1e-07 8.24938027925e-06 0.0353601468851
0.272727272727 0.6 0 0 1e-07 8.30177493053e-06 0.0353784690279
0.282828282828 0.6 0 0 1e-07 8.3494933404e-06 0.0353952582424
0.292929292929 0.6 0 0 1e-07 8.39305166378e-06 0.0354106706784
0.30303030303 0.6 0 0 1e-07 8.43290023085e-06 0.0354248444923
0.313131313131 0.6 0 0 1e-07 8.46943278608e-06 0.0354379020533
0.323232323232 0.6 0 0 1e-07 8.50299436129e-06 0.0354499518823
0.333333333333 0.6 0 0 1e-07 8.53388798435e-06 0.0354610903521
0.343434343434 0.6 0 0 1e-07 8.56238039796e-06 0.0354714031737
0.353535353535 0.6 0 0 1e-07 8.58870693896e-06 0.0354809666938
0.363636363636 0.6 0 0 1e-07 8.61307570607e-06 0.0354898490272
0.373737373737 0.6 0 0 1e-07 8.63567112503e-06 0.0354981110434
0.383838383838 0.6 0 0 1e-07 8.65665700311e-06 0.035505807228
0.393939393939 0.6 0 0 1e-07 8.67617915071e-06 0.035512986433
0.40404040404 0.6 0 0 1e-07 8.69436763569e-06 0.035519692533
0.414141414141 0.6 0 0 1e-07 8.71133872546e-06 0.0355259649974
0.424242424242 0.6 0 0 1e-07 8.72719656369e-06 0.0355318393914
0.434343434343 0.6 0 0 1e-07 8.74203462062e-06 0.0355373478143
0.444444444444 0.6 0 0 1e-07 8.7559369502e-06 0.0355425192843
0.454545454545 0.6 0 0 1e-07 8.76897928206e-06 0.0355473800756
0.464646464646 0.6 0 0 1e-07 8.78122997196e-06 0.0355519540149
0.474747474747 0.6 0 0 1e-07 8.79275083073e-06 0.0355562627428
0.484848484848 0.6 0 0 1e-07 8.80359784867e-06 0.0355603259437
0.494949494949 0.6 0 0 1e-07 8.81382182999e-06 0.0355641615489
0.505050505051 0.6 0 0 1e-07 8.82346894944e-06 0.0355677859165
0.515151515152 0.6 0 0 1e-07 8.83258124169e-06 0.0355712139904
0.525252525253 0.6 0 0 1e-07 8.84119703235e-06 0.0355744594414
0.535353535354 0.6 0 0 1e-07 8.84935131844e-06 0.0355775347925
0.545454545455 0.6 0 0 1e-07 8.85707610469e-06 0.0355804515301
0.555555555556 0.6 0 0 1e-07 8.86440070147e-06 0.0355832202039
0.565656565657 0.6 0 0 1e-07 8.87135198912e-06 0.0355858505152
0.575757575758 0.6 0 0 1e-07 8.87795465291e-06 0.035588351396
0.585858585859 0.6 0 0 1e-07 8.88423139229e-06 0.0355907310798
0.59595959596 0.6 0 0 1e-07 8.8902031074e-06 0.0355929971654
0.606060606061 0.6 0 0 1e-07 8.89588906583e-06 0.0355951566736
0.616161616162 0.6 0 0 1e-07 8.90130705172e-06 0.0355972160984
0.626262626263 0.6 0 0 1e-07 8.90647349942e-06 0.0355991814531
0.636363636364 0.6 0 0 1e-07 8.91140361344e-06 0.0356010583119
0.646464646465 0.6 0 0 1e-07 8.91611147625e-06 0.0356028518471
0.656565656566 0.6 0 0 1e-07 8.92061014536e-06 0.035604566863
0.666666666667 0.6 0 0 1e-07 8.9249117408e-06 0.0356062078269
0.676767676768 0.6 0 0 1e-07 8.92902752409e-06 0.0356077788959
0.686868686869 0.6 0 0 1e-07 8.93296796961e-06 0.035609283943
0.69696969697 0.6 0 0 1e-07 8.93674282922e-06 0.0356107265792
0.707070707071 0.6 0 0 1e-07 8.94036119083e-06 0.0356121101744
0.717171717172 0.6 0 0 1e-07 8.9438315315e-06 0.0356134378765
0.727272727273 0.6 0 0 1e-07 8.94716176575e-06 0.0356147126283
0.737373737374 0.6 0 0 1e-07 8.95035928945e-06 0.0356159371833
0.747474747475 0.6 0 0 1e-07 8.95343101982e-06 0.0356171141198
0.757575757576 0.6 0 0 1e-07 8.95638343189e-06 0.0356182458542
0.767676767677 0.6 0 0 1e-07 8.95922259179e-06 0.0356193346528
0.777777777778 0.6 0 0 1e-07 8.96195418719e-06 0.035620382643
0.787878787879 0.6 0 0 1e-07 8.96458355506e-06 0.0356213918229
0.79797979798 0.6 0 0 1e-07 8.96711570724e-06 0.0356223640709
0.808080808081 0.6 0 0 1e-07 8.96955535371e-06 0.0356233011538
0.818181818182 0.6 0 0 1e-07 8.97190692409e-06 0.035624204735
0.828282828283 0.6 0 0 1e-07 8.97417458731e-06 0.0356250763813
0.838383838384 0.6 0 0 1e-07 8.97636226971e-06 0.0356259175696
0.848484848485 0.6 0 0 1e-07 8.9784736717e-06 0.0356267296931
0.858585858586 0.6 0 0 1e-07 8.98051228312e-06 0.0356275140668
0.868686868687 0.6 0 0 1e-07 8.98248139738e-06 0.0356282719324
0.878787878788 0.6 0 0 1e-07 8.98438412451e-06 0.0356290044636
0.888888888889 0.6 0 0 1e-07 8.98622340326e-06 0.0356297127702
0.89898989899 0.6 0 0 1e-07 8.98800201222e-06 0.0356303979023
0.909090909091 0.6 0 0 1e-07 8.98972258012e-06 0.0356310608539
0.919191919192 0.6 0 0 1e-07 8.99138759544e-06 0.0356317025669
0.929292929293 0.6 0 0 1e-07 8.99299941519e-06 0.0356323239336
0.939393939394 0.6 0 0 1e-07 8.9945602732e-06 0.0356329258006
0.949494949495 0.6 0 0 1e-07 8.99607228767e-06 0.0356335089708
0.959595959596 0.6 0 0 1e-07 8.99753746828e-06 0.0356340742067
0.969696969697 0.6 0 0 1e-07 8.99895772277e-06 0.0356346222324
0.979797979798 0.6 0 0 1e-07 9.00033486308e-06 0.035635153736
0.989898989899 0.6 0 0 1e-07 9.001670611e-06 0.0356356693718
1.0 0.6 0 0 1e-07 9.0029666035e-06 0.035636169762
0.0 0.7 0 0 1e-07 0.0 0.0258269385796
0.010101010101 0.7 0 0 1e-07 9.71637846856e-07 0.025967375058
0.020202020202 0.7 0 0 1e-07 1.92311395462e-06 0.0261067572459
0.030303030303 0.7 0 0 1e-07 2.84673263339e-06 0.0262439915276
0.040404040404 0.7 0 0 1e-07 3.73578508606e-06 0.0263780652487
0.0505050505051 0.7 0 0 1e-07 4.58476452117e-06 0.0265080812948
0.0606060606061 0.7 0 0 1e-07 5.38948506816e-06 0.0266332831786
0.0707070707071 0.7 0 0 1e-07 6.1471044923e-06 0.0267530694741
0.0808080808081 0.7 0 0 1e-07 6.85606226504e-06 0.0268669977808
0.0909090909091 0.7 0 0 1e-07 7.51595238436e-06 0.0269747795031
0.10101010101 0.7 0 0 1e-07 8.12735376303e-06 0.027076267447
0.111111111111 0.7 0 0 1e-07 8.69164044168e-06 0.0271714385369
0.121212121212 0.7 0 0 1e-07 9.21079048582e-06 0.0272603738932
0.131313131313 0.7 0 0 1e-07 9.68720756606e-06 0.0273432381999
0.141414141414 0.7 0 0 1e-07 1.01235641057e-05 0.0274202598429
0.151515151515 0.7 0 0 1e-07 1.05226703471e-05 0.0274917128287
0.161616161616 0.7 0 0 1e-07 1.08873701684e-05 0.0275579010612
0.171717171717 0.7 0 0 1e-07 1.12204620754e-05 0.0276191452058
0.181818181818 0.7 0 0 1e-07 1.15246423877e-05 0.0276757721145
0.191919191919 0.7 0 0 1e-07 1.18024670168e-05 0.0277281066222
0.20202020202 0.7 0 0 1e-07 1.20563281617e-05 0.0277764654293
0.212121212121 0.7 0 0 1e-07 1.22884425164e-05 0.0278211527508
0.222222222222 0.7 0 0 1e-07 1.25008480256e-05 0.0278624574103
0.232323232323 0.7 0 0 1e-07 1.26954067308e-05 0.0279006510829
0.242424242424 0.7 0 0 1e-07 1.28738117464e-05 0.0279359874236
0.252525252525 0.7 0 0 1e-07 1.30375968497e-05 0.027968701861
0.262626262626 0.7 0 0 1e-07 1.31881475499e-05 0.0279990118734
0.272727272727 0.7 0 0 1e-07 1.33267128116e-05 0.0280271176022
0.282828282828 0.7 0 0 1e-07 1.34544168533e-05 0.0280532026874
0.292929292929 0.7 0 0 1e-07 1.35722706283e-05 0.0280774352406
0.30303030303 0.7 0 0 1e-07 1.36811827377e-05 0.0280999688869
0.313131313131 0.7 0 0 1e-07 1.37819696297e-05 0.0281209438313
0.323232323232 0.7 0 0 1e-07 1.38753650089e-05 0.0281404879136
0.333333333333 0.7 0 0 1e-07 1.39620284358e-05 0.0281587176296
0.343434343434 0.7 0 0 1e-07 1.40425531275e-05 0.0281757391034
0.353535353535 0.7 0 0 1e-07 1.41174729939e-05 0.0281916490011
0.363636363636 0.7 0 0 1e-07 1.41872689563e-05 0.0282065353824
0.373737373737 0.7 0 0 1e-07 1.42523746041e-05 0.0282204784863
0.383838383838 0.7 0 0 1e-07 1.43131812445e-05 0.0282335514548
0.393939393939 0.7 0 0 1e-07 1.43700424045e-05 0.0282458209933
0.40404040404 0.7 0 0 1e-07 1.44232778367e-05 0.0282573479735
0.414141414141 0.7 0 0 1e-07 1.44731770825e-05 0.0282681879804
0.424242424242 0.7 0 0 1e-07 1.45200026402e-05 0.0282783918092
0.434343434343 0.7 0 0 1e-07 1.45639927791e-05 0.0282880059141
0.444444444444 0.7 0 0 1e-07 1.4605364042e-05 0.0282970728147
0.454545454545 0.7 0 0 1e-07 1.46443134696e-05 0.0283056314627
0.464646464646 0.7 0 0 1e-07 1.46810205785e-05 0.028313717573
0.474747474747 0.7 0 0 1e-07 1.47156491222e-05 0.0283213639228
0.484848484848 0.7 0 0 1e-07 1.47483486587e-05 0.0283286006203
0.494949494949 0.7 0 0 1e-07 1.47792559481e-05 0.0283354553486
0.505050505051 0.7 0 0 1e-07 1.48084961986e-05 0.0283419535846
0.515151515152 0.7 0 0 1e-07 1.48361841798e-05 0.0283481187969
0.525252525253 0.7 0 0 1e-07 1.48624252171e-05 0.0283539726248
0.535353535354 0.7 0 0 1e-07 1.48873160811e-05 0.0283595350393
0.545454545455 0.7 0 0 1e-07 1.4910945785e-05 0.0283648244894
0.555555555556 0.7 0 0 1e-07 1.49333962983e-05 0.0283698580337
0.565656565657 0.7 0 0 1e-07 1.49547431884e-05 0.0283746514598
0.575757575758 0.7 0 0 1e-07 1.49750561963e-05 0.0283792193924
0.585858585859 0.7 0 0 1e-07 1.49943997548e-05 0.0283835753911
0.59595959596 0.7 0 0 1e-07 1.50128334554e-05 0.0283877320396
0.606060606061 0.7 0 0 1e-07 1.50304124683e-05 0.0283917010259
0.616161616162 0.7 0 0 1e-07 1.50471879227e-05 0.0283954932154
0.626262626263 0.7 0 0 1e-07 1.50632072492e-05 0.0283991187179
0.636363636364 0.7 0 0 1e-07 1.50785144906e-05 0.028402586948
0.646464646465 0.7 0 0 1e-07 1.50931505825e-05 0.0284059066798
0.656565656566 0.7 0 0 1e-07 1.5107153608e-05 0.0284090860978
0.666666666667 0.7 0 0 1e-07 1.51205590291e-05 0.0284121328422
0.676767676768 0.7 0 0 1e-07 1.51333998964e-05 0.0284150540511
0.686868686869 0.7 0 0 1e-07 1.51457070402e-05 0.0284178563985
0.69696969697 0.7 0 0 1e-07 1.51575092443e-05 0.0284205461293
0.707070707071 0.7 0 0 1e-07 1.51688334045e-05 0.0284231290913
0.717171717172 0.7 0 0 1e-07 1.51797046731e-05 0.0284256107648
0.727272727273 0.7 0 0 1e-07 1.5190146591e-05 0.0284279962888
0.737373737374 0.7 0 0 1e-07 1.52001812083e-05 0.0284302904864
0.747474747475 0.7 0 0 1e-07 1.52098291944e-05 0.0284324978869
0.757575757576 0.7 0 0 1e-07 1.52191099396e-05 0.0284346227469
0.767676767677 0.7 0 0 1e-07 1.52280416475e-05 0.0284366690694
0.777777777778 0.7 0 0 1e-07 1.52366414202e-05 0.0284386406214
0.787878787879 0.7 0 0 1e-07 1.52449253362e-05 0.0284405409498
0.79797979798 0.7 0 0 1e-07 1.52529085225e-05 0.0284423733972
0.808080808081 0.7 0 0 1e-07 1.52606052202e-05 0.0284441411147
0.818181818182 0.7 0 0 1e-07 1.5268028846e-05 0.0284458470756
0.828282828283 0.7 0 0 1e-07 1.52751920476e-05 0.0284474940864
0.838383838384 0.7 0 0 1e-07 1.52821067559e-05 0.0284490847982
0.848484848485 0.7 0 0 1e-07 1.52887842325e-05 0.0284506217165
0.858585858586 0.7 0 0 1e-07 1.52952351141e-05 0.028452107211
0.868686868687 0.7 0 0 1e-07 1.53014694527e-05 0.0284535435237
0.878787878788 0.7 0 0 1e-07 1.5307496754e-05 0.0284549327771
0.888888888889 0.7 0 0 1e-07 1.53133260122e-05 0.028456276982
0.89898989899 0.7 0 0 1e-07 1.5318965742e-05 0.028457578044
0.909090909091 0.7 0 0 1e-07 1.53244240092e-05 0.02845883777
0.919191919192 0.7 0 0 1e-07 1.53297084584e-05 0.0284600578747
0.929292929293 0.7 0 0 1e-07 1.53348263387e-05 0.0284612399853
0.939393939394 0.7 0 0 1e-07 1.53397845281e-05 0.0284623856474
0.949494949495 0.7 0 0 1e-07 1.53445895557e-05 0.0284634963296
0.959595959596 0.7 0 0 1e-07 1.53492476228e-05 0.028464573428
0.969696969697 0.7 0 0 1e-07 1.5353764622e-05 0.0284656182704
0.979797979798 0.7 0 0 1e-07 1.53581461556e-05 0.0284666321201
0.989898989899 0.7 0 0 1e-07 1.53623975523e-05 0.0284676161799
1.0 0.7 0 0 1e-07 1.53665238829e-05 0.0284685715954
0.0 0.8 0 0 1e-07 0.0 0.0200037777651
0.010101010101 0.8 0 0 1e-07 1.04810793089e-06 0.0201124673969
0.020202020202 0.8 0 0 1e-07 2.08707844714e-06 0.0202209336873
0.030303030303 0.8 0 0 1e-07 3.11123912141e-06 0.0203286223273
0.040404040404 0.8 0 0 1e-07 4.11525877554e-06 0.0204349991498
0.0505050505051 0.8 0 0 1e-07 5.09427968845e-06 0.0205395628529
0.0606060606061 0.8 0 0 1e-07 6.04402370054e-06 0.0206418558699
0.0707070707071 0.8 0 0 1e-07 6.96086747869e-06 0.0207414728934
0.0808080808081 0.8 0 0 1e-07 7.84188506591e-06 0.0208380667744
0.0909090909091 0.8 0 0 1e-07 8.68485860259e-06 0.0209313517399
0.10101010101 0.8 0 0 1e-07 9.48826043299e-06 0.0210211040704
0.111111111111 0.8 0 0 1e-07 1.02512114823e-05 0.0211071605344
0.121212121212 0.8 0 0 1e-07 1.09734217161e-05 0.0211894149813
0.131313131313 0.8 0 0 1e-07 1.16551187157e-05 0.0212678135477
0.141414141414 0.8 0 0 1e-07 1.22969700425e-05 0.0213423489313
0.151515151515 0.8 0 0 1e-07 1.29000042986e-05 0.0214130541573
0.161616161616 0.8 0 0 1e-07 1.3465534799e-05 0.0214799962001
0.171717171717 0.8 0 0 1e-07 1.39950887123e-05 0.0215432697534
0.181818181818 0.8 0 0 1e-07 1.44903435221e-05 0.0216029913669
0.191919191919 0.8 0 0 1e-07 1.49530717915e-05 0.0216592940952
0.20202020202 0.8 0 0 1e-07 1.53850945134e-05 0.0217123227465
0.212121212121 0.8 0 0 1e-07 1.5788242807e-05 0.0217622297648
0.222222222222 0.8 0 0 1e-07 1.6164327371e-05 0.0218091717438
0.232323232323 0.8 0 0 1e-07 1.65151148876e-05 0.0218533065403
0.242424242424 0.8 0 0 1e-07 1.68423104737e-05 0.0218947909411
0.252525252525 0.8 0 0 1e-07 1.71475452587e-05 0.0219337788226
0.262626262626 0.8 0 0 1e-07 1.7432368203e-05 0.0219704197415
0.272727272727 0.8 0 0 1e-07 1.769824135e-05 0.0220048578951
0.282828282828 0.8 0 0 1e-07 1.79465377928e-05 0.0220372313902
0.292929292929 0.8 0 0 1e-07 1.81785417396e-05 0.0220676717677
0.30303030303 0.8 0 0 1e-07 1.83954501531e-05 0.0220963037341
0.313131313131 0.8 0 0 1e-07 1.85983755385e-05 0.0221232450576
0.323232323232 0.8 0 0 1e-07 1.87883495275e-05 0.0221486065924
0.333333333333 0.8 0 0 1e-07 1.89663269838e-05 0.0221724924012
0.343434343434 0.8 0 0 1e-07 1.91331904105e-05 0.0221949999506
0.353535353535 0.8 0 0 1e-07 1.92897544947e-05 0.0222162203586
0.363636363636 0.8 0 0 1e-07 1.94367706624e-05 0.022236238677
0.373737373737 0.8 0 0 1e-07 1.95749315528e-05 0.0222551341968
0.383838383838 0.8 0 0 1e-07 1.97048753461e-05 0.0222729807645
0.393939393939 0.8 0 0 1e-07 1.98271899e-05 0.0222898471025
0.40404040404 0.8 0 0 1e-07 1.99424166678e-05 0.0223057971272
0.414141414141 0.8 0 0 1e-07 2.00510543814e-05 0.0223208902593
0.424242424242 0.8 0 0 1e-07 2.01535624925e-05 0.0223351817245
0.434343434343 0.8 0 0 1e-07 2.0250364373e-05 0.0223487228417
0.444444444444 0.8 0 0 1e-07 2.03418502795e-05 0.0223615612966
0.454545454545 0.8 0 0 1e-07 2.04283800899e-05 0.0223737414009
0.464646464646 0.8 0 0 1e-07 2.05102858245e-05 0.0223853043363
0.474747474747 0.8 0 0 1e-07 2.05878739615e-05 0.0223962883829
0.484848484848 0.8 0 0 1e-07 2.06614275624e-05 0.0224067291327
0.494949494949 0.8 0 0 1e-07 2.07312082184e-05 0.022416659689
0.505050505051 0.8 0 0 1e-07 2.07974578323e-05 0.0224261108513
0.515151515152 0.8 0 0 1e-07 2.08604002476e-05 0.0224351112868
0.525252525253 0.8 0 0 1e-07 2.09202427376e-05 0.0224436876898
0.535353535354 0.8 0 0 1e-07 2.09771773655e-05 0.0224518649289
0.545454545455 0.8 0 0 1e-07 2.10313822271e-05 0.0224596661831
0.555555555556 0.8 0 0 1e-07 2.10830225851e-05 0.0224671130677
0.565656565657 0.8 0 0 1e-07 2.11322519055e-05 0.02247422575
0.575757575758 0.8 0 0 1e-07 2.11792128036e-05 0.0224810230571
0.585858585859 0.8 0 0 1e-07 2.12240379087e-05 0.022487522574
0.59595959596 0.8 0 0 1e-07 2.12668506538e-05 0.0224937407354
0.606060606061 0.8 0 0 1e-07 2.13077659979e-05 0.0224996929092
0.616161616162 0.8 0 0 1e-07 2.13468910858e-05 0.0225053934744
0.626262626263 0.8 0 0 1e-07 2.13843258523e-05 0.0225108558923
0.636363636364 0.8 0 0 1e-07 2.14201635747e-05 0.0225160927725
0.646464646465 0.8 0 0 1e-07 2.14544913793e-05 0.0225211159337
0.656565656566 0.8 0 0 1e-07 2.14873907047e-05 0.0225259364598
0.666666666667 0.8 0 0 1e-07 2.15189377271e-05 0.0225305647516
0.676767676768 0.8 0 0 1e-07 2.15492037502e-05 0.0225350105747
0.686868686869 0.8 0 0 1e-07 2.15782555633e-05 0.0225392831036
0.69696969697 0.8 0 0 1e-07 2.16061557693e-05 0.0225433909621
0.707070707071 0.8 0 0 1e-07 2.16329630875e-05 0.0225473422617
0.717171717172 0.8 0 0 1e-07 2.16587326308e-05 0.0225511446357
0.727272727273 0.8 0 0 1e-07 2.16835161616e-05 0.022554805272
0.737373737374 0.8 0 0 1e-07 2.17073623268e-05 0.0225583309425
0.747474747475 0.8 0 0 1e-07 2.17303168749e-05 0.0225617280309
0.757575757576 0.8 0 0 1e-07 2.17524228556e-05 0.0225650025583
0.767676767677 0.8 0 0 1e-07 2.17737208044e-05 0.0225681602066
0.777777777778 0.8 0 0 1e-07 2.17942489131e-05 0.022571206341
0.787878787879 0.8 0 0 1e-07 2.18140431864e-05 0.02257414603
0.79797979798 0.8 0 0 1e-07 2.18331375881e-05 0.0225769840644
0.808080808081 0.8 0 0 1e-07 2.1851564175e-05 0.0225797249748
0.818181818182 0.8 0 0 1e-07 2.18693532218e-05 0.0225823730481
0.828282828283 0.8 0 0 1e-07 2.18865333364e-05 0.0225849323426
0.838383838384 0.8 0 0 1e-07 2.19031315665e-05 0.0225874067021
0.848484848485 0.8 0 0 1e-07 2.1919173499e-05 0.022589799769
0.858585858586 0.8 0 0 1e-07 2.19346833521e-05 0.0225921149967
0.868686868687 0.8 0 0 1e-07 2.19496840604e-05 0.0225943556608
0.878787878788 0.8 0 0 1e-07 2.19641973549e-05 0.0225965248697
0.888888888889 0.8 0 0 1e-07 2.19782438362e-05 0.0225986255748
0.89898989899 0.8 0 0 1e-07 2.19918430436e-05 0.0226006605795
0.909090909091 0.8 0 0 1e-07 2.20050135188e-05 0.0226026325479
0.919191919192 0.8 0 0 1e-07 2.20177728658e-05 0.0226045440127
0.929292929293 0.8 0 0 1e-07 2.20301378062e-05 0.0226063973832
0.939393939394 0.8 0 0 1e-07 2.2042124231e-05 0.0226081949517
0.949494949495 0.8 0 0 1e-07 2.20537472491e-05 0.0226099389007
0.959595959596 0.8 0 0 1e-07 2.20650212323e-05 0.0226116313085
0.969696969697 0.8 0 0 1e-07 2.20759598575e-05 0.0226132741556
0.979797979798 0.8 0 0 1e-07 2.2086576146e-05 0.0226148693296
0.989898989899 0.8 0 0 1e-07 2.20968825007e-05 0.0226164186304
1.0 0.8 0 0 1e-07 2.21068907402e-05 0.0226179237753
0.0 0.9 0 0 1e-07 0.0 0.0155699008002
0.010101010101 0.9 0 0 1e-07 1.05547675599e-06 0.0156517232452
0.020202020202 0.9 0 0 1e-07 2.10890005128e-06 0.0157336238739
0.030303030303 0.9 0 0 1e-07 3.15637674705e-06 0.0158153204937
0.040404040404 0.9 0 0 1e-07 4.19410468796e-06 0.0158965351648
0.0505050505051 0.9 0 0 1e-07 5.21843975897e-06 0.0159769988201
0.0606060606061 0.9 0 0 1e-07 6.22595692184e-06 0.0160564555265
0.0707070707071 0.9 0 0 1e-07 7.2135029519e-06 0.0161346662381
0.0808080808081 0.9 0 0 1e-07 8.17823915218e-06 0.0162114119265
0.0909090909091 0.9 0 0 1e-07 9.11767296686e-06 0.0162864960113
0.10101010101 0.9 0 0 1e-07 1.00296780873e-05 0.0163597460558
0.111111111111 0.9 0 0 1e-07 1.09125032804e-05 0.0164310147333
0.121212121212 0.9 0 0 1e-07 1.17647707207e-05 0.016500180101
0.131313131313 0.9 0 0 1e-07 1.25854650423e-05 0.01656714525
0.141414141414 0.9 0 0 1e-07 1.33739146208e-05 0.0166318374161
0.151515151515 0.9 0 0 1e-07 1.41297667546e-05 0.0166942066513
0.161616161616 0.9 0 0 1e-07 1.48529584429e-05 0.0167542241567
0.171717171717 0.9 0 0 1e-07 1.55436843839e-05 0.0168118803794
0.181818181818 0.9 0 0 1e-07 1.62023636603e-05 0.0168671829641
0.191919191919 0.9 0 0 1e-07 1.68296063714e-05 0.0169201546438
0.20202020202 0.9 0 0 1e-07 1.7426181239e-05 0.0169708311394
0.212121212121 0.9 0 0 1e-07 1.79929849747e-05 0.0170192591229
0.222222222222 0.9 0 0 1e-07 1.85310139683e-05 0.0170654942886
0.232323232323 0.9 0 0 1e-07 1.90413386567e-05 0.0171095995635
0.242424242424 0.9 0 0 1e-07 1.95250807557e-05 0.0171516434743
0.252525252525 0.9 0 0 1e-07 1.99833933972e-05 0.0171916986836
0.262626262626 0.9 0 0 1e-07 2.0417444105e-05 0.0172298406967
0.272727272727 0.9 0 0 1e-07 2.08284004629e-05 0.0172661467369
0.282828282828 0.9 0 0 1e-07 2.12174182737e-05 0.0173006947802
0.292929292929 0.9 0 0 1e-07 2.1585631977e-05 0.0173335627413
0.30303030303 0.9 0 0 1e-07 2.19341470783e-05 0.0173648277958
0.313131313131 0.9 0 0 1e-07 2.22640343398e-05 0.0173945658272
0.323232323232 0.9 0 0 1e-07 2.25763254917e-05 0.0174228509844
0.333333333333 0.9 0 0 1e-07 2.28720102372e-05 0.0174497553354
0.343434343434 0.9 0 0 1e-07 2.31520343432e-05 0.017475348606
0.353535353535 0.9 0 0 1e-07 2.34172986287e-05 0.0174996979897
0.363636363636 0.9 0 0 1e-07 2.36686586857e-05 0.0175228680197
0.373737373737 0.9 0 0 1e-07 2.39069251861e-05 0.0175449204915
0.383838383838 0.9 0 0 1e-07 2.41328646515e-05 0.0175659144277
0.393939393939 0.9 0 0 1e-07 2.43472005783e-05 0.0175859060786
0.40404040404 0.9 0 0 1e-07 2.45506148287e-05 0.0176049489497
0.414141414141 0.9 0 0 1e-07 2.47437492132e-05 0.0176230938518
0.424242424242 0.9 0 0 1e-07 2.49272072024e-05 0.0176403889687
0.434343434343 0.9 0 0 1e-07 2.51015557192e-05 0.017656879937
0.444444444444 0.9 0 0 1e-07 2.52673269697e-05 0.0176726099367
0.454545454545 0.9 0 0 1e-07 2.54250202815e-05 0.017687619787
0.464646464646 0.9 0 0 1e-07 2.55751039239e-05 0.0177019480476
0.474747474747 0.9 0 0 1e-07 2.57180168916e-05 0.0177156311215
0.484848484848 0.9 0 0 1e-07 2.58541706364e-05 0.0177287033582
0.494949494949 0.9 0 0 1e-07 2.59839507365e-05 0.0177411971573
0.505050505051 0.9 0 0 1e-07 2.61077184979e-05 0.0177531430691
0.515151515152 0.9 0 0 1e-07 2.62258124804e-05 0.0177645698943
0.525252525253 0.9 0 0 1e-07 2.6338549948e-05 0.0177755047792
0.535353535354 0.9 0 0 1e-07 2.64462282418e-05 0.0177859733092
0.545454545455 0.9 0 0 1e-07 2.65491260756e-05 0.0177959995967
0.555555555556 0.9 0 0 1e-07 2.66475047558e-05 0.017805606367
0.565656565657 0.9 0 0 1e-07 2.67416093274e-05 0.0178148150392
0.575757575758 0.9 0 0 1e-07 2.68316696487e-05 0.0178236458029
0.585858585859 0.9 0 0 1e-07 2.69179013981e-05 0.0178321176918
0.59595959596 0.9 0 0 1e-07 2.70005070146e-05 0.0178402486528
0.606060606061 0.9 0 0 1e-07 2.70796765777e-05 0.0178480556113
0.616161616162 0.9 0 0 1e-07 2.71555886275e-05 0.0178555545328
0.626262626263 0.9 0 0 1e-07 2.72284109305e-05 0.0178627604816
0.636363636364 0.9 0 0 1e-07 2.72983011926e-05 0.0178696876745
0.646464646465 0.9 0 0 1e-07 2.73654077238e-05 0.0178763495331
0.656565656566 0.9 0 0 1e-07 2.74298700576e-05 0.0178827587318
0.666666666667 0.9 0 0 1e-07 2.74918195265e-05 0.017888927243
0.676767676768 0.9 0 0 1e-07 2.75513797989e-05 0.0178948663797
0.686868686869 0.9 0 0 1e-07 2.76086673786e-05 0.0179005868355
0.69696969697 0.9 0 0 1e-07 2.76637920686e-05 0.0179060987222
0.707070707071 0.9 0 0 1e-07 2.77168574046e-05 0.0179114116042
0.717171717172 0.9 0 0 1e-07 2.77679610565e-05 0.0179165345321
0.727272727273 0.9 0 0 1e-07 2.78171952036e-05 0.0179214760727
0.737373737374 0.9 0 0 1e-07 2.78646468834e-05 0.0179262443385
0.747474747475 0.9 0 0 1e-07 2.79103983159e-05 0.0179308470144
0.757575757576 0.9 0 0 1e-07 2.79545272064e-05 0.0179352913827
0.767676767677 0.9 0 0 1e-07 2.7997107027e-05 0.0179395843474
0.777777777778 0.9 0 0 1e-07 2.80382072792e-05 0.0179437324558
0.787878787879 0.9 0 0 1e-07 2.80778937384e-05 0.0179477419195
0.79797979798 0.9 0 0 1e-07 2.8116228682e-05 0.0179516186338
0.808080808081 0.9 0 0 1e-07 2.81532711022e-05 0.0179553681961
0.818181818182 0.9 0 0 1e-07 2.81890769043e-05 0.0179589959229
0.828282828283 0.9 0 0 1e-07 2.82236990918e-05 0.0179625068657
0.838383838384 0.9 0 0 1e-07 2.82571879396e-05 0.0179659058262
0.848484848485 0.9 0 0 1e-07 2.8289591155e-05 0.0179691973702
0.858585858586 0.9 0 0 1e-07 2.83209540288e-05 0.0179723858411
0.868686868687 0.9 0 0 1e-07 2.83513195764e-05 0.0179754753719
0.878787878788 0.9 0 0 1e-07 2.83807286693e-05 0.0179784698973
0.888888888889 0.9 0 0 1e-07 2.84092201584e-05 0.0179813731642
0.89898989899 0.9 0 0 1e-07 2.84368309898e-05 0.0179841887423
0.909090909091 0.9 0 0 1e-07 2.84635963121e-05 0.0179869200334
0.919191919192 0.9 0 0 1e-07 2.84895495783e-05 0.0179895702809
0.929292929293 0.9 0 0 1e-07 2.851472264e-05 0.0179921425778
0.939393939394 0.9 0 0 1e-07 2.85391458366e-05 0.0179946398752
0.949494949495 0.9 0 0 1e-07 2.85628480782e-05 0.0179970649894
0.959595959596 0.9 0 0 1e-07 2.8585856924e-05 0.0179994206093
0.969696969697 0.9 0 0 1e-07 2.86081986558e-05 0.0180017093028
0.979797979798 0.9 0 0 1e-07 2.86298983464e-05 0.0180039335234
0.989898989899 0.9 0 0 1e-07 2.86509799245e-05 0.0180060956158
1.0 0.9 0 0 1e-07 2.86714662355e-05 0.0180081978217
0.0 1.0 0 0 1e-07 0.0 0.012252987337
0.010101010101 1.0 0 0 1e-07 1.02393879045e-06 0.0123140282242
0.020202020202 1.0 0 0 1e-07 2.04978470018e-06 0.0123752276137
0.030303030303 1.0 0 0 1e-07 3.07493680173e-06 0.0124364391259
0.040404040404 1.0 0 0 1e-07 4.09680101687e-06 0.0124975167798
0.0505050505051 1.0 0 0 1e-07 5.11282218317e-06 0.0125583167104
0.0606060606061 1.0 0 0 1e-07 6.12051506247e-06 0.0126186988199
0.0707070707071 1.0 0 0 1e-07 7.1174934362e-06 0.0126785283201
0.0808080808081 1.0 0 0 1e-07 8.10149652508e-06 0.0127376771288
0.0909090909091 1.0 0 0 1e-07 9.07041209757e-06 0.012796025089
0.10101010101 1.0 0 0 1e-07 1.0022295784e-05 0.0128534609883
0.111111111111 1.0 0 0 1e-07 1.09553862796e-05 0.0129098833649
0.121212121212 1.0 0 0 1e-07 1.18681162914e-05 0.0129652010943
0.131313131313 1.0 0 0 1e-07 1.27591192459e-05 0.0130193337577
0.141414141414 1.0 0 0 1e-07 1.36272319232e-05 0.0130722118039
0.151515151515 1.0 0 0 1e-07 1.44714933102e-05 0.0131237765174
0.161616161616 1.0 0 0 1e-07 1.52911400617e-05 0.0131739798141
0.171717171717 1.0 0 0 1e-07 1.60855990293e-05 0.0132227838871
0.181818181818 1.0 0 0 1e-07 1.68544773594e-05 0.0132701607266
0.191919191919 1.0 0 0 1e-07 1.75975506747e-05 0.0133160915408
0.20202020202 1.0 0 0 1e-07 1.83147498458e-05 0.0133605661003
0.212121212121 1.0 0 0 1e-07 1.90061468301e-05 0.0134035820323
0.222222222222 1.0 0 0 1e-07 1.96719400154e-05 0.0134451440831
0.232323232323 1.0 0 0 1e-07 2.031243945e-05 0.0134852633699
0.242424242424 1.0 0 0 1e-07 2.09280522883e-05 0.0135239566377
0.252525252525 1.0 0 0 1e-07 2.15192687165e-05 0.013561245534
0.262626262626 1.0 0 0 1e-07 2.20866485712e-05 0.0135971559137
0.272727272727 1.0 0 0 1e-07 2.26308088027e-05 0.0136317171806
0.282828282828 1.0 0 0 1e-07 2.31524118929e-05 0.0136649616732
0.292929292929 1.0 0 0 1e-07 2.36521552883e-05 0.0136969240973
0.30303030303 1.0 0 0 1e-07 2.41307618761e-05 0.0137276410083
0.313131313131 1.0 0 0 1e-07 2.45889715012e-05 0.0137571503438
0.323232323232 1.0 0 0 1e-07 2.50275334954e-05 0.0137854910049
0.333333333333 1.0 0 0 1e-07 2.54472001758e-05 0.0138127024862
0.343434343434 1.0 0 0 1e-07 2.58487212543e-05 0.0138388245515
0.353535353535 1.0 0 0 1e-07 2.62328390917e-05 0.0138638969518
0.363636363636 1.0 0 0 1e-07 2.66002847258e-05 0.0138879591842
0.373737373737 1.0 0 0 1e-07 2.69517746e-05 0.0139110502863
0.383838383838 1.0 0 0 1e-07 2.72880079196e-05 0.0139332086652
0.393939393939 1.0 0 0 1e-07 2.76096645663e-05 0.0139544719559
0.40404040404 1.0 0 0 1e-07 2.79174035011e-05 0.0139748769064
0.414141414141 1.0 0 0 1e-07 2.82118615953e-05 0.0139944592871
0.424242424242 1.0 0 0 1e-07 2.84936528293e-05 0.0140132538215
0.434343434343 1.0 0 0 1e-07 2.8763367807e-05 0.0140312941338
0.444444444444 1.0 0 0 1e-07 2.90215735371e-05 0.0140486127145
0.454545454545 1.0 0 0 1e-07 2.9268813438e-05 0.0140652408975
0.464646464646 1.0 0 0 1e-07 2.95056075292e-05 0.0140812088506
0.474747474747 1.0 0 0 1e-07 2.97324527735e-05 0.0140965455746
0.484848484848 1.0 0 0 1e-07 2.99498235426e-05 0.0141112789114
0.494949494949 1.0 0 0 1e-07 3.0158172179e-05 0.0141254355585
0.505050505051 1.0 0 0 1e-07 3.03579296325e-05 0.0141390410896
0.515151515152 1.0 0 0 1e-07 3.05495061527e-05 0.0141521199788
0.525252525253 1.0 0 0 1e-07 3.07332920217e-05 0.0141646956291
0.535353535354 1.0 0 0 1e-07 3.09096583119e-05 0.0141767904034
0.545454545455 1.0 0 0 1e-07 3.10789576602e-05 0.0141884256575
0.555555555556 1.0 0 0 1e-07 3.12415250459e-05 0.0141996217742
0.565656565657 1.0 0 0 1e-07 3.13976785681e-05 0.014210398199
0.575757575758 1.0 0 0 1e-07 3.15477202133e-05 0.0142207734758
0.585858585859 1.0 0 0 1e-07 3.16919366101e-05 0.0142307652827
0.59595959596 1.0 0 0 1e-07 3.18305997661e-05 0.0142403904679
0.606060606061 1.0 0 0 1e-07 3.1963967784e-05 0.0142496650847
0.616161616162 1.0 0 0 1e-07 3.20922855559e-05 0.0142586044269
0.626262626263 1.0 0 0 1e-07 3.22157854315e-05 0.0142672230622
0.636363636364 1.0 0 0 1e-07 3.23346878621e-05 0.0142755348653
0.646464646465 1.0 0 0 1e-07 3.24492020175e-05 0.0142835530507
0.656565656566 1.0 0 0 1e-07 3.25595263766e-05 0.0142912902028
0.666666666667 1.0 0 0 1e-07 3.26658492913e-05 0.0142987583067
0.676767676768 1.0 0 0 1e-07 3.27683495246e-05 0.0143059687767
0.686868686869 1.0 0 0 1e-07 3.28671967619e-05 0.0143129324838
0.69696969697 1.0 0 0 1e-07 3.29625520978e-05 0.0143196597828
0.707070707071 1.0 0 0 1e-07 3.30545684983e-05 0.0143261605375
0.717171717172 1.0 0 0 1e-07 3.31433912385e-05 0.0143324441448
0.727272727273 1.0 0 0 1e-07 3.32291583179e-05 0.0143385195583
0.737373737374 1.0 0 0 1e-07 3.33120008541e-05 0.0143443953102
0.747474747475 1.0 0 0 1e-07 3.33920434541e-05 0.0143500795324
0.757575757576 1.0 0 0 1e-07 3.34694045668e-05 0.0143555799767
0.767676767677 1.0 0 0 1e-07 3.35441968152e-05 0.0143609040339
0.777777777778 1.0 0 0 1e-07 3.36165273109e-05 0.0143660587517
0.787878787879 1.0 0 0 1e-07 3.3686497951e-05 0.0143710508522
0.79797979798 1.0 0 0 1e-07 3.3754205698e-05 0.0143758867484
0.808080808081 1.0 0 0 1e-07 3.38197428449e-05 0.0143805725593
0.818181818182 1.0 0 0 1e-07 3.38831972645e-05 0.014385114125
0.828282828283 1.0 0 0 1e-07 3.39446526453e-05 0.0143895170206
0.838383838384 1.0 0 0 1e-07 3.40041887142e-05 0.0143937865693
0.848484848485 1.0 0 0 1e-07 3.40618814457e-05 0.0143979278554
0.858585858586 1.0 0 0 1e-07 3.41178032605e-05 0.0144019457356
0.868686868687 1.0 0 0 1e-07 3.41720232119e-05 0.014405844851
0.878787878788 1.0 0 0 1e-07 3.42246071624e-05 0.014409629637
0.888888888889 1.0 0 0 1e-07 3.42756179498e-05 0.0144133043342
0.89898989899 1.0 0 0 1e-07 3.43251155444e-05 0.0144168729975
0.909090909091 1.0 0 0 1e-07 3.43731571968e-05 0.0144203395055
0.919191919192 1.0 0 0 1e-07 3.44197975783e-05 0.0144237075689
0.929292929293 1.0 0 0 1e-07 3.44650889122e-05 0.0144269807388
0.939393939394 1.0 0 0 1e-07 3.4509081099e-05 0.0144301624143
0.949494949495 1.0 0 0 1e-07 3.45518218339e-05 0.0144332558503
0.959595959596 1.0 0 0 1e-07 3.45933567176e-05 0.0144362641637
0.969696969697 1.0 0 0 1e-07 3.46337293621e-05 0.0144391903407
0.979797979798 1.0 0 0 1e-07 3.46729814892e-05 0.0144420372425
0.989898989899 1.0 0 0 1e-07 3.47111530245e-05 0.0144448076118
1.0 1.0 0 0 1e-07 3.4748282186e-05 0.0144475040776
