VD VG VS VB Ids  
-0.05 -2.0 0 0 -0.000690488878138
-0.2 -2.0 0 0 -0.00271049359013
-0.3 -2.0 0 0 -0.00399911083562
-0.5 -2.0 0 0 -0.00634676203009
-0.7 -2.0 0 0 -0.00818986569342
-0.95 -2.0 0 0 -0.00961707184841
-0.05 -1.9797979798 0 0 -0.000687634828679
-0.2 -1.9797979798 0 0 -0.00269738715771
-0.3 -1.9797979798 0 0 -0.00397696669983
-0.5 -1.9797979798 0 0 -0.00629668874914
-0.7 -1.9797979798 0 0 -0.00809486333
-0.95 -1.9797979798 0 0 -0.00946310288271
-0.05 -1.9595959596 0 0 -0.000684697753195
-0.2 -1.9595959596 0 0 -0.00268386738055
-0.3 -1.9595959596 0 0 -0.0039540690552
-0.5 -1.9595959596 0 0 -0.00624467699843
-0.7 -1.9595959596 0 0 -0.0079966179016
-0.95 -1.9595959596 0 0 -0.00930595469689
-0.05 -1.93939393939 0 0 -0.000681674222948
-0.2 -1.93939393939 0 0 -0.00266991542595
-0.3 -1.93939393939 0 0 -0.00393038065577
-0.5 -1.93939393939 0 0 -0.00619063290283
-0.7 -1.93939393939 0 0 -0.00789505864268
-0.95 -1.93939393939 0 0 -0.00914566329797
-0.05 -1.91919191919 0 0 -0.000678560629558
-0.2 -1.91919191919 0 0 -0.00265551134919
-0.3 -1.91919191919 0 0 -0.00390586191455
-0.5 -1.91919191919 0 0 -0.00613445903831
-0.7 -1.91919191919 0 0 -0.00779012077407
-0.95 -1.91919191919 0 0 -0.00898227233558
-0.05 -1.89898989899 0 0 -0.000675353173885
-0.2 -1.89898989899 0 0 -0.00264063401447
-0.3 -1.89898989899 0 0 -0.00388047073962
-0.5 -1.89898989899 0 0 -0.00607605464939
-0.7 -1.89898989899 0 0 -0.00768174644736
-0.95 -1.89898989899 0 0 -0.00881583329845
-0.05 -1.87878787879 0 0 -0.000672047854163
-0.2 -1.87878787879 0 0 -0.00262526100959
-0.3 -1.87878787879 0 0 -0.00385416236072
-0.5 -1.87878787879 0 0 -0.00601531595448
-0.7 -1.87878787879 0 0 -0.00756988571007
-0.95 -1.87878787879 0 0 -0.00864640570593
-0.05 -1.85858585859 0 0 -0.000668640453312
-0.2 -1.85858585859 0 0 -0.00260936855382
-0.3 -1.85858585859 0 0 -0.00382688914653
-0.5 -1.85858585859 0 0 -0.00595213655278
-0.7 -1.85858585859 0 0 -0.00745449748028
-0.95 -1.85858585859 0 0 -0.00847405730011
-0.05 -1.83838383838 0 0 -0.00066512652538
-0.2 -1.83838383838 0 0 -0.00259293139865
-0.3 -1.83838383838 0 0 -0.00379860041333
-0.5 -1.83838383838 0 0 -0.00588640794691
-0.7 -1.83838383838 0 0 -0.00733555051824
-0.95 -1.83838383838 0 0 -0.0082988642464
-0.05 -1.81818181818 0 0 -0.000661501381067
-0.2 -1.81818181818 0 0 -0.00257592272082
-0.3 -1.81818181818 0 0 -0.00376924222635
-0.5 -1.81818181818 0 0 -0.00581802019576
-0.7 -1.81818181818 0 0 -0.00721302438141
-0.95 -1.81818181818 0 0 -0.00812091135293
-0.05 -1.79797979798 0 0 -0.000657760072247
-0.2 -1.79797979798 0 0 -0.00255831400704
-0.3 -1.79797979798 0 0 -0.00373875719543
-0.5 -1.79797979798 0 0 -0.00574686271123
-0.7 -1.79797979798 0 0 -0.00708691034941
-0.95 -1.79797979798 0 0 -0.00794029232279
-0.05 -1.77777777778 0 0 -0.000653897375454
-0.2 -1.77777777778 0 0 -0.00254007493024
-0.3 -1.77777777778 0 0 -0.00370708426768
-0.5 -1.77777777778 0 0 -0.00567282521206
-0.7 -1.77777777778 0 0 -0.00695721230508
-0.95 -1.77777777778 0 0 -0.0077571100572
-0.05 -1.75757575758 0 0 -0.000649907774239
-0.2 -1.75757575758 0 0 -0.00252117321657
-0.3 -1.75757575758 0 0 -0.00367415852065
-0.5 -1.75757575758 0 0 -0.0055957988453
-0.7 -1.75757575758 0 0 -0.00682394755822
-0.95 -1.75757575758 0 0 -0.00757147703356
-0.05 -1.73737373737 0 0 -0.000645785440356
-0.2 -1.73737373737 0 0 -0.00250157450316
-0.3 -1.73737373737 0 0 -0.00363991096092
-0.5 -1.73737373737 0 0 -0.00551567748389
-0.7 -1.73737373737 0 0 -0.00668714760003
-0.95 -1.73737373737 0 0 -0.0073835157893
-0.05 -1.71717171717 0 0 -0.00064152421369
-0.2 -1.71717171717 0 0 -0.00248124218623
-0.3 -1.71717171717 0 0 -0.00360426833458
-0.5 -1.71717171717 0 0 -0.00543235920405
-0.7 -1.71717171717 0 0 -0.00654685877753
-0.95 -1.71717171717 0 0 -0.0071933595496
-0.05 -1.69696969697 0 0 -0.000637117580883
-0.2 -1.69696969697 0 0 -0.00246013725957
-0.3 -1.69696969697 0 0 -0.00356715295795
-0.5 -1.69696969697 0 0 -0.00534574794175
-0.7 -1.69696969697 0 0 -0.00640314287972
-0.95 -1.69696969697 0 0 -0.00700115304015
-0.05 -1.67676767677 0 0 -0.000632558652573
-0.2 -1.67676767677 0 0 -0.00243821814385
-0.3 -1.67676767677 0 0 -0.00352848257952
-0.5 -1.67676767677 0 0 -0.00525575532084
-0.7 -1.67676767677 0 0 -0.00625607763008
-0.95 -1.67676767677 0 0 -0.00680705350808
-0.05 -1.65656565657 0 0 -0.00062784013921
-0.2 -1.65656565657 0 0 -0.00241544050713
-0.3 -1.65656565657 0 0 -0.00348817028673
-0.5 -1.65656565657 0 0 -0.00516230263849
-0.7 -1.65656565657 0 0 -0.00610575708387
-0.95 -1.65656565657 0 0 -0.00661123191046
-0.05 -1.63636363636 0 0 -0.000622954325389
-0.2 -1.63636363636 0 0 -0.00239175707802
-0.3 -1.63636363636 0 0 -0.00344612447488
-0.5 -1.63636363636 0 0 -0.00506532298513
-0.7 -1.63636363636 0 0 -0.00595229193285
-0.95 -1.63636363636 0 0 -0.00641387413592
-0.05 -1.61616161616 0 0 -0.000617893042658
-0.2 -1.61616161616 0 0 -0.00236711745328
-0.3 -1.61616161616 0 0 -0.00340224889938
-0.5 -1.61616161616 0 0 -0.00496476346786
-0.7 -1.61616161616 0 0 -0.00579580972555
-0.95 -1.61616161616 0 0 -0.00621518221296
-0.05 -1.59595959596 0 0 -0.000612647640792
-0.2 -1.59595959596 0 0 -0.0023414679027
-0.3 -1.59595959596 0 0 -0.00335644283713
-0.5 -1.59595959596 0 0 -0.00486058749748
-0.7 -1.59595959596 0 0 -0.00563645501732
-0.95 -1.59595959596 0 0 -0.00601537603914
-0.05 -1.57575757576 0 0 -0.000607208957525
-0.2 -1.57575757576 0 0 -0.00231475117555
-0.3 -1.57575757576 0 0 -0.0033086013879
-0.5 -1.57575757576 0 0 -0.0047527770911
-0.7 -1.57575757576 0 0 -0.00547438947191
-0.95 -1.57575757576 0 0 -0.00581469677437
-0.05 -1.55555555556 0 0 -0.000601567286781
-0.2 -1.55555555556 0 0 -0.0022869063143
-0.3 -1.55555555556 0 0 -0.00325861595212
-0.5 -1.55555555556 0 0 -0.0046413351358
-0.7 -1.55555555556 0 0 -0.00530979194465
-0.95 -1.55555555556 0 0 -0.00561341236904
-0.05 -1.53535353535 0 0 -0.000595712345466
-0.2 -1.53535353535 0 0 -0.00225786848363
-0.3 -1.53535353535 0 0 -0.00320637492675
-0.5 -1.53535353535 0 0 -0.00452628755357
-0.7 -1.53535353535 0 0 -0.00514285858798
-0.95 -1.53535353535 0 0 -0.0054118240652
-0.05 -1.51515151515 0 0 -0.000589633238967
-0.2 -1.51515151515 0 0 -0.00222756882567
-0.3 -1.51515151515 0 0 -0.00315176466626
-0.5 -1.51515151515 0 0 -0.00440768530572
-0.7 -1.51515151515 0 0 -0.00497380303172
-0.95 -1.51515151515 0 0 -0.00521027079915
-0.05 -1.49494949495 0 0 -0.000583318425537
-0.2 -1.49494949495 0 0 -0.00219593435566
-0.3 -1.49494949495 0 0 -0.0030946707596
-0.5 -1.49494949495 0 0 -0.00428560617602
-0.7 -1.49494949495 0 0 -0.0048028567049
-0.95 -1.49494949495 0 0 -0.00500912253492
-0.05 -1.47474747475 0 0 -0.000576755679882
-0.2 -1.47474747475 0 0 -0.00216288791709
-0.3 -1.47474747475 0 0 -0.00303497967672
-0.5 -1.47474747475 0 0 -0.00416015627699
-0.7 -1.47474747475 0 0 -0.00463026938142
-0.95 -1.47474747475 0 0 -0.00480874725652
-0.05 -1.45454545455 0 0 -0.000569932056346
-0.2 -1.45454545455 0 0 -0.00212834822065
-0.3 -1.45454545455 0 0 -0.00297258083697
-0.5 -1.45454545455 0 0 -0.00403147123233
-0.7 -1.45454545455 0 0 -0.00445631004486
-0.95 -1.45454545455 0 0 -0.00460946120415
-0.05 -1.43434343434 0 0 -0.000562833852269
-0.2 -1.43434343434 0 0 -0.00209222999834
-0.3 -1.43434343434 0 0 -0.00290736914735
-0.5 -1.43434343434 0 0 -0.00389971700253
-0.7 -1.43434343434 0 0 -0.00428126816824
-0.95 -1.43434343434 0 0 -0.0044115203074
-0.05 -1.41414141414 0 0 -0.0005554465723
-0.2 -1.41414141414 0 0 -0.00205444431201
-0.3 -1.41414141414 0 0 -0.00283924804741
-0.5 -1.41414141414 0 0 -0.00376509033725
-0.7 -1.41414141414 0 0 -0.00410545546702
-0.95 -1.41414141414 0 0 -0.00421516781881
-0.05 -1.39393939394 0 0 -0.000547754894674
-0.2 -1.39393939394 0 0 -0.00201489906514
-0.3 -1.39393939394 0 0 -0.00276813308008
-0.5 -1.39393939394 0 0 -0.00362781885945
-0.7 -1.39393939394 0 0 -0.00392920810611
-0.95 -1.39393939394 0 0 -0.00402067613344
-0.05 -1.37373737374 0 0 -0.00053974264083
-0.2 -1.37373737374 0 0 -0.00197349977719
-0.3 -1.37373737374 0 0 -0.00269395598169
-0.5 -1.37373737374 0 0 -0.00348816080944
-0.7 -1.37373737374 0 0 -0.00375288934936
-0.95 -1.37373737374 0 0 -0.00382835888231
-0.05 -1.35353535354 0 0 -0.00053139275015
-0.2 -1.35353535354 0 0 -0.00193015069091
-0.3 -1.35353535354 0 0 -0.00261666924925
-0.5 -1.35353535354 0 0 -0.00334640450318
-0.7 -1.35353535354 0 0 -0.00357689295079
-0.95 -1.35353535354 0 0 -0.00363855066116
-0.05 -1.33333333333 0 0 -0.000522687262148
-0.2 -1.33333333333 0 0 -0.001884756294
-0.3 -1.33333333333 0 0 -0.00253625110033
-0.5 -1.33333333333 0 0 -0.00320286758592
-0.7 -1.33333333333 0 0 -0.00340164736934
-0.95 -1.33333333333 0 0 -0.00345156426818
-0.05 -1.31313131313 0 0 -0.000513607309145
-0.2 -1.31313131313 0 0 -0.00183722334553
-0.3 -1.31313131313 0 0 -0.00245271069126
-0.5 -1.31313131313 0 0 -0.00305789618977
-0.7 -1.31313131313 0 0 -0.00322761654423
-0.95 -1.31313131313 0 0 -0.00326766945447
-0.05 -1.29292929293 0 0 -0.000504133123334
-0.2 -1.29292929293 0 0 -0.00178746350282
-0.3 -1.29292929293 0 0 -0.00236609340765
-0.5 -1.29292929293 0 0 -0.00291186413104
-0.7 -1.29292929293 0 0 -0.00305528247297
-0.95 -1.29292929293 0 0 -0.00308710103156
-0.05 -1.27272727273 0 0 -0.000494244063316
-0.2 -1.27272727273 0 0 -0.00173539664238
-0.3 -1.27272727273 0 0 -0.00227648599278
-0.5 -1.27272727273 0 0 -0.00276517230986
-0.7 -1.27272727273 0 0 -0.00288509609516
-0.95 -1.27272727273 0 0 -0.00291007412615
-0.05 -1.25252525253 0 0 -0.000483918666606
-0.2 -1.25252525253 0 0 -0.0016809549554
-0.3 -1.25252525253 0 0 -0.00218402124098
-0.5 -1.25252525253 0 0 -0.00261824849863
-0.7 -1.25252525253 0 0 -0.00271742921923
-0.95 -1.25252525253 0 0 -0.00273679471954
-0.05 -1.23232323232 0 0 -0.000473134736475
-0.2 -1.23232323232 0 0 -0.00162408786964
-0.3 -1.23232323232 0 0 -0.00208888196348
-0.5 -1.23232323232 0 0 -0.00247154772033
-0.7 -1.23232323232 0 0 -0.00255259149044
-0.95 -1.23232323232 0 0 -0.00256746492935
-0.05 -1.21212121212 0 0 -0.00046186947385
-0.2 -1.21212121212 0 0 -0.00156476780001
-0.3 -1.21212121212 0 0 -0.00199130393978
-0.5 -1.21212121212 0 0 -0.00232555338618
-0.7 -1.21212121212 0 0 -0.00239089078556
-0.95 -1.21212121212 0 0 -0.00240228515712
-0.05 -1.19191919192 0 0 -0.000450099667954
-0.2 -1.19191919192 0 0 -0.00150299665748
-0.3 -1.19191919192 0 0 -0.0018915776038
-0.5 -1.19191919192 0 0 -0.00218077912245
-0.7 -1.19191919192 0 0 -0.00223266939851
-0.95 -1.19191919192 0 0 -0.00224145469445
-0.05 -1.17171717172 0 0 -0.000437801963094
-0.2 -1.17171717172 0 0 -0.00143881294744
-0.3 -1.17171717172 0 0 -0.00179004828252
-0.5 -1.17171717172 0 0 -0.00203777007878
-0.7 -1.17171717172 0 0 -0.00207830836668
-0.95 -1.17171717172 0 0 -0.00208517161107
-0.05 -1.15151515152 0 0 -0.000424953223637
-0.2 -1.15151515152 0 0 -0.00137229917023
-0.3 -1.15151515152 0 0 -0.00168711490178
-0.5 -1.15151515152 0 0 -0.0018970983849
-0.7 -1.15151515152 0 0 -0.00192819669792
-0.95 -1.15151515152 0 0 -0.00193363229176
-0.05 -1.13131313131 0 0 -0.000411531024911
-0.2 -1.13131313131 0 0 -0.00130358910711
-0.3 -1.13131313131 0 0 -0.00158322719159
-0.5 -1.13131313131 0 0 -0.00175933914154
-0.7 -1.13131313131 0 0 -0.00178268474121
-0.95 -1.13131313131 0 0 -0.00178703077017
-0.05 -1.11111111111 0 0 -0.000397514304575
-0.2 -1.11111111111 0 0 -0.00123287445378
-0.3 -1.11111111111 0 0 -0.00147888155133
-0.5 -1.11111111111 0 0 -0.00162501649943
-0.7 -1.11111111111 0 0 -0.00164206656036
-0.95 -1.11111111111 0 0 -0.00164555790905
-0.05 -1.09090909091 0 0 -0.000382884216967
-0.2 -1.09090909091 0 0 -0.00116041017495
-0.3 -1.09090909091 0 0 -0.00137461586201
-0.5 -1.09090909091 0 0 -0.00149455376786
-0.7 -1.09090909091 0 0 -0.00150659094875
-0.95 -1.09090909091 0 0 -0.00150940043265
-0.05 -1.07070707071 0 0 -0.000367625241793
-0.2 -1.07070707071 0 0 -0.0010865179259
-0.3 -1.07070707071 0 0 -0.00127100364928
-0.5 -1.07070707071 0 0 -0.00136829067088
-0.7 -1.07070707071 0 0 -0.0013764774357
-0.95 -1.07070707071 0 0 -0.00137873979474
-0.05 -1.05050505051 0 0 -0.000351726607567
-0.2 -1.05050505051 0 0 -0.00101158694556
-0.3 -1.05050505051 0 0 -0.00116864808238
-0.5 -1.05050505051 0 0 -0.00124654774831
-0.7 -1.05050505051 0 0 -0.00125192658265
-0.95 -1.05050505051 0 0 -0.00125375085284
-0.05 -1.0303030303 0 0 -0.000335184098116
-0.2 -1.0303030303 0 0 -0.000936071983895
-0.3 -1.0303030303 0 0 -0.00106817620753
-0.5 -1.0303030303 0 0 -0.00112966635798
-0.7 -1.0303030303 0 0 -0.00113312450508
-0.95 -1.0303030303 0 0 -0.00113460030911
-0.05 -1.0101010101 0 0 -0.000318002314587
-0.2 -1.0101010101 0 0 -0.000860488082234
-0.3 -1.0101010101 0 0 -0.000970232980263
-0.5 -1.0101010101 0 0 -0.00101801491481
-0.7 -1.0101010101 0 0 -0.00102024383582
-0.95 -1.0101010101 0 0 -0.00102144486891
-0.05 -0.989898989899 0 0 -0.000300197461566
-0.2 -0.989898989899 0 0 -0.000785402354201
-0.3 -0.989898989899 0 0 -0.000875471473016
-0.5 -0.989898989899 0 0 -0.00091196325454
-0.7 -0.989898989899 0 0 -0.000913442745636
-0.95 -0.989898989899 0 0 -0.000914429059187
-0.05 -0.969696969697 0 0 -0.000281800707391
-0.2 -0.969696969697 0 0 -0.000711423264976
-0.3 -0.969696969697 0 0 -0.000784528788233
-0.5 -0.969696969697 0 0 -0.000811834013634
-0.7 -0.969696969697 0 0 -0.000812862845565
-0.95 -0.969696969697 0 0 -0.000813682640374
-0.05 -0.949494949495 0 0 -0.000262862126346
-0.2 -0.949494949495 0 0 -0.000639188142882
-0.3 -0.949494949495 0 0 -0.000697975353619
-0.5 -0.949494949495 0 0 -0.000717873660084
-0.7 -0.949494949495 0 0 -0.000718626317113
-0.95 -0.949494949495 0 0 -0.00071931753792
-0.05 -0.929292929293 0 0 -0.000243455152558
-0.2 -0.929292929293 0 0 -0.000569349346627
-0.3 -0.929292929293 0 0 -0.000616253396347
-0.5 -0.929292929293 0 0 -0.000630255334074
-0.7 -0.929292929293 0 0 -0.000630832379516
-0.95 -0.929292929293 0 0 -0.000631424215517
-0.05 -0.909090909091 0 0 -0.000223681350857
-0.2 -0.909090909091 0 0 -0.000502557460051
-0.3 -0.909090909091 0 0 -0.000539662652244
-0.5 -0.909090909091 0 0 -0.000549092455106
-0.7 -0.909090909091 0 0 -0.000549553096971
-0.95 -0.909090909091 0 0 -0.000550067411758
-0.05 -0.888888888889 0 0 -0.000203675133241
-0.2 -0.888888888889 0 0 -0.000439434511693
-0.3 -0.888888888889 0 0 -0.000468412797084
-0.5 -0.888888888889 0 0 -0.00047444824348
-0.7 -0.888888888889 0 0 -0.000474828487872
-0.95 -0.888888888889 0 0 -0.000475281168972
-0.05 -0.868686868687 0 0 -0.000183607831432
-0.2 -0.868686868687 0 0 -0.000380525328464
-0.3 -0.868686868687 0 0 -0.000402677795527
-0.5 -0.868686868687 0 0 -0.000406338596361
-0.7 -0.868686868687 0 0 -0.000406660892272
-0.95 -0.868686868687 0 0 -0.000407063099078
-0.05 -0.848484848485 0 0 -0.000163690310606
-0.2 -0.848484848485 0 0 -0.000326229872327
-0.3 -0.848484848485 0 0 -0.00034261235053
-0.5 -0.848484848485 0 0 -0.000344730098041
-0.7 -0.848484848485 0 0 -0.000345008570454
-0.95 -0.848484848485 0 0 -0.00034536785874
-0.05 -0.828282828283 0 0 -0.000144173116061
-0.2 -0.828282828283 0 0 -0.000276761539358
-0.3 -0.828282828283 0 0 -0.000288342197163
-0.5 -0.828282828283 0 0 -0.000289535055512
-0.7 -0.828282828283 0 0 -0.000289778539459
-0.95 -0.828282828283 0 0 -0.000290099845847
-0.05 -0.808080808081 0 0 -0.000125342899376
-0.2 -0.808080808081 0 0 -0.000232176786805
-0.3 -0.808080808081 0 0 -0.000239928362598
-0.5 -0.808080808081 0 0 -0.000240604755626
-0.7 -0.808080808081 0 0 -0.000240818705602
-0.95 -0.808080808081 0 0 -0.000241105183949
-0.05 -0.787878787879 0 0 -0.00010751297716
-0.2 -0.787878787879 0 0 -0.000192438768148
-0.3 -0.787878787879 0 0 -0.000197321155872
-0.5 -0.787878787879 0 0 -0.000197721662784
-0.7 -0.787878787879 0 0 -0.000197909439619
-0.95 -0.787878787879 0 0 -0.000198163151853
-0.05 -0.767676767677 0 0 -9.10027172213e-05
-0.2 -0.767676767677 0 0 -0.000157449430127
-0.3 -0.767676767677 0 0 -0.000160336781626
-0.5 -0.767676767677 0 0 -0.00016059120398
-0.7 -0.767676767677 0 0 -0.000160754979641
-0.95 -0.767676767677 0 0 -0.000160977455044
-0.05 -0.747474747475 0 0 -7.60940208853e-05
-0.2 -0.747474747475 0 0 -0.000127048654107
-0.3 -0.747474747475 0 0 -0.000128659797596
-0.5 -0.747474747475 0 0 -0.000128834449498
-0.7 -0.747474747475 0 0 -0.000128975857525
-0.95 -0.747474747475 0 0 -0.000129168543778
-0.05 -0.727272727273 0 0 -6.29528426466e-05
-0.2 -0.727272727273 0 0 -0.000100997526801
-0.3 -0.727272727273 0 0 -0.000101857411574
-0.5 -0.727272727273 0 0 -0.000101985427553
-0.7 -0.727272727273 0 0 -0.00010210603306
-0.95 -0.727272727273 0 0 -0.00010227065936
-0.05 -0.707070707071 0 0 -5.15391320481e-05
-0.2 -0.707070707071 0 0 -7.89567568317e-05
-0.3 -0.707070707071 0 0 -7.94042333886e-05
-0.5 -0.707070707071 0 0 -7.95024251893e-05
-0.7 -0.707070707071 0 0 -7.96040363344e-05
-0.95 -0.707070707071 0 0 -7.9742868413e-05
-0.05 -0.686868686869 0 0 -4.15992583918e-05
-0.2 -0.686868686869 0 0 -6.04995324767e-05
-0.3 -0.686868686869 0 0 -6.07313691968e-05
-0.5 -0.686868686869 0 0 -6.0808818371e-05
-0.7 -0.686868686869 0 0 -6.08935827567e-05
-0.95 -0.686868686869 0 0 -6.10094573537e-05
-0.05 -0.666666666667 0 0 -3.2816051223e-05
-0.2 -0.666666666667 0 0 -4.51857854966e-05
-0.3 -0.666666666667 0 0 -4.53078803274e-05
-0.5 -0.666666666667 0 0 -4.53699467902e-05
-0.7 -0.666666666667 0 0 -4.54401439722e-05
-0.95 -0.666666666667 0 0 -4.55361342749e-05
-0.05 -0.646464646465 0 0 -2.5009657145e-05
-0.2 -0.646464646465 0 0 -3.26542374021e-05
-0.3 -0.646464646465 0 0 -3.27208614704e-05
-0.5 -0.646464646465 0 0 -3.27708461378e-05
-0.7 -0.646464646465 0 0 -3.28284718591e-05
-0.95 -0.646464646465 0 0 -3.29072924123e-05
-0.05 -0.626262626263 0 0 -1.81987339121e-05
-0.2 -0.626262626263 0 0 -2.26479575872e-05
-0.3 -0.626262626263 0 0 -2.26861044879e-05
-0.5 -0.626262626263 0 0 -2.27259960117e-05
-0.7 -0.626262626263 0 0 -2.27725065379e-05
-0.95 -0.626262626263 0 0 -2.28361464493e-05
-0.05 -0.606060606061 0 0 -1.25091148729e-05
-0.2 -0.606060606061 0 0 -1.49545860041e-05
-0.3 -0.606060606061 0 0 -1.4977484977e-05
-0.5 -0.606060606061 0 0 -1.50085181759e-05
-0.7 -0.606060606061 0 0 -1.504494926e-05
-0.95 -0.606060606061 0 0 -1.50948236253e-05
-0.05 -0.585858585859 0 0 -8.05252676257e-06
-0.2 -0.585858585859 0 0 -9.33442621408e-06
-0.3 -0.585858585859 0 0 -9.34858984192e-06
-0.5 -0.585858585859 0 0 -9.37171304469e-06
-0.7 -0.585858585859 0 0 -9.3989794815e-06
-0.95 -0.585858585859 0 0 -9.43633451563e-06
-0.05 -0.565656565657 0 0 -4.83679954063e-06
-0.2 -0.565656565657 0 0 -5.48638212759e-06
-0.3 -0.565656565657 0 0 -5.4951521856e-06
-0.5 -0.565656565657 0 0 -5.51137314253e-06
-0.7 -0.565656565657 0 0 -5.53056162006e-06
-0.95 -0.565656565657 0 0 -5.55687458609e-06
-0.05 -0.545454545455 0 0 -2.72194565461e-06
-0.2 -0.545454545455 0 0 -3.04401583542e-06
-0.3 -0.545454545455 0 0 -3.04930399184e-06
-0.5 -0.545454545455 0 0 -3.05989948187e-06
-0.7 -0.545454545455 0 0 -3.07246465186e-06
-0.95 -0.545454545455 0 0 -3.08971415826e-06
-0.05 -0.525252525253 0 0 -1.45149631117e-06
-0.2 -0.525252525253 0 0 -1.60905314393e-06
-0.3 -0.525252525253 0 0 -1.61211450138e-06
-0.5 -0.525252525253 0 0 -1.61856760985e-06
-0.7 -0.525252525253 0 0 -1.62623612506e-06
-0.95 -0.525252525253 0 0 -1.63677570515e-06
-0.05 -0.505050505051 0 0 -7.43998465792e-07
-0.2 -0.505050505051 0 0 -8.20443357353e-07
-0.3 -0.505050505051 0 0 -8.22145582709e-07
-0.5 -0.505050505051 0 0 -8.25854004725e-07
-0.7 -0.505050505051 0 0 -8.30268573834e-07
-0.95 -0.505050505051 0 0 -8.36342769251e-07
-0.05 -0.484848484848 0 0 -3.71333728426e-07
-0.2 -0.484848484848 0 0 -4.08236267524e-07
-0.3 -0.484848484848 0 0 -4.091525903e-07
-0.5 -0.484848484848 0 0 -4.11194204e-07
-0.7 -0.484848484848 0 0 -4.13628212609e-07
-0.95 -0.484848484848 0 0 -4.1698077467e-07
-0.05 -0.464646464646 0 0 -1.82225249487e-07
-0.2 -0.464646464646 0 0 -1.99983603062e-07
-0.3 -0.464646464646 0 0 -2.0046544333e-07
-0.5 -0.464646464646 0 0 -2.01556545233e-07
-0.7 -0.464646464646 0 0 -2.02859051552e-07
-0.95 -0.464646464646 0 0 -2.04654827216e-07
-0.05 -0.444444444444 0 0 -8.84991551482e-08
-0.2 -0.444444444444 0 0 -9.70283769119e-08
-0.3 -0.444444444444 0 0 -9.72776830434e-08
-0.5 -0.444444444444 0 0 -9.78492531571e-08
-0.7 -0.444444444444 0 0 -9.85323560138e-08
-0.95 -0.444444444444 0 0 -9.94749917002e-08
-0.05 -0.424242424242 0 0 -4.2711388268e-08
-0.2 -0.424242424242 0 0 -4.68030948955e-08
-0.3 -0.424242424242 0 0 -4.69306667408e-08
-0.5 -0.424242424242 0 0 -4.72260619461e-08
-0.7 -0.424242424242 0 0 -4.75794673637e-08
-0.95 -0.424242424242 0 0 -4.80675474079e-08
-0.05 -0.40404040404 0 0 -2.05358031145e-08
-0.2 -0.40404040404 0 0 -2.24973497418e-08
-0.3 -0.40404040404 0 0 -2.25621278815e-08
-0.5 -0.40404040404 0 0 -2.27133708766e-08
-0.7 -0.40404040404 0 0 -2.28944884092e-08
-0.95 -0.40404040404 0 0 -2.31448218366e-08
-0.05 -0.383838383838 0 0 -9.8514505922e-09
-0.2 -0.383838383838 0 0 -1.07914470953e-08
-0.3 -0.383838383838 0 0 -1.08241579219e-08
-0.5 -0.383838383838 0 0 -1.09010764374e-08
-0.7 -0.383838383838 0 0 -1.09932702933e-08
-0.95 -0.383838383838 0 0 -1.11207925106e-08
-0.05 -0.363636363636 0 0 -4.71964560578e-09
-0.2 -0.363636363636 0 0 -5.17001374164e-09
-0.3 -0.363636363636 0 0 -5.18646314923e-09
-0.5 -0.363636363636 0 0 -5.22538615182e-09
-0.7 -0.363636363636 0 0 -5.27207783556e-09
-0.95 -0.363636363636 0 0 -5.33670829816e-09
-0.05 -0.343434343434 0 0 -2.25936576645e-09
-0.2 -0.343434343434 0 0 -2.47512350235e-09
-0.3 -0.343434343434 0 0 -2.48336886351e-09
-0.5 -0.343434343434 0 0 -2.50298853252e-09
-0.7 -0.343434343434 0 0 -2.52654268832e-09
-0.95 -0.343434343434 0 0 -2.55916913487e-09
-0.05 -0.323232323232 0 0 -1.08114070323e-09
-0.2 -0.323232323232 0 0 -1.18449869184e-09
-0.3 -0.323232323232 0 0 -1.18862108126e-09
-0.5 -0.323232323232 0 0 -1.19847988756e-09
-0.7 -0.323232323232 0 0 -1.21032465963e-09
-0.95 -0.323232323232 0 0 -1.22674287028e-09
-0.05 -0.30303030303 0 0 -5.17229641459e-10
-0.2 -0.30303030303 0 0 -5.66741711583e-10
-0.3 -0.30303030303 0 0 -5.68798361218e-10
-0.5 -0.30303030303 0 0 -5.73739625657e-10
-0.7 -0.30303030303 0 0 -5.79680539853e-10
-0.95 -0.30303030303 0 0 -5.87920845452e-10
-0.05 -0.282828282828 0 0 -2.47421352214e-10
-0.2 -0.282828282828 0 0 -2.7113904638e-10
-0.3 -0.282828282828 0 0 -2.72163227166e-10
-0.5 -0.282828282828 0 0 -2.74634350777e-10
-0.7 -0.282828282828 0 0 -2.77607462659e-10
-0.95 -0.282828282828 0 0 -2.81734012327e-10
-0.05 -0.262626262626 0 0 -1.1834984327e-10
-0.2 -0.262626262626 0 0 -1.29711211996e-10
-0.3 -0.262626262626 0 0 -1.30220412894e-10
-0.5 -0.262626262626 0 0 -1.31453826533e-10
-0.7 -0.262626262626 0 0 -1.32938794168e-10
-0.95 -0.262626262626 0 0 -1.35001201187e-10
-0.05 -0.242424242424 0 0 -5.66091896439e-11
-0.2 -0.242424242424 0 0 -6.20515436537e-11
-0.3 -0.242424242424 0 0 -6.2304337466e-11
-0.5 -0.242424242424 0 0 -6.29188992419e-11
-0.7 -0.242424242424 0 0 -6.36592844911e-11
-0.95 -0.242424242424 0 0 -6.46882309192e-11
-0.05 -0.222222222222 0 0 -2.70770130676e-11
-0.2 -0.222222222222 0 0 -2.96840168513e-11
-0.3 -0.222222222222 0 0 -2.98093484316e-11
-0.5 -0.222222222222 0 0 -3.0115075369e-11
-0.7 -0.222222222222 0 0 -3.04836291821e-11
-0.95 -0.222222222222 0 0 -3.09961496644e-11
-0.05 -0.20202020202 0 0 -1.29512586401e-11
-0.2 -0.20202020202 0 0 -1.42000652243e-11
-0.3 -0.20202020202 0 0 -1.42621265842e-11
-0.5 -0.20202020202 0 0 -1.44139947151e-11
-0.7 -0.20202020202 0 0 -1.4597185325e-11
-0.95 -0.20202020202 0 0 -1.48520953316e-11
-0.05 -0.181818181818 0 0 -6.19472327644e-12
-0.2 -0.181818181818 0 0 -6.79292501618e-12
-0.3 -0.181818181818 0 0 -6.82362049558e-12
-0.5 -0.181818181818 0 0 -6.89895911373e-12
-0.7 -0.181818181818 0 0 -6.98989078699e-12
-0.95 -0.181818181818 0 0 -7.11650121902e-12
-0.05 -0.161616161616 0 0 -2.96299776411e-12
-0.2 -0.161616161616 0 0 -3.24954772604e-12
-0.3 -0.161616161616 0 0 -3.26471279309e-12
-0.5 -0.161616161616 0 0 -3.30203988741e-12
-0.7 -0.161616161616 0 0 -3.34711842395e-12
-0.95 -0.161616161616 0 0 -3.40992440189e-12
-0.05 -0.141414141414 0 0 -1.41723033121e-12
-0.2 -0.141414141414 0 0 -1.55449172124e-12
-0.3 -0.141414141414 0 0 -1.56197792096e-12
-0.5 -0.141414141414 0 0 -1.58045048407e-12
-0.7 -0.141414141414 0 0 -1.60277152739e-12
-0.95 -0.141414141414 0 0 -1.63389038412e-12
-0.05 -0.121212121212 0 0 -6.77874813801e-13
-0.2 -0.121212121212 0 0 -7.43625948706e-13
-0.3 -0.121212121212 0 0 -7.47316765371e-13
-0.5 -0.121212121212 0 0 -7.56448172244e-13
-0.7 -0.121212121212 0 0 -7.67489045417e-13
-0.95 -0.121212121212 0 0 -7.82889339031e-13
-0.05 -0.10101010101 0 0 -3.2423351289e-13
-0.2 -0.10101010101 0 0 -3.55729026547e-13
-0.3 -0.10101010101 0 0 -3.57547829156e-13
-0.5 -0.10101010101 0 0 -3.62057384173e-13
-0.7 -0.10101010101 0 0 -3.67512315618e-13
-0.95 -0.10101010101 0 0 -3.75126416216e-13
-0.05 -0.0808080808081 0 0 -1.55084061549e-13
-0.2 -0.0808080808081 0 0 -1.70170774729e-13
-0.3 -0.0808080808081 0 0 -1.71065998862e-13
-0.5 -0.0808080808081 0 0 -1.73290694647e-13
-0.7 -0.0808080808081 0 0 -1.7598353621e-13
-0.95 -0.0808080808081 0 0 -1.79744577987e-13
-0.05 -0.0606060606061 0 0 -1.0015978902e-13
-0.2 -0.0606060606061 0 0 -1.19871093637e-13
-0.3 -0.0606060606061 0 0 -1.20562236931e-13
-0.5 -0.0606060606061 0 0 -1.22178748903e-13
-0.7 -0.0606060606061 0 0 -1.24135124109e-13
-0.95 -0.0606060606061 0 0 -1.26869069529e-13
-0.05 -0.040404040404 0 0 -4.79073602699e-14
-0.2 -0.040404040404 0 0 -5.73429387411e-14
-0.3 -0.040404040404 0 0 -5.76820771343e-14
-0.5 -0.040404040404 0 0 -5.84781817488e-14
-0.7 -0.040404040404 0 0 -5.94422035993e-14
-0.95 -0.040404040404 0 0 -6.07901847811e-14
-0.05 -0.020202020202 0 0 -2.29145365666e-14
-0.2 -0.020202020202 0 0 -2.74312388361e-14
-0.3 -0.020202020202 0 0 -2.75975452771e-14
-0.5 -0.020202020202 0 0 -2.79893004778e-14
-0.7 -0.020202020202 0 0 -2.84639465934e-14
-0.95 -0.020202020202 0 0 -2.91280337367e-14
-0.05 0.0 0 0 -1.09602361964e-14
-0.2 0.0 0 0 -1.31223281907e-14
-0.3 0.0 0 0 -1.32038336277e-14
-0.5 0.0 0 0 -1.33964654004e-14
-0.7 0.0 0 0 -1.36299834721e-14
-0.95 0.0 0 0 -1.39568969776e-14
