VD VG VS VB Ids Qg  
-0.05 -2.0 0 0 -0.000814583718743 -9.46561848608e-14 0.477947894937 0.0314107637843
-0.2 -2.0 0 0 -0.00324734250976 -8.84936306991e-14 0.44870410122 0.029712835908
-0.3 -2.0 0 0 -0.0048562384579 -8.44107953873e-14 0.429138853501 0.0285195789914
-0.5 -2.0 0 0 -0.0079903685635 -7.64106838072e-14 0.390477792883 0.025899680909
-0.7 -2.0 0 0 -0.010683499801 -6.95369936948e-14 0.357323741655 0.0228367492187
-0.95 -2.0 0 0 -0.0129848028665 -6.38794175357e-14 0.33000349659 0.0199417266653
-0.05 -1.9797979798 0 0 -0.000813964985941 -9.29320368568e-14 0.469802512579 0.0309480331628
-0.2 -1.9797979798 0 0 -0.00324444221895 -8.67787702601e-14 0.440502542409 0.0292208658722
-0.3 -1.9797979798 0 0 -0.00485122538557 -8.27036502316e-14 0.420912275787 0.0280098138539
-0.5 -1.9797979798 0 0 -0.00797575875356 -7.47316990076e-14 0.382283422161 0.0253518615674
-0.7 -1.9797979798 0 0 -0.010636339739 -6.79499176961e-14 0.349509202711 0.0222775296507
-0.95 -1.9797979798 0 0 -0.0128908132722 -6.24219050655e-14 0.32275757595 0.0194293012872
-0.05 -1.9595959596 0 0 -0.000813323513201 -9.12102502892e-14 0.461639457761 0.0304767996897
-0.2 -1.9595959596 0 0 -0.00324142698587 -8.50668257915e-14 0.432288332218 0.0287214051153
-0.3 -1.9595959596 0 0 -0.00484599604847 -8.09998569213e-14 0.412676760869 0.0274932258186
-0.5 -1.9595959596 0 0 -0.0079602760656 -7.30580279707e-14 0.374093653223 0.0247982397064
-0.7 -1.9595959596 0 0 -0.0105867630209 -6.63724880776e-14 0.341724139862 0.0217167515517
-0.95 -1.9595959596 0 0 -0.0127939592687 -6.09750503746e-14 0.315549879817 0.0189177378295
-0.05 -1.93939393939 0 0 -0.000812658103383 -8.94909725589e-14 0.453460092159 0.0299973431688
-0.2 -1.93939393939 0 0 -0.00323829022877 -8.33579589539e-14 0.424062905786 0.0282147454488
-0.3 -1.93939393939 0 0 -0.00484053671191 -7.92995927544e-14 0.404433826227 0.026970111253
-0.5 -1.93939393939 0 0 -0.00794384868606 -7.13899930266e-14 0.365910778619 0.0242391358798
-0.7 -1.93939393939 0 0 -0.0105346630136 -6.4805093231e-14 0.333971106606 0.0211549047814
-0.95 -1.93939393939 0 0 -0.0126941583535 -5.95391540126e-14 0.308382476481 0.0184073910353
-0.05 -1.91919191919 0 0 -0.000811967476713 -8.77743544895e-14 0.445265795164 0.0295099469532
-0.2 -1.91919191919 0 0 -0.00323502486742 -8.16523357681e-14 0.415827720133 0.027701182133
-0.3 -1.91919191919 0 0 -0.0048348324689 -7.76030407386e-14 0.396185018143 0.0264407695588
-0.5 -1.91919191919 0 0 -0.00792639807217 -6.97279363102e-14 0.357737190711 0.0236748819497
-0.7 -1.91919191919 0 0 -0.0104799307558 -6.32481272646e-14 0.32625268182 0.0205924815125
-0.95 -1.91919191919 0 0 -0.0125913256079 -5.81145229161e-14 0.30125746037 0.0178986161044
-0.05 -1.89898989899 0 0 -0.00081125026372 -8.60605505355e-14 0.437057964749 0.0290148979251
-0.2 -1.89898989899 0 0 -0.00323162327596 -7.99501268995e-14 0.407584255423 0.0271810138811
-0.3 -1.89898989899 0 0 -0.0048288671137 -7.59103900316e-14 0.387931913827 0.0259055031437
-0.5 -1.89898989899 0 0 -0.00790783836452 -6.80722213338e-14 0.349575388924 0.0231058227435
-0.7 -1.89898989899 0 0 -0.0104224550213 -6.17019898328e-14 0.318571468844 0.0200299753676
-0.95 -1.89898989899 0 0 -0.0124853736797 -5.67014705114e-14 0.29417695237 0.0173917686095
-0.05 -1.87878787879 0 0 -0.000810504997458 -8.43497190056e-14 0.428838018412 0.0285124864861
-0.2 -1.87878787879 0 0 -0.00322807723026 -7.82515079657e-14 0.399334016347 0.0266545428731
-0.3 -1.87878787879 0 0 -0.0048226229987 -7.42218364268e-14 0.379676123786 0.0253646173981
-0.5 -1.87878787879 0 0 -0.00788807577453 -6.64232346101e-14 0.341427987143 0.0225323178944
-0.7 -1.87878787879 0 0 -0.0103621223752 -6.01670859954e-14 0.31093009471 0.0194678805816
-0.95 -1.87878787879 0 0 -0.0123762127799 -5.53003167947e-14 0.287143100047 0.0168872043998
-0.05 -1.85858585859 0 0 -0.000809730104924 -8.26420223022e-14 0.420607394204 0.0280030065546
-0.2 -1.85858585859 0 0 -0.00322437784921 -7.65566598692e-14 0.391078533637 0.02612207478
-0.3 -1.85858585859 0 0 -0.00481608087234 -7.25375828909e-14 0.371419294472 0.0248184206758
-0.5 -1.85858585859 0 0 -0.00786700795386 -6.47813873049e-14 0.333297721125 0.0219547438534
-0.7 -1.85858585859 0 0 -0.0102988172221 -5.86438261097e-14 0.30333120951 0.0189066911999
-0.95 -1.85858585859 0 0 -0.0122637506957 -5.39113883864e-14 0.28015807774 0.0163852794891
-0.05 -1.83838383838 0 0 -0.000808923897577 -8.09376271782e-14 0.41236755184 0.0274867555742
-0.2 -1.83838383838 0 0 -0.00322051552899 -7.48657691585e-14 0.382819365718 0.0255839187978
-0.3 -1.83838383838 0 0 -0.00480921969502 -7.08578401606e-14 0.363163111246 0.0242672242806
-0.5 -1.83838383838 0 0 -0.00784452335506 -6.31471168906e-14 0.325187455804 0.0213734960565
-0.7 -1.83838383838 0 0 -0.0102324218468 -5.71326257584e-14 0.295777485932 0.0183469003228
-0.95 -1.83838383838 0 0 -0.0121478928219 -5.25350185554e-14 0.273224086507 0.0158863499281
-0.05 -1.81818181818 0 0 -0.000808084560838 -7.92367050133e-14 0.404119973912 0.0269640345313
-0.2 -1.81818181818 0 0 -0.00321647986949 -7.31790284191e-14 0.374558100521 0.0250403876943
-0.3 -1.81818181818 0 0 -0.00480201642962 -6.91828274073e-14 0.354909301705 0.0237113424577
-0.5 -1.81818181818 0 0 -0.00782050059545 -6.15208887678e-14 0.31710019229 0.0207889912111
-0.7 -1.81818181818 0 0 -0.0101628164468 -5.56339057116e-14 0.288271618931 0.0177889994057
-0.95 -1.81818181818 0 0 -0.0120285422146 -5.11715472072e-14 0.266343353901 0.0153907716593
-0.05 -1.79797979798 0 0 -0.00080721014247 -7.75394321116e-14 0.395866167204 0.0264351479848
-0.2 -1.79797979798 0 0 -0.0032122595916 -7.14966366997e-14 0.366296357473 0.0244917978674
-0.3 -1.79797979798 0 0 -0.00479444580249 -6.75127729793e-14 0.346659639421 0.0231510923928
-0.5 -1.79797979798 0 0 -0.00779480783946 -5.99031978112e-14 0.309039074383 0.0202016696586
-0.7 -1.79797979798 0 0 -0.0100898791598 -5.4148091924e-14 0.280816325559 0.0172334776196
-0.95 -1.79797979798 0 0 -0.0119055996702 -4.9821320832e-14 0.25951813354 0.014898900352
-0.05 -1.77777777778 0 0 -0.000806298539666 -7.58459900216e-14 0.387607664125 0.0259004041074
-0.2 -1.77777777778 0 0 -0.00320784244415 -6.98187999762e-14 0.358035789681 0.0239384694169
-0.3 -1.77777777778 0 0 -0.00478648003026 -6.58479152344e-14 0.33841594817 0.0225867942189
-0.5 -1.77777777778 0 0 -0.00776730221748 -5.8294569792e-14 0.301007394357 0.0196119977501
-0.7 -1.77777777778 0 0 -0.0100134860871 -5.26756155613e-14 0.273414344903 0.0166808212769
-0.95 -1.77777777778 0 0 -0.0117789638336 -4.84846924043e-14 0.252750704446 0.0144110912178
-0.05 -1.75757575758 0 0 -0.000805347484702 -7.41565658817e-14 0.379346024265 0.0253601147401
-0.2 -1.75757575758 0 0 -0.00320321509893 -6.81457316582e-14 0.349778086333 0.023380726231
-0.3 -1.75757575758 0 0 -0.00477808850671 -6.41885034752e-14 0.330180106702 0.0220187710351
-0.5 -1.75757575758 0 0 -0.00773782930273 -5.66955626191e-14 0.293008597755 0.0190204701574
-0.7 -1.75757575758 0 0 -0.00993351131669 -5.12169130514e-14 0.266068438126 0.0161315133234
-0.95 -1.75757575758 0 0 -0.0116485313409 -4.71620212282e-14 0.246043370106 0.0139276988057
-0.05 -1.73737373737 0 0 -0.000804354528964 -7.2471352793e-14 0.371082836092 0.0248145954607
-0.2 -1.73737373737 0 0 -0.00319836303202 -6.64776531429e-14 0.341524975353 0.0228188960877
-0.3 -1.73737373737 0 0 -0.0047692374433 -6.25347990053e-14 0.321954054162 0.0214473489388
-0.5 -1.73737373737 0 0 -0.00770622267038 -5.51067673364e-14 0.285046286914 0.0184276120262
-0.7 -1.73737373737 0 0 -0.00984982695143 -4.97724261526e-14 0.258781388557 0.015586032894
-0.95 -1.73737373737 0 0 -0.0115141970008 -4.58536727193e-14 0.239398457216 0.0134490767773
-0.05 -1.71717171717 0 0 -0.000803317025132 -7.07905502226e-14 0.362819718801 0.0242641656682
-0.2 -1.71717171717 0 0 -0.0031932703893 -6.48147944231e-14 0.333278226323 0.0222533107729
-0.3 -1.71717171717 0 0 -0.00475988945539 -6.08870763247e-14 0.313739796249 0.0208728570786
-0.5 -1.71717171717 0 0 -0.00767230356588 -5.35288088096e-14 0.277124222932 0.0178339808601
-0.7 -1.71717171717 0 0 -0.00976230314608 -4.8342602029e-14 0.251556001796 0.0150448549296
-0.95 -1.71717171717 0 0 -0.011375854022 -4.45600181131e-14 0.232818314047 0.0129755776635
-0.05 -1.69696969697 0 0 -0.000802232107275 -6.91143644396e-14 0.354558324325 0.0237091486837
-0.2 -1.69696969697 0 0 -0.00318791983366 -6.31573947546e-14 0.32503965372 0.0216843062164
-0.3 -1.69696969697 0 0 -0.00475000308514 -5.92456244882e-14 0.305539412247 0.0202956277334
-0.5 -1.69696969697 0 0 -0.00763588071082 -5.19623460318e-14 0.26924632578 0.0172401680154
-0.7 -1.69696969697 0 0 -0.00967080816188 -4.69278933195e-14 0.244395105758 0.0145084498455
-0.95 -1.69696969697 0 0 -0.0112333942917 -4.32814340871e-14 0.226305308374 0.0125075526053
-0.05 -1.67676767677 0 0 -0.000801096668584 -6.74430089879e-14 0.346300339538 0.0231498718698
-0.2 -1.67676767677 0 0 -0.00318229237102 -6.15057033924e-14 0.316811120507 0.0211122226475
-0.3 -1.67676767677 0 0 -0.00473953225019 -5.76107486536e-14 0.297355063057 0.0197159964301
-0.5 -1.67676767677 0 0 -0.00759675027559 -5.0408071981e-14 0.261416672285 0.0166467996777
-0.7 -1.67676767677 0 0 -0.00957520844573 -4.55287581876e-14 0.237301550606 0.0139772832443
-0.95 -1.67676767677 0 0 -0.0110867087154 -4.20183022848e-14 0.219861824886 0.0120453510807
-0.05 -1.65656565657 0 0 -0.000799907336395 -6.57767051995e-14 0.33804748865 0.0225866667702
-0.2 -1.65656565657 0 0 -0.00317636715161 -5.98599804029e-14 0.308594542124 0.0205374047715
-0.3 -1.65656565657 0 0 -0.00472842560564 -5.59827718522e-14 0.289189000403 0.0191343021126
-0.5 -1.65656565657 0 0 -0.007554696047 -4.88667129657e-14 0.253639491729 0.0160545371897
-0.7 -1.65656565657 0 0 -0.00947536874384 -4.41456603342e-14 0.230278208472 0.0134518156599
-0.95 -1.65656565657 0 0 -0.0109356876259 -4.07710087219e-14 0.213490261992 0.0115893206187
-0.05 -1.63636363636 0 0 -0.000798660444154 -6.41156827517e-14 0.329801535835 0.0220198692716
-0.2 -1.63636363636 0 0 -0.00317012124252 -5.82204975646e-14 0.300391890933 0.0199602019681
-0.3 -1.63636363636 0 0 -0.00471662580445 -5.43620370193e-14 0.281043577409 0.0185508873832
-0.5 -1.63636363636 0 0 -0.00750948981671 -4.73390274061e-14 0.245919158887 0.015464076611
-0.7 -1.63636363636 0 0 -0.00937115226054 -4.27790689539e-14 0.223327972893 0.0129325023193
-0.95 -1.63636363636 0 0 -0.0107802212733 -3.95399430575e-14 0.207193027916 0.011139806487
-0.05 -1.61616161616 0 0 -0.000797351999852 -6.24601802735e-14 0.321564288102 0.0214498197899
-0.2 -1.61616161616 0 0 -0.00316352936651 -5.65875393688e-14 0.292205201191 0.0193809685162
-0.3 -1.61616161616 0 0 -0.00470406863906 -5.27489093296e-14 0.272921260766 0.017966098845
-0.5 -1.61616161616 0 0 -0.00746089201194 -4.58258040122e-14 0.238260184367 0.0148761474042
-0.7 -1.61616161616 0 0 -0.00926242087455 -4.14294586149e-14 0.216453757846 0.0124197929066
-0.95 -1.61616161616 0 0 -0.0106202004102 -3.8325497706e-14 0.200972535985 0.0106971513084
-0.05 -1.59595959596 0 0 -0.000795977650459 -6.08104460069e-14 0.313337598439 0.020876863483
-0.2 -1.59595959596 0 0 -0.00315656360123 -5.49614041349e-14 0.284036574616 0.0188000638438
-0.3 -1.59595959596 0 0 -0.00469068204438 -5.11437788892e-14 0.264824644753 0.0173802875804
-0.5 -1.59595959596 0 0 -0.00740865258371 -4.43278593395e-14 0.230667202212 0.0142915101721
-0.7 -1.59595959596 0 0 -0.00914903542657 -4.0097309037e-14 0.209658496281 0.0119141313136
-0.95 -1.59595959596 0 0 -0.0104555169882 -3.71280667644e-14 0.194831199002 0.0102616945195
-0.05 -1.57575757576 0 0 -0.000794532641731 -5.91667385281e-14 0.30512336926 0.0203013504936
-0.2 -1.57575757576 0 0 -0.00314919303196 -5.33424052582e-14 0.275888186655 0.0182178528098
-0.3 -1.57575757576 0 0 -0.00467638493934 -4.95470638448e-14 0.256756467411 0.0167938098194
-0.5 -1.57575757576 0 0 -0.00735251216039 -4.28460347279e-14 0.223144954845 0.0137109534096
-0.7 -1.57575757576 0 0 -0.00903085609331 -3.87831047427e-14 0.202945137999 0.0114159553584
-0.95 -1.57575757576 0 0 -0.0102860649855 -3.59480447183e-14 0.18877142253 0.00983377160841
-0.05 -1.55555555556 0 0 -0.000793011772727 -5.75293275358e-14 0.2969235562 0.0197236362245
-0.2 -1.55555555556 0 0 -0.00314138334924 -5.17308726111e-14 0.267762293551 0.0176347060168
-0.3 -1.55555555556 0 0 -0.00466108588137 -4.79592139787e-14 0.248719629191 0.0162070278617
-0.5 -1.55555555556 0 0 -0.00729220346545 -4.1381192651e-14 0.215698275494 0.0131352892768
-0.7 -1.55555555556 0 0 -0.0089077428653 -3.74873345526e-14 0.196316646768 0.0109256964564
-0.95 -1.55555555556 0 0 -0.0101117413913 -3.47858248611e-14 0.182795596686 0.00941371325754
-0.05 -1.53535353535 0 0 -0.000791409344218 -5.5898494714e-14 0.288740172272 0.0191440816504
-0.2 -1.53535353535 0 0 -0.0031330963814 -5.0127154122e-14 0.259661240347 0.0170510001625
-0.3 -1.53535353535 0 0 -0.00464468150513 -4.63807148675e-14 0.24071721446 0.0156203113435
-0.5 -1.53535353535 0 0 -0.00722745298937 -3.99342125341e-14 0.208332068396 0.0125653484543
-0.7 -1.53535353535 0 0 -0.00877955614696 -3.62104908929e-14 0.189775996487 0.010443779227
-0.95 -1.53535353535 0 0 -0.00993244737266 -3.36417973406e-14 0.176906085808 0.00900184470537
-0.05 -1.51515151515 0 0 -0.000789719100045 -5.42745346789e-14 0.280575292455 0.0185630536703
-0.2 -1.51515151515 0 0 -0.00312428954974 -4.85316175624e-14 0.251587469989 0.0164671184323
-0.3 -1.51515151515 0 0 -0.00462705471503 -4.48120926897e-14 0.232752516244 0.0150340389592
-0.5 -1.51515151515 0 0 -0.00715798289721 -3.85059861176e-14 0.201051287108 0.0120019741928
-0.7 -1.51515151515 0 0 -0.00864615749982 -3.49530688821e-14 0.183326166244 0.00997062102043
-0.95 -1.51515151515 0 0 -0.00974808966209 -3.25163467478e-14 0.171105215582 0.0085984853247
-0.05 -1.49494949495 0 0 -0.000787934160326 -5.26577560176e-14 0.27243105875 0.0179809255042
-0.2 -1.49494949495 0 0 -0.00311491523129 -4.69446525789e-14 0.24354353371 0.0158834509405
-0.3 -1.49494949495 0 0 -0.00460807259956 -4.32539197725e-14 0.224829064608 0.0144486007852
-0.5 -1.49494949495 0 0 -0.00708351314675 -3.70974124672e-14 0.193860911374 0.011446015716
-0.7 -1.49494949495 0 0 -0.00850741055171 -3.37155651563e-14 0.176970134058 0.0095066313552
-0.95 -1.49494949495 0 0 -0.00955858220524 -3.14098492283e-14 0.165395257893 0.008203947629
-0.05 -1.47474747475 0 0 -0.000786046945206 -5.1048482432e-14 0.264309685758 0.0173980771406
-0.2 -1.47474747475 0 0 -0.00310492001154 -4.53666730123e-14 0.235532102944 0.0153003952293
-0.3 -1.47474747475 0 0 -0.00458758403723 -4.17068209692e-14 0.216950659065 0.0138644013794
-0.5 -1.47474747475 0 0 -0.00700376378811 -3.57093927384e-14 0.186765922967 0.0108983211781
-0.7 -1.47474747475 0 0 -0.00836318209701 -3.24984763926e-14 0.170710869088 0.00905221125593
-0.95 -1.47474747475 0 0 -0.00936384807541 -3.03226692133e-14 0.159778414534 0.0078185348724
-0.05 -1.45454545455 0 0 -0.000784049087611 -4.94470539987e-14 0.256213466857 0.0168148958394
-0.2 -1.45454545455 0 0 -0.00309424380492 -4.37981195597e-14 0.227555983037 0.0147183568366
-0.3 -1.45454545455 0 0 -0.0045654169682 -4.017148095e-14 0.209121405298 0.0132818638732
-0.5 -1.45454545455 0 0 -0.00691845741549 -3.43428248102e-14 0.179771280982 0.0103597303983
-0.7 -1.45454545455 0 0 -0.00821334341606 -3.1302297481e-14 0.164551322042 0.00860775249171
-0.95 -1.45454545455 0 0 -0.00916382149456 -2.92551561635e-14 0.154256801785 0.00744253848509
-0.05 -1.43434343434 0 0 -0.00078193133321 -4.78538285609e-14 0.248144781037 0.0162317766976
-0.2 -1.43434343434 0 0 -0.00308281881686 -4.22394628438e-14 0.219618129111 0.0141377499497
-0.3 -1.43434343434 0 0 -0.00454137531662 -3.8648652468e-14 0.201345756391 0.0127014352983
-0.5 -1.43434343434 0 0 -0.0068273217458 -3.29985978901e-14 0.172881896943 0.00983106760803
-0.7 -1.43434343434 0 0 -0.00805777184495 -3.01275192881e-14 0.158494413483 0.00817363671847
-0.95 -1.43434343434 0 0 -0.00895844950834 -2.82076420886e-14 0.148832437854 0.00707624008886
-0.05 -1.41414141414 0 0 -0.000779683425416 -4.62691832677e-14 0.240106100491 0.0156491232858
-0.2 -1.41414141414 0 0 -0.00307056831507 -4.06912069697e-14 0.211721664494 0.0135589981698
-0.3 -1.41414141414 0 0 -0.00451523556739 -3.713916562e-14 0.193628558466 0.012123593417
-0.5 -1.41414141414 0 0 -0.00673009230696 -3.16775871769e-14 0.166102610032 0.00931313443043
-0.7 -1.41414141414 0 0 -0.00789635263111 -2.8974625948e-14 0.152543019678 0.00775023453365
-0.95 -1.41414141414 0 0 -0.00874769307356 -2.71804397173e-14 0.14350722868 0.00671992156357
-0.05 -1.39393939394 0 0 -0.000777293972904 -4.46935162801e-14 0.232099999043 0.0150673483624
-0.2 -1.39393939394 0 0 -0.00305740517127 -3.91538936678e-14 0.203869902242 0.0129825354196
-0.3 -1.39393939394 0 0 -0.00448674303216 -3.56439380518e-14 0.185975100279 0.0115488553195
-0.5 -1.39393939394 0 0 -0.0066265152314 -3.03806486341e-14 0.159438162575 0.00880670328801
-0.7 -1.39393939394 0 0 -0.00772898111579 -2.78440915987e-14 0.146699955535 0.00733790444071
-0.95 -1.39393939394 0 0 -0.00853152882316 -2.61738382095e-14 0.138282936802 0.00637387480775
-0.05 -1.37373737374 0 0 -0.000774750296615 -4.31272486662e-14 0.224129161545 0.0144868746777
-0.2 -1.37373737374 0 0 -0.00304323012654 -3.7628107144e-14 0.196066370357 0.0124088070449
-0.3 -1.37373737374 0 0 -0.00445560788709 -3.41639859451e-14 0.1783911657 0.010977788007
-0.5 -1.37373737374 0 0 -0.00651635016543 -2.91086138935e-14 0.152893175786 0.00831251138712
-0.7 -1.37373737374 0 0 -0.00755556529209 -2.67363764676e-14 0.140967954131 0.0069369916772
-0.95 -1.37373737374 0 0 -0.00830995348029 -2.51880930273e-14 0.133161125212 0.00603839685542
-0.05 -1.35353535354 0 0 -0.000772038252645 -4.15708265094e-14 0.216196394356 0.0139081358774
-0.2 -1.35353535354 0 0 -0.00302792972423 -3.61144797841e-14 0.188314841485 0.0118382711827
-0.3 -1.35353535354 0 0 -0.00442150113361 -3.27004354609e-14 0.170883087222 0.0104110210693
-0.5 -1.35353535354 0 0 -0.00639937332261 -2.78622852629e-14 0.146472125558 0.007831255376
-0.7 -1.35353535354 0 0 -0.00737602879829 -2.5651922181e-14 0.135349642195 0.00654782678298
-0.95 -1.35353535354 0 0 -0.00808299066852 -2.42234109039e-14 0.128143083765 0.00571377191313
-0.05 -1.33333333333 0 0 -0.000769142026741 -4.00247232599e-14 0.208304637053 0.0133315775201
-0.2 -1.33333333333 0 0 -0.00301137384467 -3.46136988928e-14 0.180619367978 0.0112714004979
-0.3 -1.33333333333 0 0 -0.00438405072778 -3.12545340867e-14 0.163457797517 0.00984926135672
-0.5 -1.33333333333 0 0 -0.00627538072722 -2.66424307697e-14 0.140179317915 0.0073635867144
-0.7 -1.33333333333 0 0 -0.0071903144215 -2.45911461266e-14 0.129847510657 0.00617072377104
-0.95 -1.33333333333 0 0 -0.00785069905369 -2.32799308718e-14 0.123229735013 0.00540025216913
-0.05 -1.31313131313 0 0 -0.000766043895279 -3.84894423623e-14 0.200456975557 0.0127576582212
-0.2 -1.31313131313 0 0 -0.00299341276501 -3.3126514681e-14 0.172984323419 0.0107086844412
-0.3 -1.31313131313 0 0 -0.00434283824702 -2.98276610399e-14 0.156122874678 0.00929330921061
-0.5 -1.31313131313 0 0 -0.00614419170991 -2.54497791303e-14 0.134018863541 0.00691010773864
-0.7 -1.31313131313 0 0 -0.00699838820467 -2.35544346256e-14 0.124463878904 0.0058059779586
-0.95 -1.31313131313 0 0 -0.00761318188318 -2.23577013545e-14 0.11842152223 0.00509803293581
-0.05 -1.29292929293 0 0 -0.00076272394663 -3.69655201983e-14 0.19265665686 0.0121868509437
-0.2 -1.29292929293 0 0 -0.00297387365887 -3.16537497586e-14 0.165414451847 0.0101506322416
-0.3 -1.29292929293 0 0 -0.00429739661062 -2.84213355239e-14 0.148886575214 0.00874407534042
-0.5 -1.29292929293 0 0 -0.00600565273212 -2.42850144972e-14 0.127994650666 0.00647136836144
-0.7 -1.29292929293 0 0 -0.00680024426029 -2.2542134624e-14 0.119200851146 0.00545386364439
-0.95 -1.29292929293 0 0 -0.00737059633948 -2.14566608639e-14 0.113718337948 0.00480719438451
-0.05 -1.27272727273 0 0 -0.000759159755588 -3.54535293891e-14 0.184907105598 0.0116196444522
-0.2 -1.27272727273 0 0 -0.00295255644457 -3.01963104212e-14 0.157914926083 0.00959777693591
-0.3 -1.27272727273 0 0 -0.00424720953488 -2.70372212364e-14 0.141757847124 0.00820259680895
-0.5 -1.27272727273 0 0 -0.00585964162558 -2.31487708066e-14 0.122110315395 0.00604786331726
-0.7 -1.27272727273 0 0 -0.00659591033768 -2.15545438006e-14 0.114060264733 0.00511463127496
-0.95 -1.27272727273 0 0 -0.00712315576544 -2.05766436214e-14 0.109119608006 0.00452763215637
-0.05 -1.25252525253 0 0 -0.000755326002183 -3.39540825108e-14 0.177211942724 0.0110565449543
-0.2 -1.25252525253 0 0 -0.00292922889425 -2.87552000525e-14 0.150491416627 0.00905068085229
-0.3 -1.25252525253 0 0 -0.00419171356016 -2.56771251599e-14 0.134746313926 0.00767004987709
-0.5 -1.25252525253 0 0 -0.00570607234027 -2.2041625522e-14 0.116369208507 0.00564002985601
-0.7 -1.25252525253 0 0 -0.00638545391425 -2.0591899649e-14 0.109043633904 0.0047885041357
-0.95 -1.25252525253 0 0 -0.00687111192367 -1.97174366146e-14 0.104624593432 0.00425913047618
-0.05 -1.23232323232 0 0 -0.000751194024455 -3.24678362828e-14 0.169575006617 0.0104980779552
-0.2 -1.23232323232 0 0 -0.00290362093594 -2.73315349568e-14 0.143150172503 0.00850994310643
-0.3 -1.23232323232 0 0 -0.00413030359935 -2.43429884001e-14 0.127862219606 0.00714775676982
-0.5 -1.23232323232 0 0 -0.00554490029687 -2.09640925508e-14 0.11077435755 0.00524824580026
-0.7 -1.23232323232 0 0 -0.00616898811886 -1.96543687067e-14 0.104152093226 0.00447567896738
-0.95 -1.23232323232 0 0 -0.00661472828118 -1.88788438551e-14 0.100232602023 0.0040015811694
-0.05 -1.21212121212 0 0 -0.000746731292846 -3.09954963002e-14 0.162000376972 0.00994479035454
-0.2 -1.21212121212 0 0 -0.00287541813123 -2.5926562885e-14 0.135898115017 0.00797620982497
-0.3 -1.21212121212 0 0 -0.00406234297424 -2.30368668172e-14 0.121116324731 0.00663718295588
-0.5 -1.21212121212 0 0 -0.00537612844266 -1.99166140836e-14 0.105328422964 0.00487282790579
-0.7 -1.21212121212 0 0 -0.00594667738385 -1.87420350471e-14 0.0993863313406 0.00417633452229
-0.95 -1.21212121212 0 0 -0.00635428937031 -1.80606508021e-14 0.0959427176925 0.00375502012413
-0.05 -1.19191919192 0 0 -0.000741900791574 -2.95378223929e-14 0.154492401917 0.0093972528193
-0.2 -1.19191919192 0 0 -0.00284425441189 -2.45416843543e-14 0.128742944433 0.00745018795451
-0.3 -1.19191919192 0 0 -0.00398717876917 -2.17608995508e-14 0.114519745926 0.00613992153504
-0.5 -1.19191919192 0 0 -0.00519981411448 -1.88995510669e-14 0.100033646692 0.00451403047285
-0.7 -1.19191919192 0 0 -0.0057187456573 -1.78548811141e-14 0.0947464821295 0.00389063154622
-0.95 -1.19191919192 0 0 -0.00609013813552 -1.72625292302e-14 0.091753366768 0.00351947362358
-0.05 -1.17171717172 0 0 -0.000736660289761 -2.80956347075e-14 0.147055728843 0.00885606247199
-0.2 -1.17171717172 0 0 -0.00280970434151 -2.31784765253e-14 0.121693257717 0.00693266357201
-0.3 -1.17171717172 0 0 -0.00390416299354 -2.05172643793e-14 0.108083734974 0.00565766205142
-0.5 -1.17171717172 0 0 -0.00501607682798 -1.79131719548e-14 0.0948917914027 0.00417204409333
-0.7 -1.17171717172 0 0 -0.00548549111448 -1.69927531208e-14 0.0902319480477 0.00361867618837
-0.95 -1.17171717172 0 0 -0.0058227023878 -1.64839800285e-14 0.0876621172309 0.0032947878388
-0.05 -1.15151515152 0 0 -0.000730961482304 -2.6669820623e-14 0.139695339546 0.00832184593764
-0.2 -1.15151515152 0 0 -0.0027712754715 -2.18387187904e-14 0.11475867224 0.00642452546136
-0.3 -1.15151515152 0 0 -0.0038126794934 -1.93081202198e-14 0.101819399968 0.00519214264948
-0.5 -1.15151515152 0 0 -0.00482510714238 -1.69576392635e-14 0.0899040678422 0.00384699425606
-0.7 -1.15151515152 0 0 -0.00524730606182 -1.61553155382e-14 0.0858411890364 0.00336044334234
-0.95 -1.15151515152 0 0 -0.00555249244402 -1.57243605758e-14 0.0836659017097 0.00308055515413
-0.05 -1.13131313131 0 0 -0.000724748977539 -2.52613426302e-14 0.132416590335 0.00779526279933
-0.2 -1.13131313131 0 0 -0.00272840183195 -2.05244182019e-14 0.107949945188 0.00592679415482
-0.3 -1.13131313131 0 0 -0.003712175834 -1.81355388185e-14 0.0957373785554 0.00474508688662
-0.5 -1.13131313131 0 0 -0.004627176785 -1.60329933082e-14 0.0850710471599 0.00353893935852
-0.7 -1.13131313131 0 0 -0.00500469264618 -1.53420232587e-14 0.081571640163 0.00311566051252
-0.95 -1.13131313131 0 0 -0.00528006772837 -1.49829850862e-14 0.0797614891115 0.00287626865673
-0.05 -1.11111111111 0 0 -0.000717959106103 -2.38712473224e-14 0.125225257909 0.00727700951774
-0.2 -1.11111111111 0 0 -0.00268044027457 -1.92378313259e-14 0.101279070871 0.00544065537574
-0.3 -1.11111111111 0 0 -0.0036021986076 -1.7001429534e-14 0.0898474811593 0.00431812933632
-0.5 -1.11111111111 0 0 -0.00442265017069 -1.51391325239e-14 0.0803925553182 0.00324786763647
-0.7 -1.11111111111 0 0 -0.00475825108644 -1.45521775248e-14 0.077420078605 0.0028837506373
-0.95 -1.11111111111 0 0 -0.00500601685875 -1.42591788438e-14 0.0759456752876 0.00268146306295
-0.05 -1.09090909091 0 0 -0.000710518523614 -2.25006756662e-14 0.118127591876 0.00676782387574
-0.2 -1.09090909091 0 0 -0.00262667226339 -1.79814769825e-14 0.0947593281083 0.00496749456108
-0.3 -1.09090909091 0 0 -0.00348242997542 -1.59074626358e-14 0.0841583282997 0.00391273671139
-0.5 -1.09090909091 0 0 -0.00421199710816 -1.42757904321e-14 0.075867550461 0.00297369260344
-0.7 -1.09090909091 0 0 -0.00450862663277 -1.37850818627e-14 0.0733833564283 0.00266408875159
-0.95 -1.09090909091 0 0 -0.00473096413263 -1.35522664678e-14 0.0722152035133 0.00249572126473
-0.05 -1.07070707071 0 0 -0.000702342579983 -2.11508747426e-14 0.111130374937 0.00626849001358
-0.2 -1.07070707071 0 0 -0.0025663146877 -1.67581318063e-14 0.0884052384975 0.0045089257459
-0.3 -1.07070707071 0 0 -0.00335272290817 -1.48549973008e-14 0.0786770091234 0.00353013286495
-0.5 -1.07070707071 0 0 -0.00399580593483 -1.34425102617e-14 0.0714939886909 0.00271624614136
-0.7 -1.07070707071 0 0 -0.00425648160679 -1.30401046471e-14 0.0694585154826 0.00245632109431
-0.95 -1.07070707071 0 0 -0.00445558197493 -1.28615494731e-14 0.0685666646378 0.00231863867756
-0.05 -1.05050505051 0 0 -0.000693333432433 -1.98232111625e-14 0.10424099182 0.0057798441224
-0.2 -1.05050505051 0 0 -0.0024985440715 -1.55707982078e-14 0.0822323864678 0.00406680389902
-0.3 -1.05050505051 0 0 -0.00321313266395 -1.3845020195e-14 0.073408786782 0.00317123613066
-0.5 -1.05050505051 0 0 -0.00377479722246 -1.26386158633e-14 0.0672686721243 0.00247526033537
-0.7 -1.05050505051 0 0 -0.00400254561638 -1.23165397476e-14 0.0656420504169 0.0022602544345
-0.95 -1.05050505051 0 0 -0.00418059940146 -1.21862969778e-14 0.0649964636438 0.00214979907902
-0.05 -1.0303030303 0 0 -0.000683377891065 -1.85191863703e-14 0.0974675081298 0.00530278086069
-0.2 -1.0303030303 0 0 -0.00242253866158 -1.44226333179e-14 0.076257049123 0.00364320606106
-0.3 -1.0303030303 0 0 -0.00306394254676 -1.28780991628e-14 0.0683568703843 0.00283661591347
-0.5 -1.0303030303 0 0 -0.00354984102678 -1.18631735056e-14 0.0631870647139 0.00225030335089
-0.7 -1.0303030303 0 0 -0.00374767550293 -1.16134583563e-14 0.0619292585499 0.00207559319655
-0.95 -1.0303030303 0 0 -0.00390680646935 -1.15257490091e-14 0.0615008444752 0.00198876572954
-0.05 -1.0101010101 0 0 -0.000672345011078 -1.72404540343e-14 0.0908187602199 0.00483826054627
-0.2 -1.0101010101 0 0 -0.00233754158895 -1.33168295638e-14 0.0704955954971 0.00324036574501
-0.3 -1.0101010101 0 0 -0.00290568281577 -1.19543543572e-14 0.0635222639014 0.00252647259933
-0.5 -1.0101010101 0 0 -0.00332197287347 -1.11149667876e-14 0.0592432245292 0.00204063808653
-0.7 -1.0101010101 0 0 -0.003492878615 -1.09296741252e-14 0.0583141899936 0.00190171316042
-0.95 -1.0101010101 0 0 -0.0036350562869 -1.08791284289e-14 0.0580759554927 0.00183508165888
-0.05 -0.989898989899 0 0 -0.000660083494631 -1.59888396699e-14 0.0843044569371 0.00438731714639
-0.2 -0.989898989899 0 0 -0.00224294499542 -1.22564443638e-14 0.0649636479795 0.00286055004445
-0.3 -0.989898989899 0 0 -0.00273914259122 -1.10734465811e-14 0.058903691303 0.00224064135074
-0.5 -0.989898989899 0 0 -0.00309237260145 -1.03925899322e-14 0.0554303805735 0.00184513186787
-0.7 -0.989898989899 0 0 -0.00323927105798 -1.02638958491e-14 0.0547904898969 0.00173769585732
-0.95 -0.989898989899 0 0 -0.00336626546193 -1.02456593778e-14 0.0547179471011 0.00168827507076
-0.05 -0.969696969697 0 0 -0.000646419054531 -1.47663625084e-14 0.0779352934675 0.00395106702648
-0.2 -0.969696969697 0 0 -0.00213838968278 -1.12441884575e-14 0.0596750543157 0.00250588170121
-0.3 -0.969696969697 0 0 -0.00256537553657 -1.02345801093e-14 0.0544975862936 0.00197861661886
-0.5 -0.969696969697 0 0 -0.00286227684224 -9.69472232446e-15 0.0517422973362 0.00166254656302
-0.7 -0.969696969697 0 0 -0.00298801187088 -9.61493072148e-15 0.0513523385021 0.00158261797888
-0.95 -0.969696969697 0 0 -0.00310141319422 -9.62459177686e-15 0.0514231002935 0.00154786825791
-0.05 -0.949494949495 0 0 -0.000631152048785 -1.35752593552e-14 0.0717230761517 0.00353071829543
-0.2 -0.949494949495 0 0 -0.00202386863187 -1.02821973282e-14 0.0546407858835 0.0021781273462
-0.3 -0.949494949495 0 0 -0.00238570075598 -9.43651539002e-15 0.0502981273402 0.00173958974501
-0.5 -0.949494949495 0 0 -0.00263291995457 -9.02029609357e-15 0.0481738926892 0.00149202249368
-0.7 -0.949494949495 0 0 -0.00274028423451 -8.98175256288e-15 0.047994724262 0.00143569387597
-0.95 -0.949494949495 0 0 -0.00284153880103 -9.0152322986e-15 0.0481879886522 0.00141338976149
-0.05 -0.929292929293 0 0 -0.000614055962435 -1.24180096509e-14 0.0656808544991 0.00312758034888
-0.2 -0.929292929293 0 0 -0.00189981803613 -9.37182255632e-15 0.0498679327834 0.00187849149758
-0.3 -0.929292929293 0 0 -0.00220170017157 -8.67758727426e-15 0.0462973032145 0.00152248459501
-0.5 -0.929292929293 0 0 -0.00240559993909 -8.36831369991e-15 0.0447202338093 0.00133303569633
-0.7 -0.929292929293 0 0 -0.00249730670114 -8.36349330789e-15 0.044713403964 0.00129625965992
-0.95 -0.929292929293 0 0 -0.00258773718185 -8.41698260694e-15 0.0450096780327 0.00128439016542
-0.05 -0.909090909091 0 0 -0.000594877755186 -1.12973599739e-14 0.0598230517095 0.00274307276014
-0.2 -0.909090909091 0 0 -0.00176717897173 -8.51348305355e-15 0.0453589796261 0.00160746384607
-0.3 -0.909090909091 0 0 -0.00201521094806 -7.9557319987e-15 0.0424850407482 0.00132596313308
-0.5 -0.909090909091 0 0 -0.00218176351209 -7.73762623383e-15 0.0413755224031 0.00118506799259
-0.7 -0.909090909091 0 0 -0.00226034126259 -7.75944621311e-15 0.0415049427965 0.00116374000266
-0.95 -0.909090909091 0 0 -0.00234115149399 -7.82938574409e-15 0.0418859683871 0.00116046222286
-0.05 -0.888888888889 0 0 -0.000573341795217 -1.02163444749e-14 0.0541655761734 0.00237873181437
-0.2 -0.888888888889 0 0 -0.00162741773033 -7.70660599901e-15 0.0411115008624 0.00136475739673
-0.3 -0.888888888889 0 0 -0.00182830122772 -7.26855793724e-15 0.0388496006637 0.00114837093599
-0.5 -0.888888888889 0 0 -0.00196303164684 -7.12688479679e-15 0.0381329708744 0.0010473520694
-0.7 -0.888888888889 0 0 -0.00203068962798 -7.16910034928e-15 0.0383669084995 0.00103764294288
-0.95 -0.888888888889 0 0 -0.00210296209679 -7.25218129133e-15 0.038815680818 0.00104126606996
-0.05 -0.868686868687 0 0 -0.000549160148389 -9.17829472453e-15 0.0487258812079 0.00203621140006
-0.2 -0.868686868687 0 0 -0.00148250149816 -6.94966679243e-15 0.0371183246512 0.0011493467523
-0.3 -0.868686868687 0 0 -0.00164319184069 -6.61357392418e-15 0.035378831749 0.000987693877684
-0.5 -0.868686868687 0 0 -0.00175113159865 -6.53476836397e-15 0.034986072558 0.000918839332167
-0.7 -0.868686868687 0 0 -0.00180967891882 -6.59219914354e-15 0.0352981821952 0.000917578665145
-0.95 -0.868686868687 0 0 -0.0018743706449 -6.68536921401e-15 0.0357989892541 0.000926560019064
-0.05 -0.848484848485 0 0 -0.000522053400823 -8.18682754833e-15 0.0435229154265 0.00171727217698
-0.2 -0.848484848485 0 0 -0.0013348331313 -6.24031931053e-15 0.0333681415582 0.000959576406192
-0.3 -0.848484848485 0 0 -0.0014620818026 -5.98869586586e-15 0.0320627886539 0.000841835145529
-0.5 -0.848484848485 0 0 -0.00154776276698 -5.96038119988e-15 0.0319305817194 0.00079855057031
-0.7 -0.848484848485 0 0 -0.00159863815383 -6.0288138095e-15 0.0322993423425 0.000803292725289
-0.95 -0.848484848485 0 0 -0.00165657811786 -6.12928086906e-15 0.0328377888637 0.000816236650332
-0.05 -0.828282828283 0 0 -0.0004917877036 -7.24579206213e-15 0.0385768688128 0.00142374840575
-0.2 -0.828282828283 0 0 -0.0011871441214 -5.57562028343e-15 0.0298466175978 0.000793280626084
-0.3 -0.828282828283 0 0 -0.00128696859597 -5.39274324628e-15 0.0288960960506 0.000709266813686
-0.5 -0.828282828283 0 0 -0.00135451461497 -5.40346830979e-15 0.028965529982 0.000685856200151
-0.7 -0.828282828283 0 0 -0.00139886568279 -5.47942325597e-15 0.0293730808851 0.000694706524183
-0.95 -0.828282828283 0 0 -0.00145075562715 -5.58465318278e-15 0.0299360808647 0.000710362369255
-0.05 -0.808080808081 0 0 -0.000458234415645 -6.35914765045e-15 0.0339085711206 0.00115747557776
-0.2 -0.808080808081 0 0 -0.00104231748525 -4.95242838454e-15 0.0265384598405 0.000647912198811
-0.3 -0.808080808081 0 0 -0.00111965588185 -4.82534920366e-15 0.0258773404874 0.000589253174564
-0.5 -0.808080808081 0 0 -0.00117283909651 -4.86444171267e-15 0.0260933533962 0.000580514524941
-0.7 -0.808080808081 0 0 -0.00121158720641 -4.94499001221e-15 0.0265245992706 0.000591957963505
-0.95 -0.808080808081 0 0 -0.00125800710848 -5.0526981496e-15 0.027100333975 0.000609216000418
-0.05 -0.787878787879 0 0 -0.0004214564322 -5.53073599797e-15 0.0295383538042 0.000920155988535
-0.2 -0.787878787879 0 0 -0.000903094867704 -4.36810593726e-15 0.0234310424483 0.000520876766684
-0.3 -0.787878787879 0 0 -0.000961861660898 -4.2865280359e-15 0.0230069436335 0.000481461134327
-0.5 -0.787878787879 0 0 -0.00100402206768 -4.3443603953e-15 0.0233198161711 0.000482631661039
-0.7 -0.787878787879 0 0 -0.00103790424909 -4.42701658654e-15 0.0237619055534 0.000495432540126
-0.95 -0.787878787879 0 0 -0.00107932351444 -4.53515428913e-15 0.0243397548912 0.000513318243884
-0.05 -0.767676767677 0 0 -0.000381816315398 -4.76391096164e-15 0.0254841858521 0.000713139426675
-0.2 -0.767676767677 0 0 -0.000771743512252 -3.8212850991e-15 0.0205182442312 0.000410201819633
-0.3 -0.767676767677 0 0 -0.000815229115317 -3.77644068473e-15 0.0202860636103 0.000385659572263
-0.5 -0.767676767677 0 0 -0.000849133559576 -3.84489725188e-15 0.020653866593 0.000392619347665
-0.7 -0.767676767677 0 0 -0.000878733726942 -3.92755912651e-15 0.0210958948594 0.000405770741915
-0.95 -0.767676767677 0 0 -0.000915528843691 -4.03429954559e-15 0.0216663636111 0.000423439260643
-0.05 -0.747474747475 0 0 -0.000340081036827 -4.06101780515e-15 0.02175902803 0.000537112313733
-0.2 -0.747474747475 0 0 -0.000649938259443 -3.31191132666e-15 0.0178005365847 0.000314905286082
-0.3 -0.747474747475 0 0 -0.000681225192128 -3.29538001915e-15 0.0177165901094 0.000301578346886
-0.5 -0.747474747475 0 0 -0.000708960850967 -3.36825380426e-15 0.0181072192543 0.000311135528938
-0.7 -0.747474747475 0 0 -0.000734740448394 -3.44916668782e-15 0.0185400503792 0.000323833300871
-0.95 -0.747474747475 0 0 -0.000767219248911 -3.55289706505e-15 0.0190947272388 0.000340567399153
-0.05 -0.727272727273 0 0 -0.000297462800308 -3.42279984634e-15 0.0183677871747 0.000391734556914
-0.2 -0.727272727273 0 0 -0.000538877297032 -2.84045809866e-15 0.0152809853032 0.000234543703767
-0.3 -0.727272727273 0 0 -0.000560928850812 -2.84396013229e-15 0.0153021556002 0.000228957626628
-0.5 -0.727272727273 0 0 -0.000583934042703 -2.91696935815e-15 0.0156933891477 0.000238974612299
-0.7 -0.727272727273 0 0 -0.000606266270913 -2.99470872361e-15 0.0161095697013 0.00025060469125
-0.95 -0.727272727273 0 0 -0.000634697816223 -3.09403906616e-15 0.0166411712138 0.000265820457871
-0.05 -0.707070707071 0 0 -0.000255490759033 -2.84799270222e-15 0.0153051932046 0.000275358565136
-0.2 -0.707070707071 0 0 -0.000439349763601 -2.40714325358e-15 0.0129613055071 0.000168622369888
-0.3 -0.707070707071 0 0 -0.000454828124488 -2.42316258626e-15 0.0130483457913 0.000167658744899
-0.5 -0.707070707071 0 0 -0.000474057260911 -2.4935879073e-15 0.0134259831109 0.000176886836869
-0.7 -0.707070707071 0 0 -0.000493263673035 -2.56706128473e-15 0.0138197569149 0.000187022406694
-0.95 -0.707070707071 0 0 -0.000517910671683 -2.66085781627e-15 0.0143223016586 0.00020028607448
-0.05 -0.686868686869 0 0 -0.000215614187064 -2.33357215004e-15 0.0125570032146 0.000185094591678
-0.2 -0.686868686869 0 0 -0.000351707938584 -2.01143704381e-15 0.0108393262655 0.000116284685854
-0.3 -0.686868686869 0 0 -0.000362758761061 -2.03396140627e-15 0.0109607367601 0.000117524259373
-0.5 -0.686868686869 0 0 -0.000378868221179 -2.10020874631e-15 0.011316373673 0.000125338793868
-0.7 -0.686868686869 0 0 -0.000395251146689 -2.16866922519e-15 0.011683759038 0.000133743430724
-0.95 -0.686868686869 0 0 -0.000416398042619 -2.25610747024e-15 0.0121528474726 0.000144797014049
-0.05 -0.666666666667 0 0 -0.000178661959246 -1.87592399827e-15 0.0101059574649 0.000117411873545
-0.2 -0.666666666667 0 0 -0.000275840072488 -1.65196203325e-15 0.00890846035497 7.6198549558e-05
-0.3 -0.666666666667 0 0 -0.000283989190532 -1.67685030768e-15 0.00904244341147 7.80970341487e-05
-0.5 -0.666666666667 0 0 -0.000297466654835 -1.73809174476e-15 0.00937163974864 8.42854846515e-05
-0.7 -0.666666666667 0 0 -0.000311325821102 -1.80112598137e-15 0.00971037525904 9.09091726505e-05
-0.95 -0.666666666667 0 0 -0.000329290440734 -1.88172333913e-15 0.0101433663078 9.96899093126e-05
-0.05 -0.646464646465 0 0 -0.000144688923183 -1.47228919175e-15 0.00793923114166 6.88845085779e-05
-0.2 -0.646464646465 0 0 -0.000211224222924 -1.32708076738e-15 0.00716078376262 4.67075353751e-05
-0.3 -0.646464646465 0 0 -0.000217437433265 -1.35183811216e-15 0.00729411844433 4.84820375543e-05
-0.5 -0.646464646465 0 0 -0.000228660147789 -1.40767832925e-15 0.00759467417174 5.30861598523e-05
-0.7 -0.646464646465 0 0 -0.000240282603417 -1.46510144418e-15 0.0079036740742 5.80327842937e-05
-0.95 -0.646464646465 0 0 -0.000255398043868 -1.53864589411e-15 0.00829931768977 6.46582625235e-05
-0.05 -0.626262626263 0 0 -0.000113542036543 -1.12142827955e-15 0.00605195534458 3.63690547442e-05
-0.2 -0.626262626263 0 0 -0.000157139822096 -1.03602776204e-15 0.00559302847752 2.61191501996e-05
-0.3 -0.626262626263 0 0 -0.000161975557512 -1.0592166688e-15 0.00571802442143 2.74690608113e-05
-0.5 -0.626262626263 0 0 -0.000171222010431 -1.10933961309e-15 0.00598812808072 3.06571386116e-05
-0.7 -0.626262626263 0 0 -0.000180851670893 -1.16097058551e-15 0.00626630079358 3.41200389582e-05
-0.95 -0.626262626263 0 0 -0.000193421224347 -1.22728797502e-15 0.0066235147139 3.88250884674e-05
-0.05 -0.606060606061 0 0 -8.54957143212e-05 -8.23402236728e-16 0.00444613052189 1.66848078908e-05
-0.2 -0.606060606061 0 0 -0.000112894436705 -7.79874407259e-16 0.00421174316686 1.28558206855e-05
-0.3 -0.606060606061 0 0 -0.000116659202237 -8.00582404655e-16 0.00432346439899 1.37282806203e-05
-0.5 -0.606060606061 0 0 -0.000124122483398 -8.44500947729e-16 0.00456037159167 1.57224904992e-05
-0.7 -0.606060606061 0 0 -0.000131942707394 -8.89947458946e-16 0.00480548025589 1.7932237239e-05
-0.95 -0.606060606061 0 0 -0.000142203971202 -9.4862362027e-16 0.00512187869838 2.1001465979e-05
-0.05 -0.585858585859 0 0 -6.12334484477e-05 -5.78675446261e-16 0.00312578447915 6.38140017909e-06
-0.2 -0.585858585859 0 0 -7.78392617109e-05 -5.61341832856e-16 0.00303230929408 5.32527380979e-06
-0.3 -0.585858585859 0 0 -8.07112070647e-05 -5.78929002952e-16 0.00312726048796 5.79408312194e-06
-0.5 -0.585858585859 0 0 -8.65429391049e-05 -6.16013907848e-16 0.00332745943022 6.86678563593e-06
-0.7 -0.585858585859 0 0 -9.27001327473e-05 -6.54681008862e-16 0.00353617477454 8.09281019803e-06
-0.95 -0.585858585859 0 0 -0.00010083949971 -7.05010704205e-16 0.00380780218321 9.8531983709e-06
-0.05 -0.565656565657 0 0 -4.1425298556e-05 -3.8664759589e-16 0.00208889978383 1.9464350648e-06
-0.2 -0.565656565657 0 0 -5.12124069115e-05 -3.83294392928e-16 0.00207080611208 1.76584821984e-06
-0.3 -0.565656565657 0 0 -5.33223260867e-05 -3.97370933456e-16 0.0021468384153 1.96566492235e-06
-0.5 -0.565656565657 0 0 -5.76834962825e-05 -4.27116227172e-16 0.00230749528971 2.43313507356e-06
-0.7 -0.565656565657 0 0 -6.23316226604e-05 -4.58460651233e-16 0.0024767773445 2.99081204936e-06
-0.95 -0.565656565657 0 0 -6.85361031289e-05 -4.99721327077e-16 0.0026995941158 3.82939064604e-06
-0.05 -0.545454545455 0 0 -2.63714082782e-05 -2.443953915e-16 0.00132046228057 4.54213091914e-07
-0.2 -0.545454545455 0 0 -3.20185626335e-05 -2.46828183885e-16 0.00133360776257 4.46708531831e-07
-0.3 -0.545454545455 0 0 -3.34900625976e-05 -2.57320138923e-16 0.00139029115751 5.10635175238e-07
-0.5 -0.545454545455 0 0 -3.65774337832e-05 -2.79651226596e-16 0.00151093373167 6.65788747066e-07
-0.7 -0.545454545455 0 0 -3.99057156031e-05 -3.03502285815e-16 0.00163978388579 8.61232868845e-07
-0.95 -0.545454545455 0 0 -4.44023509204e-05 -3.35356685e-16 0.00181186304845 1.17312397585e-06
-0.05 -0.525252525253 0 0 -1.58211232468e-05 -1.46053213885e-16 0.000789137921105 7.91353716186e-08
-0.2 -0.525252525253 0 0 -1.90131948272e-05 -1.49739365246e-16 0.000809054348365 8.36119237184e-08
-0.3 -0.525252525253 0 0 -1.99770510704e-05 -1.56950255987e-16 0.000848014689736 9.82946284847e-08
-0.5 -0.525252525253 0 0 -2.20268834387e-05 -1.72453878356e-16 0.000931780053717 1.3557741676e-07
-0.7 -0.525252525253 0 0 -2.42654661071e-05 -1.89270929969e-16 0.0010226409408 1.85567219458e-07
-0.95 -0.525252525253 0 0 -2.73326159847e-05 -2.12115288845e-16 0.00114606502509 2.71114866768e-07
-0.05 -0.505050505051 0 0 -9.01110030837e-06 -8.2983776658e-17 0.000448370252994 1.04011122107e-08
-0.2 -0.505050505051 0 0 -1.07735385305e-05 -8.60468126158e-17 0.000464920130406 1.16461526811e-08
-0.3 -0.505050505051 0 0 -1.13648423491e-05 -9.06133750574e-17 0.000489593681522 1.40503914534e-08
-0.5 -0.505050505051 0 0 -1.26375105768e-05 -1.00536786465e-16 0.000543210710907 2.04400709409e-08
-0.7 -0.505050505051 0 0 -1.40455589446e-05 -1.11467774854e-16 0.000602271642993 2.95578862086e-08
-0.95 -0.505050505051 0 0 -1.60029476097e-05 -1.26576362048e-16 0.000683904181282 4.63256660237e-08
-0.05 -0.484848484848 0 0 -4.92683296686e-06 -4.52863140347e-17 0.000244686966717 1.07966755154e-09
-0.2 -0.484848484848 0 0 -5.87666973028e-06 -4.73348405997e-17 0.000255755379273 1.26180863972e-09
-0.3 -0.484848484848 0 0 -6.21880908918e-06 -5.00286266619e-17 0.000270310197839 1.55442500017e-09
-0.5 -0.484848484848 0 0 -6.96246685942e-06 -5.5937359109e-17 0.000302235715466 2.36294744817e-09
-0.7 -0.484848484848 0 0 -7.79466850689e-06 -6.25326890736e-17 0.000337870982502 3.57993511522e-09
-0.95 -0.484848484848 0 0 -8.96670223107e-06 -7.17888496531e-17 0.00038788297329 5.96515282222e-09
-0.05 -0.464646464646 0 0 -2.61556807187e-06 -2.40042430834e-17 0.000129697591373 9.41204246702e-11
-0.2 -0.464646464646 0 0 -3.11681466885e-06 -2.52253222731e-17 0.000136295217642 1.13274156466e-10
-0.3 -0.464646464646 0 0 -3.30594892983e-06 -2.67309169644e-17 0.000144430112638 1.41676913555e-10
-0.5 -0.464646464646 0 0 -3.72015755697e-06 -3.00577172199e-17 0.000162405182821 2.22494435202e-10
-0.7 -0.464646464646 0 0 -4.18788813128e-06 -3.38092285947e-17 0.000182675013494 3.49172165682e-10
-0.95 -0.464646464646 0 0 -4.85351079222e-06 -3.91373842966e-17 0.000211463625931 6.10045260022e-10
-0.05 -0.444444444444 0 0 -1.36113985764e-06 -1.24761163125e-17 6.74098425951e-05 7.29137206884e-12
-0.2 -0.444444444444 0 0 -1.62145245897e-06 -1.31568964949e-17 7.10881735459e-05 8.94496500795e-12
-0.3 -0.444444444444 0 0 -1.72267266155e-06 -1.39675259984e-17 7.5468094798e-05 1.13043269813e-11
-0.5 -0.444444444444 0 0 -1.94559763475e-06 -1.57685631417e-17 8.51992985245e-05 1.81577919611e-11
-0.7 -0.444444444444 0 0 -2.1990362777e-06 -1.78147423276e-17 9.62550318942e-05 2.92116057228e-11
-0.95 -0.444444444444 0 0 -2.56251548218e-06 -2.07461887219e-17 0.000112093962194 5.27938313048e-11
-0.05 -0.424242424242 0 0 -6.99212736125e-07 -6.40279221387e-18 3.4594997746e-05 5.23825625346e-13
-0.2 -0.424242424242 0 0 -8.32895137684e-07 -6.76753765124e-18 3.656575787e-05 6.50543299243e-13
-0.3 -0.424242424242 0 0 -8.85906150284e-07 -7.19345387719e-18 3.88670305608e-05 8.27835711223e-13
-0.5 -0.424242424242 0 0 -1.003147263e-06 -8.14361258465e-18 4.4000843625e-05 1.35004527902e-12
-0.7 -0.424242424242 0 0 -1.1371031053e-06 -9.22892051158e-18 4.98648829351e-05 2.20908105583e-12
-0.95 -0.424242424242 0 0 -1.33030779935e-06 -1.07933684202e-17 5.83177687936e-05 4.08662616551e-12
-0.05 -0.40404040404 0 0 -3.56241860815e-07 -3.25987703678e-18 1.76134778375e-05 3.59090808846e-14
-0.2 -0.40404040404 0 0 -4.24386025981e-07 -3.45069767318e-18 1.86445029381e-05 4.49286095795e-14
-0.3 -0.40404040404 0 0 -4.51764967578e-07 -3.67105120002e-18 1.9835097527e-05 5.73531836173e-14
-0.5 -0.40404040404 0 0 -5.12512358428e-07 -4.16416357236e-18 2.24994384646e-05 9.47087020083e-14
-0.7 -0.40404040404 0 0 -5.8218049837e-07 -4.72964358222e-18 2.55547897881e-05 1.56779537269e-13
-0.95 -0.40404040404 0 0 -6.83076975547e-07 -5.54835347651e-18 2.9978370313e-05 2.94726706419e-13
-0.05 -0.383838383838 0 0 -1.80569321727e-07 -1.65153164992e-18 8.92340900793e-06 2.38219037866e-15
-0.2 -0.383838383838 0 0 -2.15140328435e-07 -1.74994235955e-18 9.45513300656e-06 3.12230405105e-15
-0.3 -0.383838383838 0 0 -2.29157332524e-07 -1.86285825524e-18 1.00652301372e-05 3.81911062291e-15
-0.5 -0.383838383838 0 0 -2.60337990553e-07 -2.11617499474e-18 1.14339286269e-05 6.54814066468e-15
-0.7 -0.383838383838 0 0 -2.96201796618e-07 -2.40754607907e-18 1.30082389698e-05 1.05838274478e-14
-0.95 -0.383838383838 0 0 -3.48301969999e-07 -2.83076278583e-18 1.52949258605e-05 2.03352010794e-14
-0.05 -0.363636363636 0 0 -9.12323200533e-08 -8.34155840754e-19 4.50703669156e-06 2.93606183474e-16
-0.2 -0.363636363636 0 0 -1.08718266422e-07 -8.84471020636e-19 4.77889519904e-06 3.21904707209e-16
-0.3 -0.363636363636 0 0 -1.15855226354e-07 -9.41992059068e-19 5.08968776091e-06 3.49165615583e-16
-0.5 -0.363636363636 0 0 -1.3176577749e-07 -1.07130665304e-18 5.78838888041e-06 4.43329421296e-16
-0.7 -0.363636363636 0 0 -1.50109587271e-07 -1.22040993935e-18 6.59401050339e-06 5.96088425202e-16
-0.95 -0.363636363636 0 0 -1.76822831697e-07 -1.43752519186e-18 7.7671083366e-06 1.28488799461e-15
-0.05 -0.343434343434 0 0 -4.6003035489e-08 -4.20524463923e-19 2.27214040351e-06 8.87605825428e-18
-0.2 -0.343434343434 0 0 -5.48308037064e-08 -4.46113824126e-19 2.41040255995e-06 1.47451495458e-17
-0.3 -0.343434343434 0 0 -5.84522867364e-08 -4.75309456581e-19 2.56814980607e-06 1.3706263636e-17
-0.5 -0.343434343434 0 0 -6.65411656666e-08 -5.41066754576e-19 2.9234437935e-06 1.89832788974e-17
-0.7 -0.343434343434 0 0 -7.58861715772e-08 -6.170438387e-19 3.33395642092e-06 3.51633022558e-17
-0.95 -0.343434343434 0 0 -8.95222609619e-08 -7.27904020433e-19 3.93294630062e-06 5.55136923301e-17
-0.05 -0.323232323232 0 0 -2.3168079233e-08 -2.11756696197e-19 1.14414495808e-06 1.24895008073e-18
-0.2 -0.323232323232 0 0 -2.7619589624e-08 -2.2472864182e-19 1.2142338216e-06 7.16801631614e-19
-0.3 -0.323232323232 0 0 -2.94533049729e-08 -2.3951398299e-19 1.29412066276e-06 1.61444479747e-18
-0.5 -0.323232323232 0 0 -3.35562169991e-08 -2.72871611025e-19 1.47435563344e-06 -1.50348348138e-20
-0.7 -0.323232323232 0 0 -3.83049462049e-08 -3.11484629712e-19 1.68298606374e-06 1.35591551889e-16
-0.95 -0.323232323232 0 0 -4.52463380644e-08 -3.67925558085e-19 1.98794267095e-06 -7.79693827948e-19
-0.05 -0.30303030303 0 0 -1.16592959032e-08 -1.06557970176e-19 5.75744552634e-07 3.66341749687e-20
-0.2 -0.30303030303 0 0 -1.39024267141e-08 -1.13120664693e-19 6.112035203e-07 4.46809879677e-20
-0.3 -0.30303030303 0 0 -1.48296862901e-08 -1.20597926245e-19 6.51603995273e-07 5.72806030581e-20
-0.5 -0.30303030303 0 0 -1.6907817289e-08 -1.37494549299e-19 7.42898327035e-07 1.02808623973e-19
-0.7 -0.30303030303 0 0 -1.93171196857e-08 -1.57086360268e-19 8.48755058567e-07 8.56667947029e-19
-0.95 -0.30303030303 0 0 -2.28444471908e-08 -1.85769364449e-19 1.00373251716e-06 3.30554607666e-19
-0.05 -0.282828282828 0 0 -5.8650131449e-09 -5.35999152606e-20 2.89606297699e-07 2.32934060495e-21
-0.2 -0.282828282828 0 0 -6.99485539808e-09 -5.69161043717e-20 3.07524035932e-07 3.123433993e-21
-0.3 -0.282828282828 0 0 -7.46336855655e-09 -6.06943582583e-20 3.27938361487e-07 3.75870870344e-21
-0.5 -0.282828282828 0 0 -8.51502245748e-09 -6.92452635521e-20 3.7413985289e-07 7.57035696609e-21
-0.7 -0.282828282828 0 0 -9.73621323323e-09 -7.91759749498e-20 4.27796589985e-07 1.2493735972e-20
-0.95 -0.282828282828 0 0 -1.15267140152e-08 -9.37362356731e-20 5.06467296479e-07 2.08581863261e-20
-0.05 -0.262626262626 0 0 -2.94959948973e-09 -2.69555583537e-20 1.45643876847e-07 3.70576914424e-22
-0.2 -0.262626262626 0 0 -3.51855203971e-09 -2.86301065937e-20 1.54691647048e-07 1.32348898008e-22
-0.3 -0.262626262626 0 0 -3.75516530747e-09 -3.05383307038e-20 1.65001993941e-07 2.91167575619e-22
-0.5 -0.262626262626 0 0 -4.28708753838e-09 -3.48634064996e-20 1.88370859029e-07 2.11758236814e-22
-0.7 -0.262626262626 0 0 -4.90570713451e-09 -3.98940942415e-20 2.15552223864e-07 7.14684049246e-22
-0.95 -0.262626262626 0 0 -5.81398535459e-09 -4.72803016761e-20 2.55460723323e-07 8.99972506458e-22
-0.05 -0.242424242424 0 0 -1.48320936897e-09 -1.35544733176e-20 7.32363253875e-08 0.0
-0.2 -0.242424242424 0 0 -1.76967782778e-09 -1.43997344463e-20 7.78033651838e-08 1.05879118407e-22
-0.3 -0.242424242424 0 0 -1.88914327767e-09 -1.53632302435e-20 8.30092400312e-08 2.64697796017e-23
-0.5 -0.242424242424 0 0 -2.15810791286e-09 -1.75502065995e-20 9.482571628e-08 2.64697796017e-23
-0.7 -0.242424242424 0 0 -2.47137709867e-09 -2.00977688988e-20 1.08590478446e-07 6.61744490042e-23
-0.95 -0.242424242424 0 0 -2.93194804288e-09 -2.38432115584e-20 1.28827521296e-07 5.29395592034e-23
-0.05 -0.222222222222 0 0 -7.45784735639e-10 -6.81539565942e-21 3.6824340014e-08 0.0
-0.2 -0.222222222222 0 0 -8.90011876841e-10 -7.2419700223e-21 3.91291686938e-08 0.0
-0.3 -0.222222222222 0 0 -9.50320933967e-10 -7.72838317962e-21 4.17573130287e-08 0.0
-0.5 -0.222222222222 0 0 -1.08629926394e-09 -8.83404019926e-21 4.77313007566e-08 0.0
-0.7 -0.222222222222 0 0 -1.24490818707e-09 -1.01238821204e-20 5.47004599724e-08 0.0
-0.95 -0.222222222222 0 0 -1.47840310456e-09 -1.20227120622e-20 6.49600491288e-08 1.32348898008e-23
-0.05 -0.20202020202 0 0 -3.74981638295e-10 -3.42678032795e-21 1.85152748653e-08 0.0
-0.2 -0.20202020202 0 0 -4.47592418008e-10 -3.6420337645e-21 1.96783131e-08 0.0
-0.3 -0.20202020202 0 0 -4.78035421384e-10 -3.8875750429e-21 2.10049999096e-08 0.0
-0.5 -0.20202020202 0 0 -5.467742693e-10 -4.44650067119e-21 2.40249371821e-08 0.0
-0.7 -0.20202020202 0 0 -6.27069147947e-10 -5.09947723617e-21 2.75530421156e-08 0.0
-0.95 -0.20202020202 0 0 -7.45428020914e-10 -6.06199882494e-21 3.27536532066e-08 0.0
-0.05 -0.181818181818 0 0 -1.88538109501e-10 -1.72295821548e-21 9.30933467806e-09 0.0
-0.2 -0.181818181818 0 0 -2.25093103379e-10 -1.83157033241e-21 9.89617801384e-09 0.0
-0.3 -0.181818181818 0 0 -2.4045949085e-10 -1.95551346203e-21 1.05658565146e-08 0.0
-0.5 -0.181818181818 0 0 -2.75205820983e-10 -2.2380413908e-21 1.20923863058e-08 0.0
-0.7 -0.181818181818 0 0 -3.15851712707e-10 -2.56858354279e-21 1.38783422798e-08 0.0
-0.95 -0.181818181818 0 0 -3.75842942493e-10 -3.05644660562e-21 1.65143206153e-08 0.0
-0.05 -0.161616161616 0 0 -9.4794813123e-11 -8.66283086449e-22 4.68062376976e-09 0.0
-0.2 -0.161616161616 0 0 -1.13197775106e-10 -9.21084312279e-22 4.97672088194e-09 0.0
-0.3 -0.161616161616 0 0 -1.20953865998e-10 -9.83645778e-22 5.31474743251e-09 0.0
-0.5 -0.161616161616 0 0 -1.38516843227e-10 -1.12645329255e-21 6.0863523011e-09 0.0
-0.7 -0.161616161616 0 0 -1.59091072741e-10 -1.2937679532e-21 6.99037200315e-09 0.0
-0.95 -0.161616161616 0 0 -1.89496373769e-10 -1.54103129404e-21 8.32636330741e-09 0.0
-0.05 -0.141414141414 0 0 -4.76615456505e-11 -4.35555215657e-22 2.35335322522e-09 0.0
-0.2 -0.141414141414 0 0 -5.6926134186e-11 -4.6320499312e-22 2.50274804505e-09 0.0
-0.3 -0.141414141414 0 0 -6.08408903978e-11 -4.94782789767e-22 2.67336638898e-09 0.0
-0.5 -0.141414141414 0 0 -6.97180521909e-11 -5.66964545879e-22 3.06337243744e-09 0.0
-0.7 -0.141414141414 0 0 -8.01319557483e-11 -6.51652973917e-22 3.52095342396e-09 0.0
-0.95 -0.141414141414 0 0 -9.55415491105e-11 -7.76967589375e-22 4.19804221513e-09 0.0
-0.05 -0.121212121212 0 0 -2.39635266255e-11 -2.18990734514e-22 1.18323127088e-09 0.0
-0.2 -0.121212121212 0 0 -2.86275737872e-11 -2.32941088225e-22 1.25860658202e-09 0.0
-0.3 -0.121212121212 0 0 -3.06034473717e-11 -2.48879654041e-22 1.34472442408e-09 0.0
-0.5 -0.121212121212 0 0 -3.50902725415e-11 -2.85362843718e-22 1.54184715159e-09 0.0
-0.7 -0.121212121212 0 0 -4.03612251476e-11 -3.28227535002e-22 1.77344984134e-09 0.0
-0.95 -0.121212121212 0 0 -4.81706014868e-11 -3.91735321819e-22 2.11658946994e-09 0.0
-0.05 -0.10101010101 0 0 -1.20484966005e-11 -1.10105200427e-22 5.94910631818e-10 0.0
-0.2 -0.10101010101 0 0 -1.43964995913e-11 -1.17143576143e-22 6.32939757855e-10 0.0
-0.3 -0.10101010101 0 0 -1.5393756819e-11 -1.25188282761e-22 6.76406201568e-10 0.0
-0.5 -0.10101010101 0 0 -1.76615027748e-11 -1.43627746039e-22 7.76036670488e-10 0.0
-0.7 -0.10101010101 0 0 -2.03292926187e-11 -1.65322876541e-22 8.93257871161e-10 0.0
-0.95 -0.10101010101 0 0 -2.42868427822e-11 -1.97506660651e-22 1.06715043268e-09 0.0
-0.05 -0.0808080808081 0 0 -6.05779756865e-12 -5.53591869615e-23 2.99111838174e-10 0.0
-0.2 -0.0808080808081 0 0 -7.23984087188e-12 -5.89102158569e-23 3.18298441854e-10 0.0
-0.3 -0.0808080808081 0 0 -7.74316703403e-12 -6.29705821175e-23 3.40237051912e-10 0.0
-0.5 -0.0808080808081 0 0 -8.88931411933e-12 -7.22901244264e-23 3.90591574512e-10 0.0
-0.7 -0.0808080808081 0 0 -1.02395255487e-11 -8.32703823093e-23 4.49919127882e-10 0.0
-0.95 -0.0808080808081 0 0 -1.22450241352e-11 -9.95795939459e-23 5.38039610489e-10 0.0
-0.05 -0.0606060606061 0 0 -3.0457656418e-12 -2.78337347606e-23 1.50388761548e-10 0.0
-0.2 -0.0606060606061 0 0 -3.64083507429e-12 -2.96252913223e-23 1.60068740713e-10 0.0
-0.3 -0.0606060606061 0 0 -3.89486603921e-12 -3.16746330845e-23 1.71141561959e-10 0.0
-0.5 -0.0606060606061 0 0 -4.47413128509e-12 -3.63847537472e-23 1.96590867246e-10 0.0
-0.7 -0.0606060606061 0 0 -5.15747648153e-12 -4.19418881638e-23 2.26616681959e-10 0.0
-0.95 -0.0606060606061 0 0 -6.17373561091e-12 -5.02063612983e-23 2.71270548579e-10 0.0
-0.05 -0.040404040404 0 0 -1.53136314562e-12 -1.39943648071e-23 7.56131079823e-11 0.0
-0.2 -0.040404040404 0 0 -1.83093506752e-12 -1.48982265479e-23 8.0496773397e-11 0.0
-0.3 -0.040404040404 0 0 -1.95914353682e-12 -1.59325559835e-23 8.6085370263e-11 0.0
-0.5 -0.040404040404 0 0 -2.25190010119e-12 -1.83130140652e-23 9.89472497734e-11 0.0
-0.7 -0.040404040404 0 0 -2.59773343814e-12 -2.11254181086e-23 1.14142981309e-10 0.0
-0.95 -0.040404040404 0 0 -3.11269293029e-12 -2.53132001599e-23 1.36770033042e-10 0.0
-0.05 -0.020202020202 0 0 -7.69945322658e-13 -7.03614640441e-24 3.80170808171e-11 0.0
-0.2 -0.020202020202 0 0 -9.20756730768e-13 -7.49214997342e-24 4.04809187675e-11 0.0
-0.3 -0.020202020202 0 0 -9.85462031879e-13 -8.01418397392e-24 4.3301526476e-11 0.0
-0.5 -0.020202020202 0 0 -1.1334162076e-12 -9.21722540305e-24 4.98016929888e-11 0.0
-0.7 -0.020202020202 0 0 -1.30843416624e-12 -1.06405138731e-23 5.74918787357e-11 0.0
-0.95 -0.020202020202 0 0 -1.5693671225e-12 -1.27624857217e-23 6.89571284085e-11 0.0
-0.05 0.0 0 0 -3.87116206467e-13 -3.53766419718e-24 1.91143927311e-11 0.0
-0.2 0.0 0 0 -4.63038046155e-13 -3.76771814697e-24 2.03573997834e-11 0.0
-0.3 0.0 0 0 -4.95693832301e-13 -4.03118881621e-24 2.17809610839e-11 0.0
-0.5 0.0 0 0 -5.70465885446e-13 -4.63917308535e-24 2.50659676438e-11 0.0
-0.7 0.0 0 0 -6.59035630126e-13 -5.359446916e-24 2.89576871813e-11 0.0
-0.95 0.0 0 0 -7.91248049204e-13 -6.43462915175e-24 3.47670162657e-11 0.0
