VG VD IG ID IS VS VB Lg  
0.5 -0.9 1.1526000000000001E-10 -1.5262E-10 0.0 0.0 100e-9 
0.47500000000000003 -0.9 9.3340000000000011E-11 -1.2824000000000001E-10 0.0 0.0 100e-9 
0.45 -0.9 7.904E-11 -1.0790000000000001E-10 0.0 0.0 100e-9 
0.42500000000000004 -0.9 6.5940000000000007E-11 -9.013E-11 0.0 0.0 100e-9 
0.4 -0.9 5.532E-11 -7.4700000000000011E-11 0.0 0.0 100e-9 
0.375 -0.9 4.2740000000000006E-11 -6.5610000000000007E-11 0.0 0.0 100e-9 
0.35000000000000003 -0.9 3.6830000000000004E-11 -5.346E-11 0.0 0.0 100e-9 
0.325 -0.9 3.1960000000000005E-11 -4.5790000000000004E-11 0.0 0.0 100e-9 
0.3 -0.9 2.5660000000000002E-11 -3.886E-11 0.0 0.0 100e-9 
0.275 -0.9 2.3350000000000002E-11 -3.446E-11 0.0 0.0 100e-9 
0.25 -0.9 1.677E-11 -3.081E-11 0.0 0.0 100e-9 
0.225 -0.9 1.372E-11 -2.449E-11 0.0 0.0 100e-9 
0.2 -0.9 1.509E-11 -2.4E-11 0.0 0.0 100e-9 
0.17500000000000002 -0.9 1.0830000000000001E-11 -1.959E-11 0.0 0.0 100e-9 
0.15 -0.9 1.3650000000000001E-11 -1.8270000000000002E-11 0.0 0.0 100e-9 
0.125 -0.9 7.9E-12 -1.6270000000000002E-11 0.0 0.0 100e-9 
0.1 -0.9 7.44E-12 -1.3750000000000001E-11 0.0 0.0 100e-9 
0.075 -0.9 8.16E-12 -1.18E-11 0.0 0.0 100e-9 
0.05 -0.9 6.2700000000000005E-12 -8.62E-12 0.0 0.0 100e-9 
0.025 -0.9 8.33E-12 -1.005E-11 0.0 0.0 100e-9 
0 -0.9 4.1400000000000005E-12 -7.55E-12 0.0 0.0 100e-9 
-0.025 -0.9 4.18E-12 -7.75E-12 0.0 0.0 100e-9 
-0.05 -0.9 3.5000000000000004E-12 -5.8300000000000008E-12 0.0 0.0 100e-9 
-0.075 -0.9 4.37E-12 -8.02E-12 0.0 0.0 100e-9 
-0.1 -0.9 3.87E-12 -1.2160000000000002E-11 0.0 0.0 100e-9 
-0.125 -0.9 3.4100000000000002E-12 -1.85E-11 0.0 0.0 100e-9 
-0.15 -0.9 4.8000000000000008E-13 -4.2670000000000006E-11 0.0 0.0 100e-9 
-0.17500000000000002 -0.9 -5E-14 -9.4440000000000012E-11 0.0 0.0 100e-9 
-0.2 -0.9 3.05E-12 -3.0109000000000004E-10 0.0 0.0 100e-9 
-0.225 -0.9 8.5000000000000011E-13 -5.9144000000000008E-10 0.0 0.0 100e-9 
-0.25 -0.9 1.005E-11 -1.5109E-09 0.0 0.0 100e-9 
-0.275 -0.9 3.5700000000000003E-12 -3.7807E-09 0.0 0.0 100e-9 
-0.3 -0.9 3.85E-12 -9.7724E-09 0.0 0.0 100e-9 
-0.325 -0.9 2.2660000000000002E-11 -2.3615799999999997E-08 0.0 0.0 100e-9 
-0.35000000000000003 -0.9 3.6900000000000006E-12 -5.93E-08 0.0 0.0 100e-9 
-0.375 -0.9 -6.5000000000000006E-13 -1.5199999999999999E-07 0.0 0.0 100e-9 
-0.4 -0.9 -2.1700000000000002E-12 -3.6426E-07 0.0 0.0 100e-9 
-0.42500000000000004 -0.9 -2.6800000000000003E-12 -8.9236E-07 0.0 0.0 100e-9 
-0.45 -0.9 4.9500000000000004E-11 -2.1888E-06 0.0 0.0 100e-9 
-0.47500000000000003 -0.9 -2.37E-12 -5.0735000000000006E-06 0.0 0.0 100e-9 
-0.5 -0.9 -5.2000000000000005E-12 -1.1209300000000001E-05 0.0 0.0 100e-9 
-0.525 -0.9 -2.6000000000000002E-12 -2.3526E-05 0.0 0.0 100e-9 
-0.55 -0.9 -6.46E-12 -4.5438E-05 0.0 0.0 100e-9 
-0.57500000000000007 -0.9 -8.14E-12 -8.1202E-05 0.0 0.0 100e-9 
-0.6 -0.9 -6.8200000000000004E-12 -0.00013368 0.0 0.0 100e-9 
-0.625 -0.9 -9.33E-12 -0.00020654 0.0 0.0 100e-9 
-0.65 -0.9 -1.23E-11 -0.00029806 0.0 0.0 100e-9 
-0.675 -0.9 -1.2860000000000001E-11 -0.0004087 0.0 0.0 100e-9 
-0.70000000000000007 -0.9 -1.363E-11 -0.00053918 0.0 0.0 100e-9 
-0.72500000000000009 -0.9 -1.56E-11 -0.0006824 0.0 0.0 100e-9 
-0.75 -0.9 -1.775E-11 -0.00085078000000000009 0.0 0.0 100e-9 
-0.775 -0.9 -2.054E-11 -0.0010270400000000001 0.0 0.0 100e-9 
-0.8 -0.9 -2.1790000000000003E-11 -0.0012132 0.0 0.0 100e-9 
-0.82500000000000007 -0.9 -2.3860000000000002E-11 -0.0014148000000000001 0.0 0.0 100e-9 
-0.85000000000000009 -0.9 -2.675E-11 -0.0016224 0.0 0.0 100e-9 
-0.875 -0.9 -3.0760000000000005E-11 -0.0018396 0.0 0.0 100e-9 
-0.9 -0.9 -3.398E-11 -0.0020644 0.0 0.0 100e-9 
-0.925 -0.9 -3.5450000000000004E-11 -0.002293 0.0 0.0 100e-9 
-0.95000000000000007 -0.9 -3.791E-11 -0.0025318 0.0 0.0 100e-9 
-0.97500000000000009 -0.9 -4.159E-11 -0.0027718 0.0 0.0 100e-9 
-1 -0.9 -4.702E-11 -0.0030168 0.0 0.0 100e-9 
-1.0250000000000001 -0.9 -5.207E-11 -0.0032694 0.0 0.0 100e-9 
-1.05 -0.9 -5.836E-11 -0.0035252 0.0 0.0 100e-9 
-1.075 -0.9 -6.413E-11 -0.0037776 0.0 0.0 100e-9 
-1.1 -0.9 -7.0240000000000008E-11 -0.00403 0.0 0.0 100e-9 
-1.125 -0.9 -7.643E-11 -0.0042956 0.0 0.0 100e-9 
-1.1500000000000001 -0.9 -8.325000000000001E-11 -0.004562 0.0 0.0 100e-9 
-1.175 -0.9 -9.209E-11 -0.0048094 0.0 0.0 100e-9 
-1.2 -0.9 -1.0275000000000001E-10 -0.0050736 0.0 0.0 100e-9 
-1.225 -0.9 -1.1249E-10 -0.0053296 0.0 0.0 100e-9 
-1.25 -0.9 -1.2252E-10 -0.0055878 0.0 0.0 100e-9 
-1.2750000000000001 -0.9 -1.3537000000000002E-10 -0.0058526 0.0 0.0 100e-9 
-1.3 -0.9 -1.4798000000000002E-10 -0.006113 0.0 0.0 100e-9 
-1.325 -0.9 -1.6381E-10 -0.0063678 0.0 0.0 100e-9 
-1.35 -0.9 -1.7956000000000002E-10 -0.0066094000000000005 0.0 0.0 100e-9 
-1.375 -0.9 -1.9817000000000003E-10 -0.0068382 0.0 0.0 100e-9 
-1.4000000000000001 -0.9 -2.1323000000000002E-10 -0.0071094 0.0 0.0 100e-9 
-1.425 -0.9 -2.3576E-10 -0.0073282 0.0 0.0 100e-9 
-1.4500000000000002 -0.9 -2.5671000000000004E-10 -0.0075932000000000005 0.0 0.0 100e-9 
-1.475 -0.9 -2.8878E-10 -0.0078324 0.0 0.0 100e-9 
-1.5 -0.9 -3.1755E-10 -0.0080604 0.0 0.0 100e-9 
-1.5250000000000001 -0.9 -3.4437E-10 -0.0082862 0.0 0.0 100e-9 
-1.55 -0.9 -3.8255000000000004E-10 -0.0084596 0.0 0.0 100e-9 
-1.5750000000000002 -0.9 -4.0931E-10 -0.0087102 0.0 0.0 100e-9 
-1.6 -0.9 -4.5307E-10 -0.0089164 0.0 0.0 100e-9 
-1.625 -0.9 -4.9493000000000007E-10 -0.0091034 0.0 0.0 100e-9 
-1.6500000000000001 -0.9 -5.2994E-10 -0.009302 0.0 0.0 100e-9 
-1.675 -0.9 -5.9104000000000006E-10 -0.0094834 0.0 0.0 100e-9 
-1.7000000000000002 -0.9 -6.3547000000000008E-10 -0.0096892 0.0 0.0 100e-9 
-1.725 -0.9 -6.9736000000000006E-10 -0.0098422 0.0 0.0 100e-9 
-1.75 -0.9 -7.5068E-10 -0.0100292 0.0 0.0 100e-9 
-1.7750000000000001 -0.9 -8.131E-10 -0.0102224 0.0 0.0 100e-9 
-1.8 -0.9 -8.8747E-10 -0.0103482 0.0 0.0 100e-9 
-1.8250000000000002 -0.9 -9.7357E-10 -0.010565 0.0 0.0 100e-9 
-1.85 -0.9 -1.06286E-09 -0.0106748 0.0 0.0 100e-9 
-1.875 -0.9 -1.1558E-09 -0.0108432 0.0 0.0 100e-9 
-1.9000000000000001 -0.9 -1.2453E-09 -0.010996 0.0 0.0 100e-9 
-1.925 -0.9 -1.3554E-09 -0.0111152 0.0 0.0 100e-9 
-1.9500000000000002 -0.9 -1.4626E-09 -0.0112662 0.0 0.0 100e-9 
-1.975 -0.9 -1.5746E-09 -0.0113872 0.0 0.0 100e-9 
-2 -0.9 -1.7097E-09 -0.011512000000000001 0.0 0.0 100e-9 
-2 -0.9 -1.6933E-09 -0.011544 0.0 0.0 100e-9 
-1.975 -0.9 -1.5693E-09 -0.011372 0.0 0.0 100e-9 
-1.9500000000000002 -0.9 -1.4817E-09 -0.011252000000000002 0.0 0.0 100e-9 
-1.925 -0.9 -1.3588E-09 -0.011156000000000001 0.0 0.0 100e-9 
-1.9000000000000001 -0.9 -1.2562E-09 -0.010954 0.0 0.0 100e-9 
-1.875 -0.9 -1.1571E-09 -0.010838 0.0 0.0 100e-9 
-1.85 -0.9 -1.0632E-09 -0.010694 0.0 0.0 100e-9 
-1.8250000000000002 -0.9 -9.6856E-10 -0.010498 0.0 0.0 100e-9 
-1.8 -0.9 -8.9372000000000009E-10 -0.010372000000000001 0.0 0.0 100e-9 
-1.7750000000000001 -0.9 -8.3355000000000008E-10 -0.010182 0.0 0.0 100e-9 
-1.75 -0.9 -7.4985000000000005E-10 -0.01003 0.0 0.0 100e-9 
-1.725 -0.9 -6.963400000000001E-10 -0.0098156 0.0 0.0 100e-9 
-1.7000000000000002 -0.9 -6.3709E-10 -0.0096544 0.0 0.0 100e-9 
-1.675 -0.9 -5.91E-10 -0.009436 0.0 0.0 100e-9 
-1.6500000000000001 -0.9 -5.3685000000000006E-10 -0.0092852 0.0 0.0 100e-9 
-1.625 -0.9 -4.959E-10 -0.0090504 0.0 0.0 100e-9 
-1.6 -0.9 -4.5167000000000005E-10 -0.0088924 0.0 0.0 100e-9 
-1.5750000000000002 -0.9 -4.1640000000000003E-10 -0.0086548 0.0 0.0 100e-9 
-1.55 -0.9 -3.7532000000000005E-10 -0.0084364 0.0 0.0 100e-9 
-1.5250000000000001 -0.9 -3.4858000000000005E-10 -0.0082014 0.0 0.0 100e-9 
-1.5 -0.9 -3.1455E-10 -0.008011 0.0 0.0 100e-9 
-1.475 -0.9 -2.8835000000000004E-10 -0.0077516 0.0 0.0 100e-9 
-1.4500000000000002 -0.9 -2.6179000000000003E-10 -0.0075386 0.0 0.0 100e-9 
-1.425 -0.9 -2.3755E-10 -0.0072966 0.0 0.0 100e-9 
-1.4000000000000001 -0.9 -2.1783E-10 -0.0070562 0.0 0.0 100e-9 
-1.375 -0.9 -1.9896E-10 -0.0068018 0.0 0.0 100e-9 
-1.35 -0.9 -1.8175000000000002E-10 -0.0065502 0.0 0.0 100e-9 
-1.325 -0.9 -1.6646E-10 -0.0063186 0.0 0.0 100e-9 
-1.3 -0.9 -1.5314E-10 -0.006044 0.0 0.0 100e-9 
-1.2750000000000001 -0.9 -1.3822000000000002E-10 -0.0057994 0.0 0.0 100e-9 
-1.25 -0.9 -1.2437E-10 -0.0055456 0.0 0.0 100e-9 
-1.225 -0.9 -1.1517000000000001E-10 -0.0052632 0.0 0.0 100e-9 
-1.2 -0.9 -1.0508000000000001E-10 -0.0050202 0.0 0.0 100e-9 
-1.175 -0.9 -9.5000000000000008E-11 -0.0047542 0.0 0.0 100e-9 
-1.1500000000000001 -0.9 -8.483E-11 -0.0045032 0.0 0.0 100e-9 
-1.125 -0.9 -7.637E-11 -0.0042384 0.0 0.0 100e-9 
-1.1 -0.9 -6.9680000000000012E-11 -0.0039732000000000005 0.0 0.0 100e-9 
-1.075 -0.9 -6.3070000000000008E-11 -0.0037334 0.0 0.0 100e-9 
-1.05 -0.9 -5.9100000000000008E-11 -0.0034676 0.0 0.0 100e-9 
-1.0250000000000001 -0.9 -5.419E-11 -0.0032156 0.0 0.0 100e-9 
-1 -0.9 -4.7730000000000006E-11 -0.0029662 0.0 0.0 100e-9 
-0.97500000000000009 -0.9 -4.264E-11 -0.0027188 0.0 0.0 100e-9 
-0.95000000000000007 -0.9 -3.784E-11 -0.0024828 0.0 0.0 100e-9 
-0.925 -0.9 -3.568E-11 -0.0022442 0.0 0.0 100e-9 
-0.9 -0.9 -3.3490000000000005E-11 -0.002016 0.0 0.0 100e-9 
-0.875 -0.9 -3.125E-11 -0.0017988000000000001 0.0 0.0 100e-9 
-0.85000000000000009 -0.9 -2.9050000000000002E-11 -0.001575 0.0 0.0 100e-9 
-0.82500000000000007 -0.9 -2.6120000000000003E-11 -0.0013716 0.0 0.0 100e-9 
-0.8 -0.9 -2.3390000000000003E-11 -0.001175 0.0 0.0 100e-9 
-0.775 -0.9 -2.074E-11 -0.00099496 0.0 0.0 100e-9 
-0.75 -0.9 -1.957E-11 -0.00082286 0.0 0.0 100e-9 
-0.72500000000000009 -0.9 -1.7800000000000003E-11 -0.00065968 0.0 0.0 100e-9 
-0.70000000000000007 -0.9 -1.6E-11 -0.00051652 0.0 0.0 100e-9 
-0.675 -0.9 -1.332E-11 -0.00039354 0.0 0.0 100e-9 
-0.65 -0.9 -1.289E-11 -0.00028484 0.0 0.0 100e-9 
-0.625 -0.9 -1.209E-11 -0.00019600000000000002 0.0 0.0 100e-9 
-0.6 -0.9 -9.3200000000000015E-12 -0.00012632 0.0 0.0 100e-9 
-0.57500000000000007 -0.9 -7.16E-12 -7.6206000000000009E-05 0.0 0.0 100e-9 
-0.55 -0.9 -5.3700000000000007E-12 -4.2744E-05 0.0 0.0 100e-9 
-0.525 -0.9 -4.4000000000000006E-12 -2.2176000000000002E-05 0.0 0.0 100e-9 
-0.5 -0.9 -5.23E-12 -1.0594E-05 0.0 0.0 100e-9 
-0.47500000000000003 -0.9 -4.42E-12 -4.7640000000000005E-06 0.0 0.0 100e-9 
-0.45 -0.9 -2.3200000000000002E-12 -2.032E-06 0.0 0.0 100e-9 
-0.42500000000000004 -0.9 -1.4800000000000002E-12 -8.4634E-07 0.0 0.0 100e-9 
-0.4 -0.9 -1.7200000000000001E-12 -3.4706E-07 0.0 0.0 100e-9 
-0.375 -0.9 2.2000000000000002E-13 -1.3994E-07 0.0 0.0 100e-9 
-0.35000000000000003 -0.9 1.2400000000000002E-12 -5.63862E-08 0.0 0.0 100e-9 
-0.325 -0.9 1.4900000000000001E-12 -2.2642399999999997E-08 0.0 0.0 100e-9 
-0.3 -0.9 1.85E-12 -8.7029E-09 0.0 0.0 100e-9 
-0.275 -0.9 7.100000000000001E-13 -3.6778E-09 0.0 0.0 100e-9 
-0.25 -0.9 -4.5000000000000005E-13 -1.4292E-09 0.0 0.0 100e-9 
-0.225 -0.9 2.9900000000000004E-12 -5.8658000000000006E-10 0.0 0.0 100e-9 
-0.2 -0.9 6.7000000000000007E-13 -2.2849000000000003E-10 0.0 0.0 100e-9 
-0.17500000000000002 -0.9 8.300000000000001E-13 -9.038E-11 0.0 0.0 100e-9 
-0.15 -0.9 3.6000000000000004E-12 -5.16E-11 0.0 0.0 100e-9 
-0.125 -0.9 1.83E-12 -1.8620000000000003E-11 0.0 0.0 100e-9 
-0.1 -0.9 6.5E-12 -1.0930000000000001E-11 0.0 0.0 100e-9 
-0.075 -0.9 2.5800000000000003E-12 -9.33E-12 0.0 0.0 100e-9 
-0.05 -0.9 3.48E-12 -5.8600000000000005E-12 0.0 0.0 100e-9 
-0.025 -0.9 3.7300000000000005E-12 -5.4000000000000004E-12 0.0 0.0 100e-9 
0 -0.9 5.85E-12 -7.0300000000000005E-12 0.0 0.0 100e-9 
0.025 -0.9 7.8900000000000013E-12 -8.72E-12 0.0 0.0 100e-9 
0.05 -0.9 7.2500000000000008E-12 -9.490000000000001E-12 0.0 0.0 100e-9 
0.075 -0.9 5.8200000000000006E-12 -1.2360000000000002E-11 0.0 0.0 100e-9 
0.1 -0.9 6.6300000000000006E-12 -1.1610000000000001E-11 0.0 0.0 100e-9 
0.125 -0.9 1.066E-11 -1.612E-11 0.0 0.0 100e-9 
0.15 -0.9 1.188E-11 -1.6800000000000003E-11 0.0 0.0 100e-9 
0.17500000000000002 -0.9 1.4060000000000001E-11 -1.8560000000000002E-11 0.0 0.0 100e-9 
0.2 -0.9 1.2480000000000002E-11 -2.367E-11 0.0 0.0 100e-9 
0.225 -0.9 1.4070000000000001E-11 -2.2570000000000003E-11 0.0 0.0 100e-9 
0.25 -0.9 1.9620000000000002E-11 -2.868E-11 0.0 0.0 100e-9 
0.275 -0.9 2.0350000000000003E-11 -3.069E-11 0.0 0.0 100e-9 
0.3 -0.9 2.9300000000000005E-11 -3.801E-11 0.0 0.0 100e-9 
0.325 -0.9 2.95E-11 -4.5390000000000004E-11 0.0 0.0 100e-9 
0.35000000000000003 -0.9 3.5920000000000004E-11 -5.0670000000000004E-11 0.0 0.0 100e-9 
0.375 -0.9 4.3420000000000004E-11 -5.9930000000000007E-11 0.0 0.0 100e-9 
0.4 -0.9 5.4900000000000006E-11 -7.414E-11 0.0 0.0 100e-9 
0.42500000000000004 -0.9 6.633E-11 -8.8650000000000012E-11 0.0 0.0 100e-9 
0.45 -0.9 7.737E-11 -1.0479000000000001E-10 0.0 0.0 100e-9 
0.47500000000000003 -0.9 9.0250000000000011E-11 -1.3005E-10 0.0 0.0 100e-9 
0.5 -0.9 1.0737000000000001E-10 -1.4786000000000002E-10 0.0 0.0 100e-9 
0.5 -0.05 6.3E-13 -1.08E-12 0.0 0.0 100e-9 
0.47500000000000003 -0.05 1.1100000000000001E-12 -1.4200000000000002E-12 0.0 0.0 100e-9 
0.45 -0.05 2.77E-12 -1.3800000000000002E-12 0.0 0.0 100e-9 
0.42500000000000004 -0.05 -1.08E-12 -2.0200000000000003E-12 0.0 0.0 100e-9 
0.4 -0.05 7E-14 -1.83E-12 0.0 0.0 100e-9 
0.375 -0.05 -8.5000000000000011E-13 1.36E-12 0.0 0.0 100e-9 
0.35000000000000003 -0.05 2.16E-12 -2E-13 0.0 0.0 100e-9 
0.325 -0.05 -6.5000000000000006E-13 -2.2000000000000002E-13 0.0 0.0 100e-9 
0.3 -0.05 3.1700000000000004E-12 -7.7000000000000005E-13 0.0 0.0 100e-9 
0.275 -0.05 -9.4E-13 -9.5E-13 0.0 0.0 100e-9 
0.25 -0.05 -9.000000000000001E-13 -1.45E-12 0.0 0.0 100e-9 
0.225 -0.05 -2E-13 1.6600000000000002E-12 0.0 0.0 100e-9 
0.2 -0.05 8.7E-13 5.8000000000000005E-13 0.0 0.0 100e-9 
0.17500000000000002 -0.05 7.4000000000000008E-13 -1.04E-12 0.0 0.0 100e-9 
0.15 -0.05 2.29E-12 -1.6E-12 0.0 0.0 100e-9 
0.125 -0.05 -2.11E-12 -1.4E-12 0.0 0.0 100e-9 
0.1 -0.05 -1.21E-12 -2.5E-13 0.0 0.0 100e-9 
0.075 -0.05 7.2000000000000006E-13 2.5E-13 0.0 0.0 100e-9 
0.05 -0.05 -5.2E-13 1.08E-12 0.0 0.0 100e-9 
0.025 -0.05 2.21E-12 -6.3E-13 0.0 0.0 100e-9 
0 -0.05 -2.1200000000000003E-12 -2.5800000000000003E-12 0.0 0.0 100e-9 
-0.025 -0.05 -2.79E-12 8.300000000000001E-13 0.0 0.0 100e-9 
-0.05 -0.05 9.1000000000000016E-13 -9.000000000000001E-13 0.0 0.0 100e-9 
-0.075 -0.05 -1.0100000000000001E-12 -5.5000000000000008E-13 0.0 0.0 100e-9 
-0.1 -0.05 3.28E-12 -3.5900000000000003E-12 0.0 0.0 100e-9 
-0.125 -0.05 -1.23E-12 -7.71E-12 0.0 0.0 100e-9 
-0.15 -0.05 -1.18E-12 -1.874E-11 0.0 0.0 100e-9 
-0.17500000000000002 -0.05 -7E-13 -6.823E-11 0.0 0.0 100e-9 
-0.2 -0.05 -1.5400000000000001E-12 -1.3910000000000002E-10 0.0 0.0 100e-9 
-0.225 -0.05 3.13E-12 -3.1417E-10 0.0 0.0 100e-9 
-0.25 -0.05 -1.93E-12 -7.808800000000001E-10 0.0 0.0 100e-9 
-0.275 -0.05 2.0200000000000003E-12 -2.0433E-09 0.0 0.0 100e-9 
-0.3 -0.05 -5.3000000000000006E-13 -5.0444E-09 0.0 0.0 100e-9 
-0.325 -0.05 -8.2E-13 -1.2411E-08 0.0 0.0 100e-9 
-0.35000000000000003 -0.05 -1.13E-12 -3.2223E-08 0.0 0.0 100e-9 
-0.375 -0.05 -2.4000000000000004E-13 -7.6419999999999992E-08 0.0 0.0 100e-9 
-0.4 -0.05 -1.32E-12 -2.002E-07 0.0 0.0 100e-9 
-0.42500000000000004 -0.05 -1.88E-12 -4.6228E-07 0.0 0.0 100e-9 
-0.45 -0.05 -2.8E-12 -1.12512E-06 0.0 0.0 100e-9 
-0.47500000000000003 -0.05 -4.47E-12 -2.5764000000000004E-06 0.0 0.0 100e-9 
-0.5 -0.05 -7.7E-12 -5.7048000000000008E-06 0.0 0.0 100e-9 
-0.525 -0.05 -1.0210000000000001E-11 -1.188E-05 0.0 0.0 100e-9 
-0.55 -0.05 -1.4560000000000003E-11 -2.254E-05 0.0 0.0 100e-9 
-0.57500000000000007 -0.05 -1.713E-11 -3.9192E-05 0.0 0.0 100e-9 
-0.6 -0.05 -2.021E-11 -6.2236E-05 0.0 0.0 100e-9 
-0.625 -0.05 -2.4230000000000003E-11 -9.1132000000000008E-05 0.0 0.0 100e-9 
-0.65 -0.05 -2.9850000000000005E-11 -0.00012460000000000002 0.0 0.0 100e-9 
-0.675 -0.05 -3.3810000000000004E-11 -0.00016030000000000002 0.0 0.0 100e-9 
-0.70000000000000007 -0.05 -3.801E-11 -0.00019806 0.0 0.0 100e-9 
-0.72500000000000009 -0.05 -4.2010000000000005E-11 -0.00023412000000000002 0.0 0.0 100e-9 
-0.75 -0.05 -4.6860000000000007E-11 -0.00027046000000000004 0.0 0.0 100e-9 
-0.775 -0.05 -5.193E-11 -0.00030534000000000003 0.0 0.0 100e-9 
-0.8 -0.05 -5.783E-11 -0.0003375 0.0 0.0 100e-9 
-0.82500000000000007 -0.05 -6.396E-11 -0.00037004000000000003 0.0 0.0 100e-9 
-0.85000000000000009 -0.05 -7.2940000000000009E-11 -0.00039818000000000004 0.0 0.0 100e-9 
-0.875 -0.05 -8.1510000000000011E-11 -0.00042698000000000004 0.0 0.0 100e-9 
-0.9 -0.05 -8.9870000000000009E-11 -0.00045292000000000005 0.0 0.0 100e-9 
-0.925 -0.05 -9.9680000000000011E-11 -0.00047782000000000006 0.0 0.0 100e-9 
-0.95000000000000007 -0.05 -1.1145000000000001E-10 -0.0005008 0.0 0.0 100e-9 
-0.97500000000000009 -0.05 -1.2549E-10 -0.00052272000000000006 0.0 0.0 100e-9 
-1 -0.05 -1.4253000000000002E-10 -0.00054174000000000008 0.0 0.0 100e-9 
-1.0250000000000001 -0.05 -1.5564000000000002E-10 -0.00056234 0.0 0.0 100e-9 
-1.05 -0.05 -1.7615E-10 -0.0005797 0.0 0.0 100e-9 
-1.075 -0.05 -1.9739E-10 -0.00059726000000000007 0.0 0.0 100e-9 
-1.1 -0.05 -2.2202000000000003E-10 -0.00061402000000000006 0.0 0.0 100e-9 
-1.125 -0.05 -2.5553E-10 -0.00062814 0.0 0.0 100e-9 
-1.1500000000000001 -0.05 -2.8275000000000003E-10 -0.00064374000000000007 0.0 0.0 100e-9 
-1.175 -0.05 -3.221E-10 -0.00065634 0.0 0.0 100e-9 
-1.2 -0.05 -3.6086000000000003E-10 -0.00066896 0.0 0.0 100e-9 
-1.225 -0.05 -4.005E-10 -0.0006828 0.0 0.0 100e-9 
-1.25 -0.05 -4.5774E-10 -0.00069198 0.0 0.0 100e-9 
-1.2750000000000001 -0.05 -5.0426000000000008E-10 -0.00070502 0.0 0.0 100e-9 
-1.3 -0.05 -5.6234E-10 -0.00071186 0.0 0.0 100e-9 
-1.325 -0.05 -6.2559E-10 -0.00072428 0.0 0.0 100e-9 
-1.35 -0.05 -7.0248E-10 -0.00073194 0.0 0.0 100e-9 
-1.375 -0.05 -7.8017000000000011E-10 -0.00074148000000000009 0.0 0.0 100e-9 
-1.4000000000000001 -0.05 -8.5623E-10 -0.00075030000000000008 0.0 0.0 100e-9 
-1.425 -0.05 -9.5678E-10 -0.00075734 0.0 0.0 100e-9 
-1.4500000000000002 -0.05 -1.04542E-09 -0.00076666000000000006 0.0 0.0 100e-9 
-1.475 -0.05 -1.1619E-09 -0.00077364 0.0 0.0 100e-9 
-1.5 -0.05 -1.2874E-09 -0.00077888 0.0 0.0 100e-9 
-1.5250000000000001 -0.05 -1.4088E-09 -0.0007866 0.0 0.0 100e-9 
-1.55 -0.05 -1.5534E-09 -0.00079246 0.0 0.0 100e-9 
-1.5750000000000002 -0.05 -1.7062E-09 -0.00079776 0.0 0.0 100e-9 
-1.6 -0.05 -1.854E-09 -0.00080598000000000009 0.0 0.0 100e-9 
-1.625 -0.05 -2.0301E-09 -0.00081114 0.0 0.0 100e-9 
-1.6500000000000001 -0.05 -2.2179E-09 -0.00081586000000000007 0.0 0.0 100e-9 
-1.675 -0.05 -2.4354E-09 -0.00082300000000000006 0.0 0.0 100e-9 
-1.7000000000000002 -0.05 -2.6621E-09 -0.00082738000000000006 0.0 0.0 100e-9 
-1.725 -0.05 -2.8905E-09 -0.00083322000000000008 0.0 0.0 100e-9 
-1.75 -0.05 -3.1414E-09 -0.00083976 0.0 0.0 100e-9 
-1.7750000000000001 -0.05 -3.4179E-09 -0.0008419600000000001 0.0 0.0 100e-9 
-1.8 -0.05 -3.7011E-09 -0.00084712 0.0 0.0 100e-9 
-1.8250000000000002 -0.05 -4.0099E-09 -0.00085236 0.0 0.0 100e-9 
-1.85 -0.05 -4.3616E-09 -0.00085560000000000009 0.0 0.0 100e-9 
-1.875 -0.05 -4.6232E-09 -0.00086072 0.0 0.0 100e-9 
-1.9000000000000001 -0.05 -4.9841E-09 -0.000863 0.0 0.0 100e-9 
-1.925 -0.05 -5.3715E-09 -0.00086816000000000009 0.0 0.0 100e-9 
-1.9500000000000002 -0.05 -5.8233E-09 -0.0008721 0.0 0.0 100e-9 
-1.975 -0.05 -6.2289E-09 -0.00087644 0.0 0.0 100e-9 
-2 -0.05 -6.7318E-09 -0.0008794400000000001 0.0 0.0 100e-9 
-2 -0.05 -6.7235E-09 -0.00087948000000000008 0.0 0.0 100e-9 
-1.975 -0.05 -6.2952E-09 -0.00087656000000000008 0.0 0.0 100e-9 
-1.9500000000000002 -0.05 -5.8075E-09 -0.00087202 0.0 0.0 100e-9 
-1.925 -0.05 -5.3975E-09 -0.00086846 0.0 0.0 100e-9 
-1.9000000000000001 -0.05 -5.0028E-09 -0.0008618600000000001 0.0 0.0 100e-9 
-1.875 -0.05 -4.6262E-09 -0.0008578800000000001 0.0 0.0 100e-9 
-1.85 -0.05 -4.3417E-09 -0.00085484 0.0 0.0 100e-9 
-1.8250000000000002 -0.05 -4.0169E-09 -0.00084934000000000008 0.0 0.0 100e-9 
-1.8 -0.05 -3.716E-09 -0.00084626 0.0 0.0 100e-9 
-1.7750000000000001 -0.05 -3.4218E-09 -0.00083948000000000009 0.0 0.0 100e-9 
-1.75 -0.05 -3.0997E-09 -0.00083476 0.0 0.0 100e-9 
-1.725 -0.05 -2.9111E-09 -0.00082942000000000009 0.0 0.0 100e-9 
-1.7000000000000002 -0.05 -2.6732E-09 -0.00082460000000000009 0.0 0.0 100e-9 
-1.675 -0.05 -2.435E-09 -0.00081866 0.0 0.0 100e-9 
-1.6500000000000001 -0.05 -2.2388E-09 -0.00081212 0.0 0.0 100e-9 
-1.625 -0.05 -2.0606E-09 -0.00080864 0.0 0.0 100e-9 
-1.6 -0.05 -1.9104E-09 -0.00080140000000000007 0.0 0.0 100e-9 
-1.5750000000000002 -0.05 -1.7203E-09 -0.00079636000000000008 0.0 0.0 100e-9 
-1.55 -0.05 -1.577E-09 -0.00078834 0.0 0.0 100e-9 
-1.5250000000000001 -0.05 -1.4449E-09 -0.00078136 0.0 0.0 100e-9 
-1.5 -0.05 -1.3031E-09 -0.00077536 0.0 0.0 100e-9 
-1.475 -0.05 -1.1859E-09 -0.0007665 0.0 0.0 100e-9 
-1.4500000000000002 -0.05 -1.0529E-09 -0.0007588400000000001 0.0 0.0 100e-9 
-1.425 -0.05 -9.5469000000000014E-10 -0.00075092000000000008 0.0 0.0 100e-9 
-1.4000000000000001 -0.05 -8.6509000000000006E-10 -0.00074416 0.0 0.0 100e-9 
-1.375 -0.05 -7.7892E-10 -0.00073438000000000008 0.0 0.0 100e-9 
-1.35 -0.05 -7.0680000000000008E-10 -0.00072606 0.0 0.0 100e-9 
-1.325 -0.05 -6.3711000000000009E-10 -0.00071594000000000009 0.0 0.0 100e-9 
-1.3 -0.05 -5.6185000000000008E-10 -0.0007068 0.0 0.0 100e-9 
-1.2750000000000001 -0.05 -5.1019000000000008E-10 -0.00069712000000000007 0.0 0.0 100e-9 
-1.25 -0.05 -4.5405000000000005E-10 -0.00068388 0.0 0.0 100e-9 
-1.225 -0.05 -4.0552E-10 -0.00067458 0.0 0.0 100e-9 
-1.2 -0.05 -3.6502000000000005E-10 -0.00066002000000000009 0.0 0.0 100e-9 
-1.175 -0.05 -3.2478000000000004E-10 -0.00064928 0.0 0.0 100e-9 
-1.1500000000000001 -0.05 -2.9031E-10 -0.00063458 0.0 0.0 100e-9 
-1.125 -0.05 -2.5704E-10 -0.00061964000000000008 0.0 0.0 100e-9 
-1.1 -0.05 -2.3198E-10 -0.00060456000000000008 0.0 0.0 100e-9 
-1.075 -0.05 -2.0514000000000003E-10 -0.00058914 0.0 0.0 100e-9 
-1.05 -0.05 -1.8423000000000002E-10 -0.00057008 0.0 0.0 100e-9 
-1.0250000000000001 -0.05 -1.6186000000000002E-10 -0.00055386 0.0 0.0 100e-9 
-1 -0.05 -1.4569000000000002E-10 -0.00053396 0.0 0.0 100e-9 
-0.97500000000000009 -0.05 -1.2991000000000002E-10 -0.00051354 0.0 0.0 100e-9 
-0.95000000000000007 -0.05 -1.1643E-10 -0.00049136 0.0 0.0 100e-9 
-0.925 -0.05 -1.0603000000000001E-10 -0.00046580000000000005 0.0 0.0 100e-9 
-0.9 -0.05 -9.283E-11 -0.00044244000000000005 0.0 0.0 100e-9 
-0.875 -0.05 -8.2370000000000009E-11 -0.00041644 0.0 0.0 100e-9 
-0.85000000000000009 -0.05 -7.3330000000000007E-11 -0.00038790000000000005 0.0 0.0 100e-9 
-0.82500000000000007 -0.05 -6.6070000000000011E-11 -0.00035964000000000005 0.0 0.0 100e-9 
-0.8 -0.05 -6.1860000000000007E-11 -0.00032740000000000004 0.0 0.0 100e-9 
-0.775 -0.05 -5.5880000000000005E-11 -0.00029584 0.0 0.0 100e-9 
-0.75 -0.05 -4.8740000000000004E-11 -0.00026176000000000004 0.0 0.0 100e-9 
-0.72500000000000009 -0.05 -4.4620000000000003E-11 -0.00022588000000000003 0.0 0.0 100e-9 
-0.70000000000000007 -0.05 -3.904E-11 -0.00019094 0.0 0.0 100e-9 
-0.675 -0.05 -3.54E-11 -0.00015434000000000002 0.0 0.0 100e-9 
-0.65 -0.05 -3.169E-11 -0.00012012000000000001 0.0 0.0 100e-9 
-0.625 -0.05 -2.9230000000000005E-11 -8.7148E-05 0.0 0.0 100e-9 
-0.6 -0.05 -2.3720000000000003E-11 -5.9212E-05 0.0 0.0 100e-9 
-0.57500000000000007 -0.05 -1.9710000000000002E-11 -3.7124E-05 0.0 0.0 100e-9 
-0.55 -0.05 -1.5430000000000002E-11 -2.1518E-05 0.0 0.0 100e-9 
-0.525 -0.05 -1.322E-11 -1.1216E-05 0.0 0.0 100e-9 
-0.5 -0.05 -8.87E-12 -5.4156E-06 0.0 0.0 100e-9 
-0.47500000000000003 -0.05 -5.33E-12 -2.4633E-06 0.0 0.0 100e-9 
-0.45 -0.05 -6.0600000000000004E-12 -1.0591000000000002E-06 0.0 0.0 100e-9 
-0.42500000000000004 -0.05 -2.85E-12 -4.387E-07 0.0 0.0 100e-9 
-0.4 -0.05 -1.74E-12 -1.8392E-07 0.0 0.0 100e-9 
-0.375 -0.05 -1.12E-12 -7.3686799999999992E-08 0.0 0.0 100e-9 
-0.35000000000000003 -0.05 -2.04E-12 -2.9714199999999998E-08 0.0 0.0 100e-9 
-0.325 -0.05 4E-13 -1.1852999999999999E-08 0.0 0.0 100e-9 
-0.3 -0.05 -2.46E-12 -4.9308E-09 0.0 0.0 100e-9 
-0.275 -0.05 -8.5000000000000011E-13 -1.8983E-09 0.0 0.0 100e-9 
-0.25 -0.05 3.0000000000000003E-13 -8.923E-10 0.0 0.0 100e-9 
-0.225 -0.05 2.34E-12 -3.0184E-10 0.0 0.0 100e-9 
-0.2 -0.05 -4.3000000000000004E-13 -1.1707000000000002E-10 0.0 0.0 100e-9 
-0.17500000000000002 -0.05 -2.4000000000000004E-13 -5.5560000000000006E-11 0.0 0.0 100e-9 
-0.15 -0.05 4.0000000000000006E-14 -2.2860000000000002E-11 0.0 0.0 100e-9 
-0.125 -0.05 2.3800000000000004E-12 -7.3E-12 0.0 0.0 100e-9 
-0.1 -0.05 1.3400000000000002E-12 -3.66E-12 0.0 0.0 100e-9 
-0.075 -0.05 -6.0000000000000007E-13 -2.6600000000000004E-12 0.0 0.0 100e-9 
-0.05 -0.05 -1.96E-12 1.2000000000000002E-13 0.0 0.0 100e-9 
-0.025 -0.05 5.9E-13 -1.3500000000000001E-12 0.0 0.0 100e-9 
0 -0.05 4.3000000000000004E-13 6.7000000000000007E-13 0.0 0.0 100e-9 
0.025 -0.05 2.1000000000000003E-12 -6.7000000000000007E-13 0.0 0.0 100e-9 
0.05 -0.05 -1.3000000000000001E-12 -2.09E-12 0.0 0.0 100e-9 
0.075 -0.05 -1.78E-12 1.5300000000000001E-12 0.0 0.0 100e-9 
0.1 -0.05 9.3E-13 -1.23E-12 0.0 0.0 100e-9 
0.125 -0.05 -1.4800000000000002E-12 1.21E-12 0.0 0.0 100e-9 
0.15 -0.05 3.95E-12 -6.3E-13 0.0 0.0 100e-9 
0.17500000000000002 -0.05 -1.6000000000000003E-13 -9.6000000000000015E-13 0.0 0.0 100e-9 
0.2 -0.05 -5E-14 5.7E-13 0.0 0.0 100e-9 
0.225 -0.05 2.7E-13 -1.08E-12 0.0 0.0 100e-9 
0.25 -0.05 -1.6000000000000003E-13 1.12E-12 0.0 0.0 100e-9 
0.275 -0.05 3.3200000000000004E-12 -5E-13 0.0 0.0 100e-9 
0.3 -0.05 1.32E-12 -1.0100000000000001E-12 0.0 0.0 100e-9 
0.325 -0.05 -5.9E-13 -3.0400000000000004E-12 0.0 0.0 100e-9 
0.35000000000000003 -0.05 7.5E-13 -3.2000000000000005E-13 0.0 0.0 100e-9 
0.375 -0.05 -9.5E-13 7E-13 0.0 0.0 100e-9 
0.4 -0.05 1.8200000000000003E-12 -2.8E-12 0.0 0.0 100e-9 
0.42500000000000004 -0.05 -3.9000000000000005E-13 7.5E-13 0.0 0.0 100e-9 
0.45 -0.05 4.8500000000000005E-12 -1.6700000000000002E-12 0.0 0.0 100e-9 
0.47500000000000003 -0.05 8.8000000000000009E-13 -2.14E-12 0.0 0.0 100e-9 
0.5 -0.05 1.04E-12 6.0000000000000009E-14 0.0 0.0 100e-9 
0.5 -0.5 1.208E-11 -1.0630000000000001E-11 0.0 0.0 100e-9 
0.47500000000000003 -0.5 9.27E-12 -1.0320000000000001E-11 0.0 0.0 100e-9 
0.45 -0.5 7.8900000000000013E-12 -8.13E-12 0.0 0.0 100e-9 
0.42500000000000004 -0.5 7.21E-12 -6.5700000000000005E-12 0.0 0.0 100e-9 
0.4 -0.5 7.82E-12 -7.91E-12 0.0 0.0 100e-9 
0.375 -0.5 5.7800000000000008E-12 -5.7E-12 0.0 0.0 100e-9 
0.35000000000000003 -0.5 3.7400000000000006E-12 -7.53E-12 0.0 0.0 100e-9 
0.325 -0.5 2.49E-12 -3.43E-12 0.0 0.0 100e-9 
0.3 -0.5 4.3900000000000005E-12 -5.33E-12 0.0 0.0 100e-9 
0.275 -0.5 1.2000000000000001E-12 -3.6400000000000006E-12 0.0 0.0 100e-9 
0.25 -0.5 5.9300000000000008E-12 -4.12E-12 0.0 0.0 100e-9 
0.225 -0.5 1.55E-12 -3.2200000000000004E-12 0.0 0.0 100e-9 
0.2 -0.5 1.8700000000000003E-12 -3.1700000000000004E-12 0.0 0.0 100e-9 
0.17500000000000002 -0.5 1.85E-12 -1.6100000000000002E-12 0.0 0.0 100e-9 
0.15 -0.5 2.0200000000000003E-12 -1.3900000000000001E-12 0.0 0.0 100e-9 
0.125 -0.5 3.6800000000000005E-12 -3.0600000000000003E-12 0.0 0.0 100e-9 
0.1 -0.5 1.2400000000000002E-12 -1.7200000000000001E-12 0.0 0.0 100e-9 
0.075 -0.5 7E-14 -3.3E-12 0.0 0.0 100e-9 
0.05 -0.5 -1.27E-12 -5.4E-13 0.0 0.0 100e-9 
0.025 -0.5 1.83E-12 -2.39E-12 0.0 0.0 100e-9 
0 -0.5 -2.0000000000000003E-14 -1.91E-12 0.0 0.0 100e-9 
-0.025 -0.5 2.49E-12 -1.95E-12 0.0 0.0 100e-9 
-0.05 -0.5 -1.2400000000000002E-12 -3.7300000000000005E-12 0.0 0.0 100e-9 
-0.075 -0.5 -1.6800000000000001E-12 -1.7700000000000001E-12 0.0 0.0 100e-9 
-0.1 -0.5 1.37E-12 -7.6800000000000012E-12 0.0 0.0 100e-9 
-0.125 -0.5 -2.5E-13 -1.3780000000000002E-11 0.0 0.0 100e-9 
-0.15 -0.5 2.18E-12 -3.098E-11 0.0 0.0 100e-9 
-0.17500000000000002 -0.5 -1.26E-12 -7.656E-11 0.0 0.0 100e-9 
-0.2 -0.5 -2.0200000000000003E-12 -1.8887000000000002E-10 0.0 0.0 100e-9 
-0.225 -0.5 -1.37E-12 -4.8422E-10 0.0 0.0 100e-9 
-0.25 -0.5 2.8800000000000002E-12 -1.2153E-09 0.0 0.0 100e-9 
-0.275 -0.5 2.79E-12 -3.0894E-09 0.0 0.0 100e-9 
-0.3 -0.5 -1.85E-12 -7.7497E-09 0.0 0.0 100e-9 
-0.325 -0.5 1.2430000000000001E-11 -2.09156E-08 0.0 0.0 100e-9 
-0.35000000000000003 -0.5 -1.95E-12 -5.1175399999999995E-08 0.0 0.0 100e-9 
-0.375 -0.5 1.4E-12 -1.2158E-07 0.0 0.0 100e-9 
-0.4 -0.5 -1.0100000000000001E-12 -3.0196E-07 0.0 0.0 100e-9 
-0.42500000000000004 -0.5 -2.59E-12 -7.5462E-07 0.0 0.0 100e-9 
-0.45 -0.5 2.354E-11 -1.8134E-06 0.0 0.0 100e-9 
-0.47500000000000003 -0.5 -4.3900000000000005E-12 -4.2152000000000007E-06 0.0 0.0 100e-9 
-0.5 -0.5 -3.72E-12 -9.6436E-06 0.0 0.0 100e-9 
-0.525 -0.5 -5.7E-12 -2.0092E-05 0.0 0.0 100e-9 
-0.55 -0.5 -6.3400000000000009E-12 -3.951E-05 0.0 0.0 100e-9 
-0.57500000000000007 -0.5 -6.8700000000000004E-12 -7.1736E-05 0.0 0.0 100e-9 
-0.6 -0.5 -9.6900000000000009E-12 -0.00012026 0.0 0.0 100e-9 
-0.625 -0.5 -1.0430000000000001E-11 -0.0001856 0.0 0.0 100e-9 
-0.65 -0.5 -1.1630000000000001E-11 -0.00027192000000000004 0.0 0.0 100e-9 
-0.675 -0.5 -1.4410000000000002E-11 -0.00037676 0.0 0.0 100e-9 
-0.70000000000000007 -0.5 -1.5940000000000002E-11 -0.00049842000000000007 0.0 0.0 100e-9 
-0.72500000000000009 -0.5 -1.7800000000000003E-11 -0.00063646 0.0 0.0 100e-9 
-0.75 -0.5 -2.0350000000000003E-11 -0.00078928000000000006 0.0 0.0 100e-9 
-0.775 -0.5 -2.4320000000000003E-11 -0.0009567200000000001 0.0 0.0 100e-9 
-0.8 -0.5 -2.7810000000000002E-11 -0.0011310600000000001 0.0 0.0 100e-9 
-0.82500000000000007 -0.5 -2.8540000000000002E-11 -0.0013184 0.0 0.0 100e-9 
-0.85000000000000009 -0.5 -3.295E-11 -0.0015146 0.0 0.0 100e-9 
-0.875 -0.5 -3.7010000000000003E-11 -0.0017204 0.0 0.0 100e-9 
-0.9 -0.5 -3.9830000000000006E-11 -0.0019306 0.0 0.0 100e-9 
-0.925 -0.5 -4.315E-11 -0.00214 0.0 0.0 100e-9 
-0.95000000000000007 -0.5 -4.5980000000000006E-11 -0.00236 0.0 0.0 100e-9 
-0.97500000000000009 -0.5 -5.157E-11 -0.0025848 0.0 0.0 100e-9 
-1 -0.5 -5.6320000000000006E-11 -0.0028112000000000002 0.0 0.0 100e-9 
-1.0250000000000001 -0.5 -6.393E-11 -0.0030298 0.0 0.0 100e-9 
-1.05 -0.5 -7.185E-11 -0.0032458 0.0 0.0 100e-9 
-1.075 -0.5 -7.739E-11 -0.0034686 0.0 0.0 100e-9 
-1.1 -0.5 -8.505E-11 -0.0036744 0.0 0.0 100e-9 
-1.125 -0.5 -9.283E-11 -0.0038924000000000003 0.0 0.0 100e-9 
-1.1500000000000001 -0.5 -1.0465000000000001E-10 -0.0041022 0.0 0.0 100e-9 
-1.175 -0.5 -1.1814000000000002E-10 -0.0043022 0.0 0.0 100e-9 
-1.2 -0.5 -1.3084E-10 -0.0044938 0.0 0.0 100e-9 
-1.225 -0.5 -1.4862E-10 -0.0046758 0.0 0.0 100e-9 
-1.25 -0.5 -1.6415000000000002E-10 -0.0048638 0.0 0.0 100e-9 
-1.2750000000000001 -0.5 -1.8234000000000001E-10 -0.0050334 0.0 0.0 100e-9 
-1.3 -0.5 -2.0715E-10 -0.0051986 0.0 0.0 100e-9 
-1.325 -0.5 -2.2813000000000002E-10 -0.0053742 0.0 0.0 100e-9 
-1.35 -0.5 -2.5779E-10 -0.0055000000000000005 0.0 0.0 100e-9 
-1.375 -0.5 -2.8404000000000003E-10 -0.0056698 0.0 0.0 100e-9 
-1.4000000000000001 -0.5 -3.1899E-10 -0.005795 0.0 0.0 100e-9 
-1.425 -0.5 -3.5323000000000003E-10 -0.0059278 0.0 0.0 100e-9 
-1.4500000000000002 -0.5 -3.9875000000000004E-10 -0.0060366000000000005 0.0 0.0 100e-9 
-1.475 -0.5 -4.3655000000000006E-10 -0.0061766 0.0 0.0 100e-9 
-1.5 -0.5 -4.8664E-10 -0.0062726 0.0 0.0 100e-9 
-1.5250000000000001 -0.5 -5.3337000000000009E-10 -0.0063864 0.0 0.0 100e-9 
-1.55 -0.5 -5.9112E-10 -0.0064986 0.0 0.0 100e-9 
-1.5750000000000002 -0.5 -6.5607000000000009E-10 -0.00659 0.0 0.0 100e-9 
-1.6 -0.5 -7.2286E-10 -0.006711 0.0 0.0 100e-9 
-1.625 -0.5 -8.004E-10 -0.0067808 0.0 0.0 100e-9 
-1.6500000000000001 -0.5 -8.7937E-10 -0.0068746 0.0 0.0 100e-9 
-1.675 -0.5 -9.6448000000000017E-10 -0.0069584 0.0 0.0 100e-9 
-1.7000000000000002 -0.5 -1.0475000000000002E-09 -0.0070176000000000006 0.0 0.0 100e-9 
-1.725 -0.5 -1.1553E-09 -0.0071088 0.0 0.0 100e-9 
-1.75 -0.5 -1.2673E-09 -0.0071872 0.0 0.0 100e-9 
-1.7750000000000001 -0.5 -1.3802E-09 -0.0072466 0.0 0.0 100e-9 
-1.8 -0.5 -1.494E-09 -0.0073218 0.0 0.0 100e-9 
-1.8250000000000002 -0.5 -1.6587999999999999E-09 -0.0073852 0.0 0.0 100e-9 
-1.85 -0.5 -1.7845E-09 -0.0074608 0.0 0.0 100e-9 
-1.875 -0.5 -1.962E-09 -0.0075268 0.0 0.0 100e-9 
-1.9000000000000001 -0.5 -2.1499E-09 -0.0075828 0.0 0.0 100e-9 
-1.925 -0.5 -2.3234E-09 -0.007648 0.0 0.0 100e-9 
-1.9500000000000002 -0.5 -2.5376E-09 -0.0076946 0.0 0.0 100e-9 
-1.975 -0.5 -2.7192E-09 -0.0077522 0.0 0.0 100e-9 
-2 -0.5 -2.9585E-09 -0.0078076000000000005 0.0 0.0 100e-9 
-2 -0.5 -2.9798E-09 -0.0077994 0.0 0.0 100e-9 
-1.975 -0.5 -2.7128E-09 -0.0077418 0.0 0.0 100e-9 
-1.9500000000000002 -0.5 -2.5066E-09 -0.0076844 0.0 0.0 100e-9 
-1.925 -0.5 -2.3088E-09 -0.0076348 0.0 0.0 100e-9 
-1.9000000000000001 -0.5 -2.1039E-09 -0.0075622 0.0 0.0 100e-9 
-1.875 -0.5 -1.9442E-09 -0.0075024 0.0 0.0 100e-9 
-1.85 -0.5 -1.7913E-09 -0.0074312 0.0 0.0 100e-9 
-1.8250000000000002 -0.5 -1.6556E-09 -0.0073772 0.0 0.0 100e-9 
-1.8 -0.5 -1.5235E-09 -0.0072928 0.0 0.0 100e-9 
-1.7750000000000001 -0.5 -1.3791E-09 -0.0072276 0.0 0.0 100e-9 
-1.75 -0.5 -1.2614E-09 -0.0071568000000000005 0.0 0.0 100e-9 
-1.725 -0.5 -1.1547E-09 -0.0070766 0.0 0.0 100e-9 
-1.7000000000000002 -0.5 -1.0487E-09 -0.007011 0.0 0.0 100e-9 
-1.675 -0.5 -9.5383E-10 -0.0069152 0.0 0.0 100e-9 
-1.6500000000000001 -0.5 -8.7171000000000008E-10 -0.0068396 0.0 0.0 100e-9 
-1.625 -0.5 -7.9554E-10 -0.00673 0.0 0.0 100e-9 
-1.6 -0.5 -7.0945000000000007E-10 -0.0066486 0.0 0.0 100e-9 
-1.5750000000000002 -0.5 -6.5406E-10 -0.0065576 0.0 0.0 100e-9 
-1.55 -0.5 -5.9274000000000006E-10 -0.0064316 0.0 0.0 100e-9 
-1.5250000000000001 -0.5 -5.3405E-10 -0.0063496 0.0 0.0 100e-9 
-1.5 -0.5 -4.9016E-10 -0.0062302 0.0 0.0 100e-9 
-1.475 -0.5 -4.4653000000000006E-10 -0.006126 0.0 0.0 100e-9 
-1.4500000000000002 -0.5 -3.9866000000000005E-10 -0.0059986 0.0 0.0 100e-9 
-1.425 -0.5 -3.5441E-10 -0.0058908 0.0 0.0 100e-9 
-1.4000000000000001 -0.5 -3.2257E-10 -0.0057274000000000005 0.0 0.0 100e-9 
-1.375 -0.5 -2.8949E-10 -0.0056036 0.0 0.0 100e-9 
-1.35 -0.5 -2.6204E-10 -0.0054662 0.0 0.0 100e-9 
-1.325 -0.5 -2.3436E-10 -0.0053038 0.0 0.0 100e-9 
-1.3 -0.5 -2.0713E-10 -0.0051586 0.0 0.0 100e-9 
-1.2750000000000001 -0.5 -1.8648E-10 -0.0049808000000000005 0.0 0.0 100e-9 
-1.25 -0.5 -1.6695E-10 -0.0048166 0.0 0.0 100e-9 
-1.225 -0.5 -1.5044E-10 -0.0046268 0.0 0.0 100e-9 
-1.2 -0.5 -1.3383000000000002E-10 -0.004446 0.0 0.0 100e-9 
-1.175 -0.5 -1.2218E-10 -0.0042512 0.0 0.0 100e-9 
-1.1500000000000001 -0.5 -1.102E-10 -0.0040562 0.0 0.0 100e-9 
-1.125 -0.5 -1.0040000000000001E-10 -0.0038444 0.0 0.0 100e-9 
-1.1 -0.5 -9.071E-11 -0.0036288 0.0 0.0 100e-9 
-1.075 -0.5 -7.951E-11 -0.0034168000000000002 0.0 0.0 100e-9 
-1.05 -0.5 -7.1730000000000007E-11 -0.0031938 0.0 0.0 100e-9 
-1.0250000000000001 -0.5 -6.501E-11 -0.0029816 0.0 0.0 100e-9 
-1 -0.5 -6.049E-11 -0.0027552 0.0 0.0 100e-9 
-0.97500000000000009 -0.5 -5.6400000000000007E-11 -0.002535 0.0 0.0 100e-9 
-0.95000000000000007 -0.5 -5.1010000000000007E-11 -0.0023256 0.0 0.0 100e-9 
-0.925 -0.5 -4.4310000000000006E-11 -0.0021026 0.0 0.0 100e-9 
-0.9 -0.5 -4.0150000000000005E-11 -0.0018934 0.0 0.0 100e-9 
-0.875 -0.5 -3.606E-11 -0.0016838 0.0 0.0 100e-9 
-0.85000000000000009 -0.5 -3.271E-11 -0.001483 0.0 0.0 100e-9 
-0.82500000000000007 -0.5 -3.099E-11 -0.0012914 0.0 0.0 100e-9 
-0.8 -0.5 -2.8540000000000002E-11 -0.001103 0.0 0.0 100e-9 
-0.775 -0.5 -2.4650000000000003E-11 -0.0009274000000000001 0.0 0.0 100e-9 
-0.75 -0.5 -2.1170000000000003E-11 -0.00076902 0.0 0.0 100e-9 
-0.72500000000000009 -0.5 -1.9440000000000003E-11 -0.00061892 0.0 0.0 100e-9 
-0.70000000000000007 -0.5 -1.837E-11 -0.00048174000000000003 0.0 0.0 100e-9 
-0.675 -0.5 -1.54E-11 -0.00036284 0.0 0.0 100e-9 
-0.65 -0.5 -1.238E-11 -0.00026072000000000004 0.0 0.0 100e-9 
-0.625 -0.5 -9.98E-12 -0.00017656 0.0 0.0 100e-9 
-0.6 -0.5 -8.55E-12 -0.00011462000000000001 0.0 0.0 100e-9 
-0.57500000000000007 -0.5 -6.6900000000000008E-12 -6.7738000000000008E-05 0.0 0.0 100e-9 
-0.55 -0.5 -7.84E-12 -3.7476E-05 0.0 0.0 100e-9 
-0.525 -0.5 -5.65E-12 -1.9036000000000002E-05 0.0 0.0 100e-9 
-0.5 -0.5 -3.53E-12 -8.9324000000000011E-06 0.0 0.0 100e-9 
-0.47500000000000003 -0.5 -4.5000000000000006E-12 -4.0192E-06 0.0 0.0 100e-9 
-0.45 -0.5 -4.4000000000000006E-12 -1.6967000000000002E-06 0.0 0.0 100e-9 
-0.42500000000000004 -0.5 -1.98E-12 -7.2606E-07 0.0 0.0 100e-9 
-0.4 -0.5 -8.4000000000000006E-13 -2.8636E-07 0.0 0.0 100e-9 
-0.375 -0.5 1.5300000000000001E-12 -1.1592E-07 0.0 0.0 100e-9 
-0.35000000000000003 -0.5 2.2200000000000002E-12 -4.8726599999999995E-08 0.0 0.0 100e-9 
-0.325 -0.5 -2.7000000000000002E-12 -2.0054E-08 0.0 0.0 100e-9 
-0.3 -0.5 1.8400000000000002E-12 -7.4359E-09 0.0 0.0 100e-9 
-0.275 -0.5 -7.9000000000000007E-13 -3.0846E-09 0.0 0.0 100e-9 
-0.25 -0.5 -1.7500000000000002E-12 -1.1742E-09 0.0 0.0 100e-9 
-0.225 -0.5 4.4000000000000004E-13 -4.8123E-10 0.0 0.0 100e-9 
-0.2 -0.5 -1.31E-12 -1.8480000000000002E-10 0.0 0.0 100e-9 
-0.17500000000000002 -0.5 -7.2000000000000006E-13 -7.116E-11 0.0 0.0 100e-9 
-0.15 -0.5 1.3400000000000002E-12 -3.845E-11 0.0 0.0 100e-9 
-0.125 -0.5 -1.04E-12 -1.201E-11 0.0 0.0 100e-9 
-0.1 -0.5 3.61E-12 -5.55E-12 0.0 0.0 100e-9 
-0.075 -0.5 0 -2.64E-12 0.0 0.0 100e-9 
-0.05 -0.5 7.4000000000000008E-13 -1.2900000000000002E-12 0.0 0.0 100e-9 
-0.025 -0.5 1.5000000000000002E-13 1.2000000000000002E-13 0.0 0.0 100e-9 
0 -0.5 4E-13 4.2000000000000003E-13 0.0 0.0 100e-9 
0.025 -0.5 4.1500000000000007E-12 -1.59E-12 0.0 0.0 100e-9 
0.05 -0.5 1.2800000000000002E-12 -1.0500000000000002E-12 0.0 0.0 100e-9 
0.075 -0.5 9.8E-13 -1.9E-12 0.0 0.0 100e-9 
0.1 -0.5 1.8000000000000002E-13 -4.8000000000000008E-13 0.0 0.0 100e-9 
0.125 -0.5 2.24E-12 -1.0100000000000001E-12 0.0 0.0 100e-9 
0.15 -0.5 2.1700000000000002E-12 -3E-12 0.0 0.0 100e-9 
0.17500000000000002 -0.5 3.35E-12 -2.09E-12 0.0 0.0 100e-9 
0.2 -0.5 9.9E-13 -4.5000000000000006E-12 0.0 0.0 100e-9 
0.225 -0.5 5.2E-13 -1.8100000000000002E-12 0.0 0.0 100e-9 
0.25 -0.5 3.9E-12 -3.8E-12 0.0 0.0 100e-9 
0.275 -0.5 1.5300000000000001E-12 -3.02E-12 0.0 0.0 100e-9 
0.3 -0.5 7.1300000000000005E-12 -3.6900000000000006E-12 0.0 0.0 100e-9 
0.325 -0.5 3.4100000000000002E-12 -4.8100000000000007E-12 0.0 0.0 100e-9 
0.35000000000000003 -0.5 4.4400000000000005E-12 -4.72E-12 0.0 0.0 100e-9 
0.375 -0.5 5.65E-12 -4.7100000000000007E-12 0.0 0.0 100e-9 
0.4 -0.5 5.48E-12 -5.4600000000000006E-12 0.0 0.0 100e-9 
0.42500000000000004 -0.5 1.045E-11 -7.2300000000000005E-12 0.0 0.0 100e-9 
0.45 -0.5 8.5900000000000012E-12 -8.3900000000000012E-12 0.0 0.0 100e-9 
0.47500000000000003 -0.5 9.16E-12 -1.059E-11 0.0 0.0 100e-9 
0.5 -0.5 1.006E-11 -9.07E-12 0.0 0.0 100e-9 
0.5 -0.70000000000000007 3.245E-11 -3.238E-11 0.0 0.0 100e-9 
0.47500000000000003 -0.70000000000000007 2.527E-11 -2.7740000000000003E-11 0.0 0.0 100e-9 
0.45 -0.70000000000000007 2.378E-11 -2.4680000000000002E-11 0.0 0.0 100e-9 
0.42500000000000004 -0.70000000000000007 1.8510000000000003E-11 -2.252E-11 0.0 0.0 100e-9 
0.4 -0.70000000000000007 1.885E-11 -2.059E-11 0.0 0.0 100e-9 
0.375 -0.70000000000000007 1.272E-11 -1.7850000000000002E-11 0.0 0.0 100e-9 
0.35000000000000003 -0.70000000000000007 1.14E-11 -1.528E-11 0.0 0.0 100e-9 
0.325 -0.70000000000000007 1.198E-11 -1.4290000000000002E-11 0.0 0.0 100e-9 
0.3 -0.70000000000000007 8.2900000000000012E-12 -1.11E-11 0.0 0.0 100e-9 
0.275 -0.70000000000000007 1.15E-11 -1.2170000000000002E-11 0.0 0.0 100e-9 
0.25 -0.70000000000000007 7.5900000000000014E-12 -8.6900000000000011E-12 0.0 0.0 100e-9 
0.225 -0.70000000000000007 4.7500000000000006E-12 -1.0740000000000002E-11 0.0 0.0 100e-9 
0.2 -0.70000000000000007 3.4000000000000005E-12 -6.4E-12 0.0 0.0 100e-9 
0.17500000000000002 -0.70000000000000007 5.8600000000000005E-12 -6.41E-12 0.0 0.0 100e-9 
0.15 -0.70000000000000007 2.4300000000000003E-12 -5.5200000000000007E-12 0.0 0.0 100e-9 
0.125 -0.70000000000000007 6.7900000000000008E-12 -6.0600000000000004E-12 0.0 0.0 100e-9 
0.1 -0.70000000000000007 2.3300000000000004E-12 -3.77E-12 0.0 0.0 100e-9 
0.075 -0.70000000000000007 2.46E-12 -4.6600000000000007E-12 0.0 0.0 100e-9 
0.05 -0.70000000000000007 2.82E-12 -3.46E-12 0.0 0.0 100e-9 
0.025 -0.70000000000000007 1.7700000000000001E-12 -1.9400000000000002E-12 0.0 0.0 100e-9 
0 -0.70000000000000007 4.4500000000000006E-12 -4.89E-12 0.0 0.0 100e-9 
-0.025 -0.70000000000000007 1.2900000000000002E-12 -2.3800000000000004E-12 0.0 0.0 100e-9 
-0.05 -0.70000000000000007 1.1000000000000002E-12 -5.6E-12 0.0 0.0 100e-9 
-0.075 -0.70000000000000007 -1.2000000000000002E-13 -3.18E-12 0.0 0.0 100e-9 
-0.1 -0.70000000000000007 1.4200000000000002E-12 -8.070000000000001E-12 0.0 0.0 100e-9 
-0.125 -0.70000000000000007 8.7E-13 -1.6940000000000002E-11 0.0 0.0 100e-9 
-0.15 -0.70000000000000007 1.9900000000000002E-12 -3.5120000000000004E-11 0.0 0.0 100e-9 
-0.17500000000000002 -0.70000000000000007 -9.5E-13 -8.5480000000000011E-11 0.0 0.0 100e-9 
-0.2 -0.70000000000000007 -1.64E-12 -2.1153000000000002E-10 0.0 0.0 100e-9 
-0.225 -0.70000000000000007 -1.08E-12 -5.3309000000000007E-10 0.0 0.0 100e-9 
-0.25 -0.70000000000000007 6.92E-12 -1.3092E-09 0.0 0.0 100e-9 
-0.275 -0.70000000000000007 1.9E-12 -3.4554E-09 0.0 0.0 100e-9 
-0.3 -0.70000000000000007 3.2700000000000004E-12 -8.8281E-09 0.0 0.0 100e-9 
-0.325 -0.70000000000000007 2.9300000000000002E-12 -2.2875799999999998E-08 0.0 0.0 100e-9 
-0.35000000000000003 -0.70000000000000007 3.3900000000000003E-12 -5.6192E-08 0.0 0.0 100e-9 
-0.375 -0.70000000000000007 9.5E-13 -1.3397999999999999E-07 0.0 0.0 100e-9 
-0.4 -0.70000000000000007 -4.7E-13 -3.3258E-07 0.0 0.0 100e-9 
-0.42500000000000004 -0.70000000000000007 -2.23E-12 -8.2436E-07 0.0 0.0 100e-9 
-0.45 -0.70000000000000007 4.01E-11 -1.9818000000000002E-06 0.0 0.0 100e-9 
-0.47500000000000003 -0.70000000000000007 -3.87E-12 -4.6029000000000004E-06 0.0 0.0 100e-9 
-0.5 -0.70000000000000007 -3.6800000000000005E-12 -1.04658E-05 0.0 0.0 100e-9 
-0.525 -0.70000000000000007 -5.2600000000000006E-12 -2.1806E-05 0.0 0.0 100e-9 
-0.55 -0.70000000000000007 -6.8700000000000004E-12 -4.235E-05 0.0 0.0 100e-9 
-0.57500000000000007 -0.70000000000000007 -6.86E-12 -7.6504E-05 0.0 0.0 100e-9 
-0.6 -0.70000000000000007 -9.35E-12 -0.00012736 0.0 0.0 100e-9 
-0.625 -0.70000000000000007 -1.075E-11 -0.00019590000000000002 0.0 0.0 100e-9 
-0.65 -0.70000000000000007 -1.2570000000000002E-11 -0.00028486 0.0 0.0 100e-9 
-0.675 -0.70000000000000007 -1.3450000000000001E-11 -0.00039198 0.0 0.0 100e-9 
-0.70000000000000007 -0.70000000000000007 -1.4650000000000002E-11 -0.0005213 0.0 0.0 100e-9 
-0.72500000000000009 -0.70000000000000007 -1.774E-11 -0.0006654 0.0 0.0 100e-9 
-0.75 -0.70000000000000007 -2.076E-11 -0.0008216 0.0 0.0 100e-9 
-0.775 -0.70000000000000007 -2.2660000000000002E-11 -0.00099290000000000012 0.0 0.0 100e-9 
-0.8 -0.70000000000000007 -2.436E-11 -0.001176 0.0 0.0 100e-9 
-0.82500000000000007 -0.70000000000000007 -2.7760000000000003E-11 -0.0013728 0.0 0.0 100e-9 
-0.85000000000000009 -0.70000000000000007 -3.058E-11 -0.0015754 0.0 0.0 100e-9 
-0.875 -0.70000000000000007 -3.242E-11 -0.001788 0.0 0.0 100e-9 
-0.9 -0.70000000000000007 -3.449E-11 -0.0020098 0.0 0.0 100e-9 
-0.925 -0.70000000000000007 -3.812E-11 -0.002235 0.0 0.0 100e-9 
-0.95000000000000007 -0.70000000000000007 -4.1420000000000004E-11 -0.0024708 0.0 0.0 100e-9 
-0.97500000000000009 -0.70000000000000007 -4.6370000000000004E-11 -0.0027032000000000002 0.0 0.0 100e-9 
-1 -0.70000000000000007 -5.1740000000000007E-11 -0.0029446 0.0 0.0 100e-9 
-1.0250000000000001 -0.70000000000000007 -5.568E-11 -0.003182 0.0 0.0 100e-9 
-1.05 -0.70000000000000007 -5.977E-11 -0.0034232 0.0 0.0 100e-9 
-1.075 -0.70000000000000007 -6.51E-11 -0.0036776 0.0 0.0 100e-9 
-1.1 -0.70000000000000007 -7.2190000000000011E-11 -0.0039174 0.0 0.0 100e-9 
-1.125 -0.70000000000000007 -8.1400000000000011E-11 -0.004166 0.0 0.0 100e-9 
-1.1500000000000001 -0.70000000000000007 -8.973000000000001E-11 -0.0044212 0.0 0.0 100e-9 
-1.175 -0.70000000000000007 -1.0018000000000001E-10 -0.0046694 0.0 0.0 100e-9 
-1.2 -0.70000000000000007 -1.0962E-10 -0.0049136 0.0 0.0 100e-9 
-1.225 -0.70000000000000007 -1.2189E-10 -0.0051474 0.0 0.0 100e-9 
-1.25 -0.70000000000000007 -1.3334E-10 -0.005398 0.0 0.0 100e-9 
-1.2750000000000001 -0.70000000000000007 -1.4696E-10 -0.0056206 0.0 0.0 100e-9 
-1.3 -0.70000000000000007 -1.6169E-10 -0.0058574000000000005 0.0 0.0 100e-9 
-1.325 -0.70000000000000007 -1.7863E-10 -0.0060756000000000004 0.0 0.0 100e-9 
-1.35 -0.70000000000000007 -1.9833000000000003E-10 -0.0063194 0.0 0.0 100e-9 
-1.375 -0.70000000000000007 -2.2047000000000002E-10 -0.0065204 0.0 0.0 100e-9 
-1.4000000000000001 -0.70000000000000007 -2.4481E-10 -0.006744 0.0 0.0 100e-9 
-1.425 -0.70000000000000007 -2.7193E-10 -0.0069344 0.0 0.0 100e-9 
-1.4500000000000002 -0.70000000000000007 -3.0254E-10 -0.0071228 0.0 0.0 100e-9 
-1.475 -0.70000000000000007 -3.2835E-10 -0.0073326 0.0 0.0 100e-9 
-1.5 -0.70000000000000007 -3.6792E-10 -0.0074884 0.0 0.0 100e-9 
-1.5250000000000001 -0.70000000000000007 -4.0151000000000004E-10 -0.0076814000000000006 0.0 0.0 100e-9 
-1.55 -0.70000000000000007 -4.4094000000000003E-10 -0.0078458 0.0 0.0 100e-9 
-1.5750000000000002 -0.70000000000000007 -4.8874E-10 -0.0079856 0.0 0.0 100e-9 
-1.6 -0.70000000000000007 -5.3789E-10 -0.0081564 0.0 0.0 100e-9 
-1.625 -0.70000000000000007 -5.9119E-10 -0.008309 0.0 0.0 100e-9 
-1.6500000000000001 -0.70000000000000007 -6.4801E-10 -0.008443 0.0 0.0 100e-9 
-1.675 -0.70000000000000007 -7.126600000000001E-10 -0.0086148 0.0 0.0 100e-9 
-1.7000000000000002 -0.70000000000000007 -7.9273E-10 -0.0087362 0.0 0.0 100e-9 
-1.725 -0.70000000000000007 -8.5505000000000006E-10 -0.0088626 0.0 0.0 100e-9 
-1.75 -0.70000000000000007 -9.5125E-10 -0.008981 0.0 0.0 100e-9 
-1.7750000000000001 -0.70000000000000007 -1.0254E-09 -0.0090912 0.0 0.0 100e-9 
-1.8 -0.70000000000000007 -1.1195800000000002E-09 -0.009235 0.0 0.0 100e-9 
-1.8250000000000002 -0.70000000000000007 -1.2167E-09 -0.0093174 0.0 0.0 100e-9 
-1.85 -0.70000000000000007 -1.3278E-09 -0.0094236 0.0 0.0 100e-9 
-1.875 -0.70000000000000007 -1.4395E-09 -0.0095212 0.0 0.0 100e-9 
-1.9000000000000001 -0.70000000000000007 -1.5718E-09 -0.0096446 0.0 0.0 100e-9 
-1.925 -0.70000000000000007 -1.7058E-09 -0.0097218000000000009 0.0 0.0 100e-9 
-1.9500000000000002 -0.70000000000000007 -1.8701E-09 -0.009818 0.0 0.0 100e-9 
-1.975 -0.70000000000000007 -2.0251E-09 -0.009918 0.0 0.0 100e-9 
-2 -0.70000000000000007 -2.2032E-09 -0.010004 0.0 0.0 100e-9 
-2 -0.70000000000000007 -2.21E-09 -0.009994 0.0 0.0 100e-9 
-1.975 -0.70000000000000007 -2.0265E-09 -0.0099208 0.0 0.0 100e-9 
-1.9500000000000002 -0.70000000000000007 -1.8746E-09 -0.0098056 0.0 0.0 100e-9 
-1.925 -0.70000000000000007 -1.707E-09 -0.0097188 0.0 0.0 100e-9 
-1.9000000000000001 -0.70000000000000007 -1.5886E-09 -0.0096352 0.0 0.0 100e-9 
-1.875 -0.70000000000000007 -1.4484E-09 -0.0095084 0.0 0.0 100e-9 
-1.85 -0.70000000000000007 -1.3331E-09 -0.0094248 0.0 0.0 100e-9 
-1.8250000000000002 -0.70000000000000007 -1.2434E-09 -0.0093018 0.0 0.0 100e-9 
-1.8 -0.70000000000000007 -1.1321E-09 -0.0092106 0.0 0.0 100e-9 
-1.7750000000000001 -0.70000000000000007 -1.0332E-09 -0.009059 0.0 0.0 100e-9 
-1.75 -0.70000000000000007 -9.4319000000000013E-10 -0.0089636 0.0 0.0 100e-9 
-1.725 -0.70000000000000007 -8.700600000000001E-10 -0.0088166 0.0 0.0 100e-9 
-1.7000000000000002 -0.70000000000000007 -7.9349E-10 -0.0086944 0.0 0.0 100e-9 
-1.675 -0.70000000000000007 -7.225E-10 -0.008565 0.0 0.0 100e-9 
-1.6500000000000001 -0.70000000000000007 -6.5579000000000007E-10 -0.008421 0.0 0.0 100e-9 
-1.625 -0.70000000000000007 -5.9709000000000005E-10 -0.0082838000000000009 0.0 0.0 100e-9 
-1.6 -0.70000000000000007 -5.4519000000000006E-10 -0.0081088 0.0 0.0 100e-9 
-1.5750000000000002 -0.70000000000000007 -4.9234000000000008E-10 -0.0079778 0.0 0.0 100e-9 
-1.55 -0.70000000000000007 -4.5083000000000003E-10 -0.0077766 0.0 0.0 100e-9 
-1.5250000000000001 -0.70000000000000007 -4.1041000000000003E-10 -0.007631 0.0 0.0 100e-9 
-1.5 -0.70000000000000007 -3.7067E-10 -0.0074592 0.0 0.0 100e-9 
-1.475 -0.70000000000000007 -3.3925000000000004E-10 -0.0072632 0.0 0.0 100e-9 
-1.4500000000000002 -0.70000000000000007 -3.0166E-10 -0.0070810000000000005 0.0 0.0 100e-9 
-1.425 -0.70000000000000007 -2.751E-10 -0.0068908 0.0 0.0 100e-9 
-1.4000000000000001 -0.70000000000000007 -2.5213000000000004E-10 -0.0066766 0.0 0.0 100e-9 
-1.375 -0.70000000000000007 -2.2744000000000002E-10 -0.0064782 0.0 0.0 100e-9 
-1.35 -0.70000000000000007 -2.0593E-10 -0.0062528 0.0 0.0 100e-9 
-1.325 -0.70000000000000007 -1.8342000000000002E-10 -0.0060426 0.0 0.0 100e-9 
-1.3 -0.70000000000000007 -1.6628000000000002E-10 -0.005802 0.0 0.0 100e-9 
-1.2750000000000001 -0.70000000000000007 -1.4925E-10 -0.0055834000000000005 0.0 0.0 100e-9 
-1.25 -0.70000000000000007 -1.3591E-10 -0.0053432 0.0 0.0 100e-9 
-1.225 -0.70000000000000007 -1.2487E-10 -0.005099 0.0 0.0 100e-9 
-1.2 -0.70000000000000007 -1.1292000000000001E-10 -0.0048604 0.0 0.0 100e-9 
-1.175 -0.70000000000000007 -1.0027E-10 -0.0046170000000000004 0.0 0.0 100e-9 
-1.1500000000000001 -0.70000000000000007 -9.145E-11 -0.0043674000000000004 0.0 0.0 100e-9 
-1.125 -0.70000000000000007 -8.347000000000001E-11 -0.0041256 0.0 0.0 100e-9 
-1.1 -0.70000000000000007 -7.8290000000000008E-11 -0.0038736 0.0 0.0 100e-9 
-1.075 -0.70000000000000007 -7.163E-11 -0.0036284 0.0 0.0 100e-9 
-1.05 -0.70000000000000007 -6.5960000000000011E-11 -0.003376 0.0 0.0 100e-9 
-1.0250000000000001 -0.70000000000000007 -6.043E-11 -0.0031268 0.0 0.0 100e-9 
-1 -0.70000000000000007 -5.4560000000000003E-11 -0.0028902 0.0 0.0 100e-9 
-0.97500000000000009 -0.70000000000000007 -4.996E-11 -0.0026532 0.0 0.0 100e-9 
-0.95000000000000007 -0.70000000000000007 -4.6350000000000007E-11 -0.0024158 0.0 0.0 100e-9 
-0.925 -0.70000000000000007 -4.378E-11 -0.002187 0.0 0.0 100e-9 
-0.9 -0.70000000000000007 -4.021E-11 -0.0019646 0.0 0.0 100e-9 
-0.875 -0.70000000000000007 -3.5490000000000005E-11 -0.001748 0.0 0.0 100e-9 
-0.85000000000000009 -0.70000000000000007 -3.1300000000000004E-11 -0.0015318 0.0 0.0 100e-9 
-0.82500000000000007 -0.70000000000000007 -2.6340000000000003E-11 -0.001338 0.0 0.0 100e-9 
-0.8 -0.70000000000000007 -2.396E-11 -0.0011486 0.0 0.0 100e-9 
-0.775 -0.70000000000000007 -2.303E-11 -0.00096788000000000006 0.0 0.0 100e-9 
-0.75 -0.70000000000000007 -1.957E-11 -0.0007965 0.0 0.0 100e-9 
-0.72500000000000009 -0.70000000000000007 -1.693E-11 -0.00064100000000000008 0.0 0.0 100e-9 
-0.70000000000000007 -0.70000000000000007 -1.513E-11 -0.00050306 0.0 0.0 100e-9 
-0.675 -0.70000000000000007 -1.466E-11 -0.00037904000000000003 0.0 0.0 100e-9 
-0.65 -0.70000000000000007 -1.1940000000000001E-11 -0.00027256000000000003 0.0 0.0 100e-9 
-0.625 -0.70000000000000007 -8.16E-12 -0.00018748000000000001 0.0 0.0 100e-9 
-0.6 -0.70000000000000007 -6.0600000000000004E-12 -0.00012028000000000001 0.0 0.0 100e-9 
-0.57500000000000007 -0.70000000000000007 -5.1100000000000006E-12 -7.2484E-05 0.0 0.0 100e-9 
-0.55 -0.70000000000000007 -5.74E-12 -3.9880000000000004E-05 0.0 0.0 100e-9 
-0.525 -0.70000000000000007 -2.7100000000000004E-12 -2.0462E-05 0.0 0.0 100e-9 
-0.5 -0.70000000000000007 -1.1000000000000002E-12 -9.8010000000000015E-06 0.0 0.0 100e-9 
-0.47500000000000003 -0.70000000000000007 -4.26E-12 -4.4149000000000007E-06 0.0 0.0 100e-9 
-0.45 -0.70000000000000007 -1.73E-12 -1.8519000000000002E-06 0.0 0.0 100e-9 
-0.42500000000000004 -0.70000000000000007 3.9000000000000005E-13 -7.7352E-07 0.0 0.0 100e-9 
-0.4 -0.70000000000000007 -1.93E-12 -3.1472E-07 0.0 0.0 100e-9 
-0.375 -0.70000000000000007 -2.13E-12 -1.3162E-07 0.0 0.0 100e-9 
-0.35000000000000003 -0.70000000000000007 -1.6200000000000002E-12 -5.1911199999999992E-08 0.0 0.0 100e-9 
-0.325 -0.70000000000000007 7.6000000000000009E-13 -2.0645799999999998E-08 0.0 0.0 100e-9 
-0.3 -0.70000000000000007 -1.18E-12 -9.0604E-09 0.0 0.0 100e-9 
-0.275 -0.70000000000000007 -1.26E-12 -3.2686E-09 0.0 0.0 100e-9 
-0.25 -0.70000000000000007 -3.1000000000000004E-13 -1.3004E-09 0.0 0.0 100e-9 
-0.225 -0.70000000000000007 1.2400000000000002E-12 -5.3194E-10 0.0 0.0 100e-9 
-0.2 -0.70000000000000007 2.0000000000000003E-14 -2.0535000000000002E-10 0.0 0.0 100e-9 
-0.17500000000000002 -0.70000000000000007 -2.2000000000000002E-13 -8.039E-11 0.0 0.0 100e-9 
-0.15 -0.70000000000000007 2.28E-12 -4.1710000000000004E-11 0.0 0.0 100e-9 
-0.125 -0.70000000000000007 2.4000000000000004E-13 -1.444E-11 0.0 0.0 100e-9 
-0.1 -0.70000000000000007 4.92E-12 -6.8800000000000006E-12 0.0 0.0 100e-9 
-0.075 -0.70000000000000007 9.7000000000000011E-13 -4.16E-12 0.0 0.0 100e-9 
-0.05 -0.70000000000000007 1.5700000000000002E-12 -2.9600000000000003E-12 0.0 0.0 100e-9 
-0.025 -0.70000000000000007 1.7700000000000001E-12 -1.1000000000000002E-12 0.0 0.0 100e-9 
0 -0.70000000000000007 2.8E-12 -1.9200000000000003E-12 0.0 0.0 100e-9 
0.025 -0.70000000000000007 5.85E-12 -3.8400000000000006E-12 0.0 0.0 100e-9 
0.05 -0.70000000000000007 2.6600000000000004E-12 -2.5600000000000004E-12 0.0 0.0 100e-9 
0.075 -0.70000000000000007 2.5800000000000003E-12 -3.6800000000000005E-12 0.0 0.0 100e-9 
0.1 -0.70000000000000007 2.41E-12 -2.29E-12 0.0 0.0 100e-9 
0.125 -0.70000000000000007 4.7600000000000007E-12 -3.76E-12 0.0 0.0 100e-9 
0.15 -0.70000000000000007 5.55E-12 -5.07E-12 0.0 0.0 100e-9 
0.17500000000000002 -0.70000000000000007 6.1E-12 -5.3000000000000004E-12 0.0 0.0 100e-9 
0.2 -0.70000000000000007 4.0500000000000007E-12 -8.56E-12 0.0 0.0 100e-9 
0.225 -0.70000000000000007 4.88E-12 -5.99E-12 0.0 0.0 100e-9 
0.25 -0.70000000000000007 8.780000000000001E-12 -9.75E-12 0.0 0.0 100e-9 
0.275 -0.70000000000000007 7.26E-12 -9.44E-12 0.0 0.0 100e-9 
0.3 -0.70000000000000007 1.302E-11 -1.2060000000000002E-11 0.0 0.0 100e-9 
0.325 -0.70000000000000007 9.5900000000000009E-12 -1.4560000000000003E-11 0.0 0.0 100e-9 
0.35000000000000003 -0.70000000000000007 1.1540000000000001E-11 -1.2660000000000001E-11 0.0 0.0 100e-9 
0.375 -0.70000000000000007 1.5780000000000003E-11 -1.6870000000000002E-11 0.0 0.0 100e-9 
0.4 -0.70000000000000007 1.557E-11 -1.845E-11 0.0 0.0 100e-9 
0.42500000000000004 -0.70000000000000007 2.318E-11 -2.123E-11 0.0 0.0 100e-9 
0.45 -0.70000000000000007 2.1800000000000002E-11 -2.389E-11 0.0 0.0 100e-9 
0.47500000000000003 -0.70000000000000007 2.604E-11 -2.7720000000000002E-11 0.0 0.0 100e-9 
0.5 -0.70000000000000007 3.1370000000000004E-11 -3.165E-11 0.0 0.0 100e-9 
0.5 -0.95000000000000007 1.4885E-10 -2.3772000000000003E-10 0.0 0.0 100e-9 
0.47500000000000003 -0.95000000000000007 1.2869E-10 -2.0090000000000003E-10 0.0 0.0 100e-9 
0.45 -0.95000000000000007 1.0645E-10 -1.7284000000000002E-10 0.0 0.0 100e-9 
0.42500000000000004 -0.95000000000000007 8.638E-11 -1.4259000000000002E-10 0.0 0.0 100e-9 
0.4 -0.95000000000000007 7.096E-11 -1.1894E-10 0.0 0.0 100e-9 
0.375 -0.95000000000000007 5.972E-11 -9.6840000000000011E-11 0.0 0.0 100e-9 
0.35000000000000003 -0.95000000000000007 5.1580000000000004E-11 -8.241E-11 0.0 0.0 100e-9 
0.325 -0.95000000000000007 4.1490000000000004E-11 -7.2770000000000011E-11 0.0 0.0 100e-9 
0.3 -0.95000000000000007 3.499E-11 -5.8790000000000011E-11 0.0 0.0 100e-9 
0.275 -0.95000000000000007 2.7160000000000003E-11 -4.844E-11 0.0 0.0 100e-9 
0.25 -0.95000000000000007 2.3520000000000003E-11 -4.207E-11 0.0 0.0 100e-9 
0.225 -0.95000000000000007 1.9980000000000002E-11 -3.508E-11 0.0 0.0 100e-9 
0.2 -0.95000000000000007 1.8760000000000002E-11 -3.122E-11 0.0 0.0 100e-9 
0.17500000000000002 -0.95000000000000007 1.482E-11 -2.958E-11 0.0 0.0 100e-9 
0.15 -0.95000000000000007 1.228E-11 -2.2730000000000002E-11 0.0 0.0 100e-9 
0.125 -0.95000000000000007 1.099E-11 -2.28E-11 0.0 0.0 100e-9 
0.1 -0.95000000000000007 9.8300000000000015E-12 -1.6380000000000003E-11 0.0 0.0 100e-9 
0.075 -0.95000000000000007 9.6200000000000014E-12 -1.617E-11 0.0 0.0 100e-9 
0.05 -0.95000000000000007 7.8800000000000012E-12 -1.5830000000000002E-11 0.0 0.0 100e-9 
0.025 -0.95000000000000007 9.54E-12 -1.3700000000000002E-11 0.0 0.0 100e-9 
0 -0.95000000000000007 5.18E-12 -1.025E-11 0.0 0.0 100e-9 
-0.025 -0.95000000000000007 4.13E-12 -1.0820000000000001E-11 0.0 0.0 100e-9 
-0.05 -0.95000000000000007 3.3100000000000002E-12 -8.43E-12 0.0 0.0 100e-9 
-0.075 -0.95000000000000007 4.6100000000000008E-12 -1.0640000000000002E-11 0.0 0.0 100e-9 
-0.1 -0.95000000000000007 3.6800000000000005E-12 -1.3860000000000001E-11 0.0 0.0 100e-9 
-0.125 -0.95000000000000007 4.7000000000000006E-12 -2.0860000000000003E-11 0.0 0.0 100e-9 
-0.15 -0.95000000000000007 1.26E-12 -4.5970000000000004E-11 0.0 0.0 100e-9 
-0.17500000000000002 -0.95000000000000007 3.9000000000000005E-13 -9.807E-11 0.0 0.0 100e-9 
-0.2 -0.95000000000000007 3.13E-12 -3.0215000000000004E-10 0.0 0.0 100e-9 
-0.225 -0.95000000000000007 6.1E-13 -6.098E-10 0.0 0.0 100e-9 
-0.25 -0.95000000000000007 1.4870000000000003E-11 -1.5591E-09 0.0 0.0 100e-9 
-0.275 -0.95000000000000007 3.6400000000000006E-12 -3.9105E-09 0.0 0.0 100e-9 
-0.3 -0.95000000000000007 4.41E-12 -9.7843999999999986E-09 0.0 0.0 100e-9 
-0.325 -0.95000000000000007 0 -2.4346E-08 0.0 0.0 100e-9 
-0.35000000000000003 -0.95000000000000007 4.52E-12 -6.0499999999999992E-08 0.0 0.0 100e-9 
-0.375 -0.95000000000000007 -1.04E-12 -1.5424E-07 0.0 0.0 100e-9 
-0.4 -0.95000000000000007 -1.9E-12 -3.7379999999999997E-07 0.0 0.0 100e-9 
-0.42500000000000004 -0.95000000000000007 -2.2200000000000002E-12 -9.117E-07 0.0 0.0 100e-9 
-0.45 -0.95000000000000007 5.2740000000000003E-11 -2.2401000000000004E-06 0.0 0.0 100e-9 
-0.47500000000000003 -0.95000000000000007 -2.31E-12 -5.1922000000000009E-06 0.0 0.0 100e-9 
-0.5 -0.95000000000000007 -2.74E-12 -1.1374E-05 0.0 0.0 100e-9 
-0.525 -0.95000000000000007 -3.38E-12 -2.4012E-05 0.0 0.0 100e-9 
-0.55 -0.95000000000000007 -6.1300000000000007E-12 -4.627E-05 0.0 0.0 100e-9 
-0.57500000000000007 -0.95000000000000007 -8.070000000000001E-12 -8.2332E-05 0.0 0.0 100e-9 
-0.6 -0.95000000000000007 -7.1500000000000008E-12 -0.00013568 0.0 0.0 100e-9 
-0.625 -0.95000000000000007 -9.74E-12 -0.00020958 0.0 0.0 100e-9 
-0.65 -0.95000000000000007 -1.098E-11 -0.0003018 0.0 0.0 100e-9 
-0.675 -0.95000000000000007 -1.291E-11 -0.00041450000000000005 0.0 0.0 100e-9 
-0.70000000000000007 -0.95000000000000007 -1.622E-11 -0.00054512000000000007 0.0 0.0 100e-9 
-0.72500000000000009 -0.95000000000000007 -1.7910000000000003E-11 -0.00069364 0.0 0.0 100e-9 
-0.75 -0.95000000000000007 -1.87E-11 -0.00085452000000000011 0.0 0.0 100e-9 
-0.775 -0.95000000000000007 -1.9800000000000002E-11 -0.00103436 0.0 0.0 100e-9 
-0.8 -0.95000000000000007 -2.4540000000000003E-11 -0.001222 0.0 0.0 100e-9 
-0.82500000000000007 -0.95000000000000007 -2.626E-11 -0.0014202 0.0 0.0 100e-9 
-0.85000000000000009 -0.95000000000000007 -2.711E-11 -0.0016336 0.0 0.0 100e-9 
-0.875 -0.95000000000000007 -2.9700000000000005E-11 -0.0018448 0.0 0.0 100e-9 
-0.9 -0.95000000000000007 -3.2070000000000005E-11 -0.002079 0.0 0.0 100e-9 
-0.925 -0.95000000000000007 -3.533E-11 -0.0023096 0.0 0.0 100e-9 
-0.95000000000000007 -0.95000000000000007 -4.0080000000000005E-11 -0.002551 0.0 0.0 100e-9 
-0.97500000000000009 -0.95000000000000007 -4.2000000000000004E-11 -0.0027892 0.0 0.0 100e-9 
-1 -0.95000000000000007 -4.4990000000000004E-11 -0.0030364 0.0 0.0 100e-9 
-1.0250000000000001 -0.95000000000000007 -5.0210000000000007E-11 -0.0032858 0.0 0.0 100e-9 
-1.05 -0.95000000000000007 -5.5950000000000005E-11 -0.003546 0.0 0.0 100e-9 
-1.075 -0.95000000000000007 -6.302E-11 -0.0037976 0.0 0.0 100e-9 
-1.1 -0.95000000000000007 -6.9350000000000011E-11 -0.0040656 0.0 0.0 100e-9 
-1.125 -0.95000000000000007 -7.67E-11 -0.0043144 0.0 0.0 100e-9 
-1.1500000000000001 -0.95000000000000007 -8.4550000000000008E-11 -0.0045832 0.0 0.0 100e-9 
-1.175 -0.95000000000000007 -9.1610000000000007E-11 -0.004847 0.0 0.0 100e-9 
-1.2 -0.95000000000000007 -1.0115000000000001E-10 -0.005108 0.0 0.0 100e-9 
-1.225 -0.95000000000000007 -1.1129000000000001E-10 -0.0053656 0.0 0.0 100e-9 
-1.25 -0.95000000000000007 -1.2183E-10 -0.0056386 0.0 0.0 100e-9 
-1.2750000000000001 -0.95000000000000007 -1.3202E-10 -0.0058920000000000005 0.0 0.0 100e-9 
-1.3 -0.95000000000000007 -1.4651000000000002E-10 -0.0061514000000000004 0.0 0.0 100e-9 
-1.325 -0.95000000000000007 -1.6096E-10 -0.0064274 0.0 0.0 100e-9 
-1.35 -0.95000000000000007 -1.8008000000000001E-10 -0.0066534 0.0 0.0 100e-9 
-1.375 -0.95000000000000007 -1.9571000000000002E-10 -0.0069358 0.0 0.0 100e-9 
-1.4000000000000001 -0.95000000000000007 -2.1398000000000002E-10 -0.0071638000000000005 0.0 0.0 100e-9 
-1.425 -0.95000000000000007 -2.3540000000000003E-10 -0.0074072 0.0 0.0 100e-9 
-1.4500000000000002 -0.95000000000000007 -2.5608E-10 -0.0076702 0.0 0.0 100e-9 
-1.475 -0.95000000000000007 -2.8372000000000003E-10 -0.0079042 0.0 0.0 100e-9 
-1.5 -0.95000000000000007 -3.0696000000000004E-10 -0.008148 0.0 0.0 100e-9 
-1.5250000000000001 -0.95000000000000007 -3.4162E-10 -0.008382 0.0 0.0 100e-9 
-1.55 -0.95000000000000007 -3.7277000000000005E-10 -0.0085944 0.0 0.0 100e-9 
-1.5750000000000002 -0.95000000000000007 -4.0189000000000005E-10 -0.0088318 0.0 0.0 100e-9 
-1.6 -0.95000000000000007 -4.4139E-10 -0.0090284 0.0 0.0 100e-9 
-1.625 -0.95000000000000007 -4.7859E-10 -0.0092512 0.0 0.0 100e-9 
-1.6500000000000001 -0.95000000000000007 -5.2602E-10 -0.0094472 0.0 0.0 100e-9 
-1.675 -0.95000000000000007 -5.7677000000000007E-10 -0.0096782 0.0 0.0 100e-9 
-1.7000000000000002 -0.95000000000000007 -6.278300000000001E-10 -0.0098684 0.0 0.0 100e-9 
-1.725 -0.95000000000000007 -6.8165E-10 -0.0100292 0.0 0.0 100e-9 
-1.75 -0.95000000000000007 -7.3011000000000008E-10 -0.0102398 0.0 0.0 100e-9 
-1.7750000000000001 -0.95000000000000007 -8.0331000000000009E-10 -0.0103954 0.0 0.0 100e-9 
-1.8 -0.95000000000000007 -8.5869000000000006E-10 -0.0105814 0.0 0.0 100e-9 
-1.8250000000000002 -0.95000000000000007 -9.3544E-10 -0.0107344 0.0 0.0 100e-9 
-1.85 -0.95000000000000007 -1.00921E-09 -0.0109206 0.0 0.0 100e-9 
-1.875 -0.95000000000000007 -1.10394E-09 -0.0110684 0.0 0.0 100e-9 
-1.9000000000000001 -0.95000000000000007 -1.1974E-09 -0.0112154 0.0 0.0 100e-9 
-1.925 -0.95000000000000007 -1.29E-09 -0.0113806 0.0 0.0 100e-9 
-1.9500000000000002 -0.95000000000000007 -1.3918E-09 -0.011516 0.0 0.0 100e-9 
-1.975 -0.95000000000000007 -1.4999E-09 -0.011692000000000001 0.0 0.0 100e-9 
-2 -0.95000000000000007 -1.6315E-09 -0.011804 0.0 0.0 100e-9 
-2 -0.95000000000000007 -1.6153E-09 -0.011822000000000001 0.0 0.0 100e-9 
-1.975 -0.95000000000000007 -1.5175E-09 -0.011686 0.0 0.0 100e-9 
-1.9500000000000002 -0.95000000000000007 -1.3994E-09 -0.011542 0.0 0.0 100e-9 
-1.925 -0.95000000000000007 -1.2944E-09 -0.011394000000000001 0.0 0.0 100e-9 
-1.9000000000000001 -0.95000000000000007 -1.1941E-09 -0.011224000000000001 0.0 0.0 100e-9 
-1.875 -0.95000000000000007 -1.1009E-09 -0.011062 0.0 0.0 100e-9 
-1.85 -0.95000000000000007 -1.012E-09 -0.010896000000000001 0.0 0.0 100e-9 
-1.8250000000000002 -0.95000000000000007 -9.4097000000000011E-10 -0.010716000000000002 0.0 0.0 100e-9 
-1.8 -0.95000000000000007 -8.667E-10 -0.010566 0.0 0.0 100e-9 
-1.7750000000000001 -0.95000000000000007 -8.0149000000000009E-10 -0.010372000000000001 0.0 0.0 100e-9 
-1.75 -0.95000000000000007 -7.3372E-10 -0.010194000000000002 0.0 0.0 100e-9 
-1.725 -0.95000000000000007 -6.826000000000001E-10 -0.0099894 0.0 0.0 100e-9 
-1.7000000000000002 -0.95000000000000007 -6.2120000000000009E-10 -0.0097834 0.0 0.0 100e-9 
-1.675 -0.95000000000000007 -5.728200000000001E-10 -0.0095964 0.0 0.0 100e-9 
-1.6500000000000001 -0.95000000000000007 -5.2204000000000009E-10 -0.009425 0.0 0.0 100e-9 
-1.625 -0.95000000000000007 -4.8670000000000009E-10 -0.0091986 0.0 0.0 100e-9 
-1.6 -0.95000000000000007 -4.4486000000000005E-10 -0.0089684 0.0 0.0 100e-9 
-1.5750000000000002 -0.95000000000000007 -4.0495000000000003E-10 -0.0087776 0.0 0.0 100e-9 
-1.55 -0.95000000000000007 -3.7377000000000004E-10 -0.008523600000000001 0.0 0.0 100e-9 
-1.5250000000000001 -0.95000000000000007 -3.3592E-10 -0.0083228 0.0 0.0 100e-9 
-1.5 -0.95000000000000007 -3.115E-10 -0.0080696 0.0 0.0 100e-9 
-1.475 -0.95000000000000007 -2.8304000000000004E-10 -0.0078474000000000009 0.0 0.0 100e-9 
-1.4500000000000002 -0.95000000000000007 -2.5773E-10 -0.0075838 0.0 0.0 100e-9 
-1.425 -0.95000000000000007 -2.3157E-10 -0.0073652000000000006 0.0 0.0 100e-9 
-1.4000000000000001 -0.95000000000000007 -2.1430000000000003E-10 -0.0071068 0.0 0.0 100e-9 
-1.375 -0.95000000000000007 -1.9613000000000003E-10 -0.0068626 0.0 0.0 100e-9 
-1.35 -0.95000000000000007 -1.7881000000000003E-10 -0.0066040000000000005 0.0 0.0 100e-9 
-1.325 -0.95000000000000007 -1.6252000000000002E-10 -0.0063308 0.0 0.0 100e-9 
-1.3 -0.95000000000000007 -1.4447000000000002E-10 -0.0060892 0.0 0.0 100e-9 
-1.2750000000000001 -0.95000000000000007 -1.3035000000000002E-10 -0.005822 0.0 0.0 100e-9 
-1.25 -0.95000000000000007 -1.1883000000000002E-10 -0.0055646 0.0 0.0 100e-9 
-1.225 -0.95000000000000007 -1.0876000000000001E-10 -0.0053022 0.0 0.0 100e-9 
-1.2 -0.95000000000000007 -1.0082000000000001E-10 -0.0050352 0.0 0.0 100e-9 
-1.175 -0.95000000000000007 -9.1220000000000009E-11 -0.004785 0.0 0.0 100e-9 
-1.1500000000000001 -0.95000000000000007 -8.4410000000000009E-11 -0.0045130000000000005 0.0 0.0 100e-9 
-1.125 -0.95000000000000007 -7.645E-11 -0.0042506 0.0 0.0 100e-9 
-1.1 -0.95000000000000007 -6.8670000000000007E-11 -0.003995 0.0 0.0 100e-9 
-1.075 -0.95000000000000007 -6.344E-11 -0.0037368 0.0 0.0 100e-9 
-1.05 -0.95000000000000007 -5.906E-11 -0.003486 0.0 0.0 100e-9 
-1.0250000000000001 -0.95000000000000007 -5.4390000000000006E-11 -0.0032316000000000003 0.0 0.0 100e-9 
-1 -0.95000000000000007 -4.96E-11 -0.0029818 0.0 0.0 100e-9 
-0.97500000000000009 -0.95000000000000007 -4.439E-11 -0.0027334 0.0 0.0 100e-9 
-0.95000000000000007 -0.95000000000000007 -3.984E-11 -0.0024834 0.0 0.0 100e-9 
-0.925 -0.95000000000000007 -3.616E-11 -0.0022586 0.0 0.0 100e-9 
-0.9 -0.95000000000000007 -3.285E-11 -0.0020308 0.0 0.0 100e-9 
-0.875 -0.95000000000000007 -3.078E-11 -0.0018068000000000001 0.0 0.0 100e-9 
-0.85000000000000009 -0.95000000000000007 -2.8410000000000002E-11 -0.0015904 0.0 0.0 100e-9 
-0.82500000000000007 -0.95000000000000007 -2.5450000000000003E-11 -0.0013804 0.0 0.0 100e-9 
-0.8 -0.95000000000000007 -2.0970000000000003E-11 -0.0011858 0.0 0.0 100e-9 
-0.775 -0.95000000000000007 -1.9510000000000002E-11 -0.001002 0.0 0.0 100e-9 
-0.75 -0.95000000000000007 -1.8290000000000002E-11 -0.0008279 0.0 0.0 100e-9 
-0.72500000000000009 -0.95000000000000007 -1.513E-11 -0.00066584 0.0 0.0 100e-9 
-0.70000000000000007 -0.95000000000000007 -1.201E-11 -0.0005214 0.0 0.0 100e-9 
-0.675 -0.95000000000000007 -1.0310000000000001E-11 -0.00039574 0.0 0.0 100e-9 
-0.65 -0.95000000000000007 -1.057E-11 -0.00028622 0.0 0.0 100e-9 
-0.625 -0.95000000000000007 -9.45E-12 -0.00019812 0.0 0.0 100e-9 
-0.6 -0.95000000000000007 -8.51E-12 -0.00012888 0.0 0.0 100e-9 
-0.57500000000000007 -0.95000000000000007 -7.71E-12 -7.7916E-05 0.0 0.0 100e-9 
-0.55 -0.95000000000000007 -1.95E-12 -4.3504E-05 0.0 0.0 100e-9 
-0.525 -0.95000000000000007 -1.4400000000000001E-12 -2.2368E-05 0.0 0.0 100e-9 
-0.5 -0.95000000000000007 -1.8000000000000002E-12 -1.0706E-05 0.0 0.0 100e-9 
-0.47500000000000003 -0.95000000000000007 -2.6100000000000004E-12 -4.8537000000000006E-06 0.0 0.0 100e-9 
-0.45 -0.95000000000000007 1.23E-12 -2.0874E-06 0.0 0.0 100e-9 
-0.42500000000000004 -0.95000000000000007 2.5E-13 -8.8065999999999995E-07 0.0 0.0 100e-9 
-0.4 -0.95000000000000007 -2.24E-12 -3.5538E-07 0.0 0.0 100e-9 
-0.375 -0.95000000000000007 -4E-13 -1.4431999999999999E-07 0.0 0.0 100e-9 
-0.35000000000000003 -0.95000000000000007 1.2000000000000002E-13 -5.8129599999999997E-08 0.0 0.0 100e-9 
-0.325 -0.95000000000000007 5.1E-13 -2.3167399999999997E-08 0.0 0.0 100e-9 
-0.3 -0.95000000000000007 8.0000000000000013E-14 -9.5499E-09 0.0 0.0 100e-9 
-0.275 -0.95000000000000007 4.37E-12 -3.8311E-09 0.0 0.0 100e-9 
-0.25 -0.95000000000000007 1.04E-12 -1.521E-09 0.0 0.0 100e-9 
-0.225 -0.95000000000000007 3.48E-12 -5.8780000000000008E-10 0.0 0.0 100e-9 
-0.2 -0.95000000000000007 5.9E-13 -2.938E-10 0.0 0.0 100e-9 
-0.17500000000000002 -0.95000000000000007 6.04E-12 -9.815E-11 0.0 0.0 100e-9 
-0.15 -0.95000000000000007 2.95E-12 -4.174E-11 0.0 0.0 100e-9 
-0.125 -0.95000000000000007 3.2E-12 -2.0570000000000003E-11 0.0 0.0 100e-9 
-0.1 -0.95000000000000007 3.25E-12 -1.057E-11 0.0 0.0 100e-9 
-0.075 -0.95000000000000007 4.8600000000000007E-12 -9.5900000000000009E-12 0.0 0.0 100e-9 
-0.05 -0.95000000000000007 6.1600000000000004E-12 -8.780000000000001E-12 0.0 0.0 100e-9 
-0.025 -0.95000000000000007 7.02E-12 -1.0300000000000001E-11 0.0 0.0 100e-9 
0 -0.95000000000000007 5.14E-12 -1.1540000000000001E-11 0.0 0.0 100e-9 
0.025 -0.95000000000000007 5.49E-12 -9.86E-12 0.0 0.0 100e-9 
0.05 -0.95000000000000007 9.07E-12 -1.4460000000000001E-11 0.0 0.0 100e-9 
0.075 -0.95000000000000007 7.82E-12 -1.3870000000000001E-11 0.0 0.0 100e-9 
0.1 -0.95000000000000007 1.33E-11 -1.8360000000000002E-11 0.0 0.0 100e-9 
0.125 -0.95000000000000007 1.038E-11 -2.058E-11 0.0 0.0 100e-9 
0.15 -0.95000000000000007 1.289E-11 -2.1600000000000002E-11 0.0 0.0 100e-9 
0.17500000000000002 -0.95000000000000007 1.599E-11 -2.629E-11 0.0 0.0 100e-9 
0.2 -0.95000000000000007 1.7000000000000003E-11 -2.697E-11 0.0 0.0 100e-9 
0.225 -0.95000000000000007 2.416E-11 -3.517E-11 0.0 0.0 100e-9 
0.25 -0.95000000000000007 2.467E-11 -4.089E-11 0.0 0.0 100e-9 
0.275 -0.95000000000000007 2.8540000000000002E-11 -4.6560000000000005E-11 0.0 0.0 100e-9 
0.3 -0.95000000000000007 3.295E-11 -5.099E-11 0.0 0.0 100e-9 
0.325 -0.95000000000000007 4.224E-11 -6.042000000000001E-11 0.0 0.0 100e-9 
0.35000000000000003 -0.95000000000000007 5.1030000000000004E-11 -8.030000000000001E-11 0.0 0.0 100e-9 
0.375 -0.95000000000000007 6.25E-11 -9.603E-11 0.0 0.0 100e-9 
0.4 -0.95000000000000007 7.2610000000000008E-11 -1.1600000000000001E-10 0.0 0.0 100e-9 
0.42500000000000004 -0.95000000000000007 8.663E-11 -1.3614E-10 0.0 0.0 100e-9 
0.45 -0.95000000000000007 1.0574000000000001E-10 -1.6483000000000001E-10 0.0 0.0 100e-9 
0.47500000000000003 -0.95000000000000007 1.2412E-10 -1.9037E-10 0.0 0.0 100e-9 
0.5 -0.95000000000000007 1.5204E-10 -2.2719000000000002E-10 0.0 0.0 100e-9 
0.5 -0.3 5.4000000000000004E-12 -5.3000000000000004E-12 0.0 0.0 100e-9 
0.47500000000000003 -0.3 3.43E-12 -4.07E-12 0.0 0.0 100e-9 
0.45 -0.3 1.7100000000000002E-12 -3.7400000000000006E-12 0.0 0.0 100e-9 
0.42500000000000004 -0.3 8.1000000000000008E-13 -2.5500000000000002E-12 0.0 0.0 100e-9 
0.4 -0.3 3.2600000000000002E-12 -4.51E-12 0.0 0.0 100e-9 
0.375 -0.3 2.9600000000000003E-12 -9.4E-13 0.0 0.0 100e-9 
0.35000000000000003 -0.3 2.1200000000000003E-12 -2.67E-12 0.0 0.0 100e-9 
0.325 -0.3 3.05E-12 -3.9800000000000004E-12 0.0 0.0 100e-9 
0.3 -0.3 -7.6000000000000009E-13 -2.49E-12 0.0 0.0 100e-9 
0.275 -0.3 -5E-13 -7.2000000000000006E-13 0.0 0.0 100e-9 
0.25 -0.3 2.39E-12 -2.24E-12 0.0 0.0 100e-9 
0.225 -0.3 -6.5000000000000006E-13 3.0000000000000005E-14 0.0 0.0 100e-9 
0.2 -0.3 4.0900000000000005E-12 -3.4200000000000004E-12 0.0 0.0 100e-9 
0.17500000000000002 -0.3 -6.7000000000000007E-13 -1.09E-12 0.0 0.0 100e-9 
0.15 -0.3 9.0000000000000008E-14 0 0.0 0.0 100e-9 
0.125 -0.3 9.000000000000001E-13 -2.26E-12 0.0 0.0 100e-9 
0.1 -0.3 2.0000000000000003E-14 9.6000000000000015E-13 0.0 0.0 100e-9 
0.075 -0.3 3.1200000000000004E-12 -2.8800000000000002E-12 0.0 0.0 100e-9 
0.05 -0.3 -5.7E-13 -8.2E-13 0.0 0.0 100e-9 
0.025 -0.3 -4.6000000000000006E-13 2.0000000000000003E-14 0.0 0.0 100e-9 
0 -0.3 -7.2000000000000006E-13 -1.2900000000000002E-12 0.0 0.0 100e-9 
-0.025 -0.3 9.1000000000000016E-13 1.2000000000000001E-12 0.0 0.0 100e-9 
-0.05 -0.3 6.6E-13 -2.42E-12 0.0 0.0 100e-9 
-0.075 -0.3 5.9E-13 -3.18E-12 0.0 0.0 100e-9 
-0.1 -0.3 -2.1000000000000003E-12 -5.1000000000000005E-12 0.0 0.0 100e-9 
-0.125 -0.3 -2.0500000000000004E-12 -1.076E-11 0.0 0.0 100e-9 
-0.15 -0.3 1.1000000000000002E-12 -4.225E-11 0.0 0.0 100e-9 
-0.17500000000000002 -0.3 -1.9E-12 -7.3960000000000009E-11 0.0 0.0 100e-9 
-0.2 -0.3 2.7300000000000003E-12 -1.7510000000000002E-10 0.0 0.0 100e-9 
-0.225 -0.3 -1.78E-12 -4.3248000000000004E-10 0.0 0.0 100e-9 
-0.25 -0.3 -7.4E-12 -1.1224E-09 0.0 0.0 100e-9 
-0.275 -0.3 4.3000000000000004E-13 -3.312E-09 0.0 0.0 100e-9 
-0.3 -0.3 -2.3200000000000002E-12 -6.9494E-09 0.0 0.0 100e-9 
-0.325 -0.3 7.8600000000000008E-12 -1.8954599999999998E-08 0.0 0.0 100e-9 
-0.35000000000000003 -0.3 -2.72E-12 -4.6245999999999996E-08 0.0 0.0 100e-9 
-0.375 -0.3 8.8000000000000009E-13 -1.0942E-07 0.0 0.0 100e-9 
-0.4 -0.3 -1.45E-12 -2.7226E-07 0.0 0.0 100e-9 
-0.42500000000000004 -0.3 -2.9300000000000002E-12 -6.9056E-07 0.0 0.0 100e-9 
-0.45 -0.3 1.1520000000000001E-11 -1.6712000000000002E-06 0.0 0.0 100e-9 
-0.47500000000000003 -0.3 -3.8E-12 -3.8118000000000005E-06 0.0 0.0 100e-9 
-0.5 -0.3 -4.3400000000000005E-12 -8.7745E-06 0.0 0.0 100e-9 
-0.525 -0.3 -5.95E-12 -1.8402E-05 0.0 0.0 100e-9 
-0.55 -0.3 -5.9300000000000008E-12 -3.6432E-05 0.0 0.0 100e-9 
-0.57500000000000007 -0.3 -6.3200000000000005E-12 -6.6758E-05 0.0 0.0 100e-9 
-0.6 -0.3 -8.83E-12 -0.000112118 0.0 0.0 100e-9 
-0.625 -0.3 -1.167E-11 -0.0001751 0.0 0.0 100e-9 
-0.65 -0.3 -1.269E-11 -0.00025434000000000003 0.0 0.0 100e-9 
-0.675 -0.3 -1.541E-11 -0.00035402000000000003 0.0 0.0 100e-9 
-0.70000000000000007 -0.3 -1.8290000000000002E-11 -0.00046842000000000005 0.0 0.0 100e-9 
-0.72500000000000009 -0.3 -2.236E-11 -0.00059622000000000006 0.0 0.0 100e-9 
-0.75 -0.3 -2.7180000000000003E-11 -0.00073742 0.0 0.0 100e-9 
-0.775 -0.3 -2.908E-11 -0.00088924 0.0 0.0 100e-9 
-0.8 -0.3 -3.275E-11 -0.00104626 0.0 0.0 100e-9 
-0.82500000000000007 -0.3 -3.759E-11 -0.0012128 0.0 0.0 100e-9 
-0.85000000000000009 -0.3 -4.17E-11 -0.0013804 0.0 0.0 100e-9 
-0.875 -0.3 -4.509E-11 -0.0015554 0.0 0.0 100e-9 
-0.9 -0.3 -4.9210000000000004E-11 -0.0017238 0.0 0.0 100e-9 
-0.925 -0.3 -5.5150000000000005E-11 -0.0018906 0.0 0.0 100e-9 
-0.95000000000000007 -0.3 -6.101E-11 -0.0020618 0.0 0.0 100e-9 
-0.97500000000000009 -0.3 -6.836000000000001E-11 -0.0022118 0.0 0.0 100e-9 
-1 -0.3 -7.604E-11 -0.0023728 0.0 0.0 100e-9 
-1.0250000000000001 -0.3 -8.663E-11 -0.0025144 0.0 0.0 100e-9 
-1.05 -0.3 -9.49E-11 -0.0026564 0.0 0.0 100e-9 
-1.075 -0.3 -1.0445000000000001E-10 -0.0027928000000000002 0.0 0.0 100e-9 
-1.1 -0.3 -1.1887E-10 -0.0029156 0.0 0.0 100e-9 
-1.125 -0.3 -1.3337E-10 -0.0030478000000000002 0.0 0.0 100e-9 
-1.1500000000000001 -0.3 -1.5241000000000002E-10 -0.0031508 0.0 0.0 100e-9 
-1.175 -0.3 -1.7023000000000002E-10 -0.0032636 0.0 0.0 100e-9 
-1.2 -0.3 -1.9256E-10 -0.0033722 0.0 0.0 100e-9 
-1.225 -0.3 -2.1621000000000002E-10 -0.0034592 0.0 0.0 100e-9 
-1.25 -0.3 -2.3725000000000003E-10 -0.0035622 0.0 0.0 100e-9 
-1.2750000000000001 -0.3 -2.6864E-10 -0.0036408 0.0 0.0 100e-9 
-1.3 -0.3 -3.0067E-10 -0.0037252 0.0 0.0 100e-9 
-1.325 -0.3 -3.3917000000000003E-10 -0.0038038 0.0 0.0 100e-9 
-1.35 -0.3 -3.7599E-10 -0.0038868 0.0 0.0 100e-9 
-1.375 -0.3 -4.2377000000000003E-10 -0.0039494000000000005 0.0 0.0 100e-9 
-1.4000000000000001 -0.3 -4.7056000000000008E-10 -0.0040296 0.0 0.0 100e-9 
-1.425 -0.3 -5.3117E-10 -0.0040838 0.0 0.0 100e-9 
-1.4500000000000002 -0.3 -5.846200000000001E-10 -0.0041458 0.0 0.0 100e-9 
-1.475 -0.3 -6.3956E-10 -0.0042028000000000005 0.0 0.0 100e-9 
-1.5 -0.3 -7.2009E-10 -0.0042584 0.0 0.0 100e-9 
-1.5250000000000001 -0.3 -7.9780000000000008E-10 -0.0043186 0.0 0.0 100e-9 
-1.55 -0.3 -8.8349000000000012E-10 -0.0043712 0.0 0.0 100e-9 
-1.5750000000000002 -0.3 -9.8113000000000011E-10 -0.0044126 0.0 0.0 100e-9 
-1.6 -0.3 -1.08367E-09 -0.004469 0.0 0.0 100e-9 
-1.625 -0.3 -1.1827E-09 -0.0045132 0.0 0.0 100e-9 
-1.6500000000000001 -0.3 -1.3168E-09 -0.0045496 0.0 0.0 100e-9 
-1.675 -0.3 -1.4361E-09 -0.0045982 0.0 0.0 100e-9 
-1.7000000000000002 -0.3 -1.5582E-09 -0.0046286 0.0 0.0 100e-9 
-1.725 -0.3 -1.7259E-09 -0.0046706000000000004 0.0 0.0 100e-9 
-1.75 -0.3 -1.8733E-09 -0.0047102 0.0 0.0 100e-9 
-1.7750000000000001 -0.3 -2.0524E-09 -0.0047388000000000005 0.0 0.0 100e-9 
-1.8 -0.3 -2.2249E-09 -0.0047854 0.0 0.0 100e-9 
-1.8250000000000002 -0.3 -2.4352E-09 -0.0048088 0.0 0.0 100e-9 
-1.85 -0.3 -2.6476E-09 -0.0048452 0.0 0.0 100e-9 
-1.875 -0.3 -2.8675E-09 -0.0048784 0.0 0.0 100e-9 
-1.9000000000000001 -0.3 -3.1171E-09 -0.004902 0.0 0.0 100e-9 
-1.925 -0.3 -3.3731E-09 -0.0049384 0.0 0.0 100e-9 
-1.9500000000000002 -0.3 -3.6609E-09 -0.0049602 0.0 0.0 100e-9 
-1.975 -0.3 -3.9453E-09 -0.004992 0.0 0.0 100e-9 
-2 -0.3 -4.2675E-09 -0.0050116 0.0 0.0 100e-9 
-2 -0.3 -4.2398E-09 -0.0050098 0.0 0.0 100e-9 
-1.975 -0.3 -3.937E-09 -0.0049884000000000005 0.0 0.0 100e-9 
-1.9500000000000002 -0.3 -3.6578E-09 -0.0049554 0.0 0.0 100e-9 
-1.925 -0.3 -3.3594E-09 -0.0049298 0.0 0.0 100e-9 
-1.9000000000000001 -0.3 -3.1075E-09 -0.0048904000000000005 0.0 0.0 100e-9 
-1.875 -0.3 -2.8365E-09 -0.0048632 0.0 0.0 100e-9 
-1.85 -0.3 -2.6281E-09 -0.0048242 0.0 0.0 100e-9 
-1.8250000000000002 -0.3 -2.4252E-09 -0.0047922 0.0 0.0 100e-9 
-1.8 -0.3 -2.2293E-09 -0.0047638 0.0 0.0 100e-9 
-1.7750000000000001 -0.3 -2.0465E-09 -0.0047228 0.0 0.0 100e-9 
-1.75 -0.3 -1.8534E-09 -0.0046890000000000005 0.0 0.0 100e-9 
-1.725 -0.3 -1.7249E-09 -0.0046484000000000004 0.0 0.0 100e-9 
-1.7000000000000002 -0.3 -1.5682E-09 -0.0046096 0.0 0.0 100e-9 
-1.675 -0.3 -1.4394E-09 -0.0045694 0.0 0.0 100e-9 
-1.6500000000000001 -0.3 -1.3081E-09 -0.004522 0.0 0.0 100e-9 
-1.625 -0.3 -1.1976E-09 -0.0044862 0.0 0.0 100e-9 
-1.6 -0.3 -1.0899E-09 -0.0044316 0.0 0.0 100e-9 
-1.5750000000000002 -0.3 -9.8044E-10 -0.0043938 0.0 0.0 100e-9 
-1.55 -0.3 -8.947E-10 -0.0043322000000000005 0.0 0.0 100e-9 
-1.5250000000000001 -0.3 -7.9517000000000006E-10 -0.0042898 0.0 0.0 100e-9 
-1.5 -0.3 -7.3200000000000006E-10 -0.0042346 0.0 0.0 100e-9 
-1.475 -0.3 -6.5357E-10 -0.0041778 0.0 0.0 100e-9 
-1.4500000000000002 -0.3 -5.9148E-10 -0.0041204 0.0 0.0 100e-9 
-1.425 -0.3 -5.3345000000000006E-10 -0.0040472 0.0 0.0 100e-9 
-1.4000000000000001 -0.3 -4.7542E-10 -0.0039942 0.0 0.0 100e-9 
-1.375 -0.3 -4.2969000000000004E-10 -0.0039154 0.0 0.0 100e-9 
-1.35 -0.3 -3.8163E-10 -0.0038526000000000003 0.0 0.0 100e-9 
-1.325 -0.3 -3.4349E-10 -0.0037658 0.0 0.0 100e-9 
-1.3 -0.3 -3.0789E-10 -0.0036910000000000003 0.0 0.0 100e-9 
-1.2750000000000001 -0.3 -2.7452E-10 -0.0036094 0.0 0.0 100e-9 
-1.25 -0.3 -2.4302E-10 -0.0035216 0.0 0.0 100e-9 
-1.225 -0.3 -2.1898000000000003E-10 -0.0034244 0.0 0.0 100e-9 
-1.2 -0.3 -1.9722000000000002E-10 -0.0033226 0.0 0.0 100e-9 
-1.175 -0.3 -1.733E-10 -0.0032206 0.0 0.0 100e-9 
-1.1500000000000001 -0.3 -1.5503E-10 -0.0031006000000000002 0.0 0.0 100e-9 
-1.125 -0.3 -1.3798E-10 -0.0029952 0.0 0.0 100e-9 
-1.1 -0.3 -1.2398000000000002E-10 -0.002866 0.0 0.0 100e-9 
-1.075 -0.3 -1.107E-10 -0.002745 0.0 0.0 100e-9 
-1.05 -0.3 -1.0069E-10 -0.0026112 0.0 0.0 100e-9 
-1.0250000000000001 -0.3 -9.2190000000000007E-11 -0.0024674000000000002 0.0 0.0 100e-9 
-1 -0.3 -7.950000000000001E-11 -0.0023238 0.0 0.0 100e-9 
-0.97500000000000009 -0.3 -7.193E-11 -0.0021682 0.0 0.0 100e-9 
-0.95000000000000007 -0.3 -6.392000000000001E-11 -0.002009 0.0 0.0 100e-9 
-0.925 -0.3 -5.991E-11 -0.00185 0.0 0.0 100e-9 
-0.9 -0.3 -5.5340000000000006E-11 -0.001678 0.0 0.0 100e-9 
-0.875 -0.3 -4.6780000000000005E-11 -0.0015192 0.0 0.0 100e-9 
-0.85000000000000009 -0.3 -4.247E-11 -0.0013462 0.0 0.0 100e-9 
-0.82500000000000007 -0.3 -3.748E-11 -0.0011804 0.0 0.0 100e-9 
-0.8 -0.3 -3.211E-11 -0.0010192 0.0 0.0 100e-9 
-0.775 -0.3 -2.8270000000000003E-11 -0.0008622 0.0 0.0 100e-9 
-0.75 -0.3 -2.5970000000000002E-11 -0.00071266 0.0 0.0 100e-9 
-0.72500000000000009 -0.3 -2.2680000000000003E-11 -0.00057460000000000009 0.0 0.0 100e-9 
-0.70000000000000007 -0.3 -1.9400000000000002E-11 -0.00044916000000000004 0.0 0.0 100e-9 
-0.675 -0.3 -1.519E-11 -0.00033948 0.0 0.0 100e-9 
-0.65 -0.3 -1.2740000000000001E-11 -0.00024482000000000003 0.0 0.0 100e-9 
-0.625 -0.3 -1.1430000000000001E-11 -0.00016690000000000002 0.0 0.0 100e-9 
-0.6 -0.3 -8.92E-12 -0.00010638000000000001 0.0 0.0 100e-9 
-0.57500000000000007 -0.3 -6.65E-12 -6.2256000000000008E-05 0.0 0.0 100e-9 
-0.55 -0.3 -6.6900000000000008E-12 -3.4246000000000004E-05 0.0 0.0 100e-9 
-0.525 -0.3 -4.52E-12 -1.7542E-05 0.0 0.0 100e-9 
-0.5 -0.3 -3.13E-12 -8.2281E-06 0.0 0.0 100e-9 
-0.47500000000000003 -0.3 -4.6500000000000006E-12 -3.6019E-06 0.0 0.0 100e-9 
-0.45 -0.3 -2.4000000000000003E-12 -1.5437000000000001E-06 0.0 0.0 100e-9 
-0.42500000000000004 -0.3 -1.5300000000000001E-12 -6.2898E-07 0.0 0.0 100e-9 
-0.4 -0.3 9.000000000000001E-13 -2.618E-07 0.0 0.0 100e-9 
-0.375 -0.3 -1.1500000000000002E-12 -1.0554E-07 0.0 0.0 100e-9 
-0.35000000000000003 -0.3 -8.300000000000001E-13 -4.3864199999999993E-08 0.0 0.0 100e-9 
-0.325 -0.3 2.6E-13 -1.81588E-08 0.0 0.0 100e-9 
-0.3 -0.3 1.2800000000000002E-12 -6.7035E-09 0.0 0.0 100e-9 
-0.275 -0.3 -1.17E-12 -2.7367E-09 0.0 0.0 100e-9 
-0.25 -0.3 -1.74E-12 -1.0538E-09 0.0 0.0 100e-9 
-0.225 -0.3 4.3000000000000004E-13 -4.413E-10 0.0 0.0 100e-9 
-0.2 -0.3 -5.9E-13 -1.6298000000000002E-10 0.0 0.0 100e-9 
-0.17500000000000002 -0.3 1.3900000000000001E-12 -6.4580000000000011E-11 0.0 0.0 100e-9 
-0.15 -0.3 7.100000000000001E-13 -3.1590000000000004E-11 0.0 0.0 100e-9 
-0.125 -0.3 -1.7600000000000002E-12 -1.066E-11 0.0 0.0 100e-9 
-0.1 -0.3 3.0400000000000004E-12 -5.6600000000000005E-12 0.0 0.0 100e-9 
-0.075 -0.3 4.1E-13 -2.6E-13 0.0 0.0 100e-9 
-0.05 -0.3 5.5000000000000008E-13 -1.2000000000000001E-12 0.0 0.0 100e-9 
-0.025 -0.3 -8.2E-13 3.2000000000000005E-13 0.0 0.0 100e-9 
0 -0.3 5.3000000000000006E-13 2.6E-13 0.0 0.0 100e-9 
0.025 -0.3 1.0500000000000002E-12 -1.59E-12 0.0 0.0 100e-9 
0.05 -0.3 1.21E-12 -5E-14 0.0 0.0 100e-9 
0.075 -0.3 -1.7E-13 -8.1000000000000008E-13 0.0 0.0 100e-9 
0.1 -0.3 -8E-13 -5.1E-13 0.0 0.0 100e-9 
0.125 -0.3 2.06E-12 5.9E-13 0.0 0.0 100e-9 
0.15 -0.3 3.3E-13 -1.12E-12 0.0 0.0 100e-9 
0.17500000000000002 -0.3 2.92E-12 -2.9400000000000004E-12 0.0 0.0 100e-9 
0.2 -0.3 -2.0000000000000003E-14 -2.2700000000000002E-12 0.0 0.0 100e-9 
0.225 -0.3 -2.8E-13 -7.9000000000000007E-13 0.0 0.0 100e-9 
0.25 -0.3 2.41E-12 -1.3500000000000001E-12 0.0 0.0 100e-9 
0.275 -0.3 1.5300000000000001E-12 7.5E-13 0.0 0.0 100e-9 
0.3 -0.3 3.8400000000000006E-12 -2.3000000000000003E-12 0.0 0.0 100e-9 
0.325 -0.3 9.9E-13 -1.95E-12 0.0 0.0 100e-9 
0.35000000000000003 -0.3 1.74E-12 -1.8000000000000002E-12 0.0 0.0 100e-9 
0.375 -0.3 1.13E-12 -2.4300000000000003E-12 0.0 0.0 100e-9 
0.4 -0.3 3.9E-12 -2.52E-12 0.0 0.0 100e-9 
0.42500000000000004 -0.3 2.72E-12 -3.0000000000000003E-13 0.0 0.0 100e-9 
0.45 -0.3 5.14E-12 -4.06E-12 0.0 0.0 100e-9 
0.47500000000000003 -0.3 3.63E-12 -3.6900000000000006E-12 0.0 0.0 100e-9 
0.5 -0.3 2.8400000000000004E-12 -3.82E-12 0.0 0.0 100e-9 
0.5 -0.2 5.1000000000000005E-12 -2.8600000000000003E-12 0.0 0.0 100e-9 
0.47500000000000003 -0.2 2.29E-12 -1.2000000000000001E-12 0.0 0.0 100e-9 
0.45 -0.2 2.46E-12 -1.5200000000000002E-12 0.0 0.0 100e-9 
0.42500000000000004 -0.2 2.6000000000000002E-12 -2.34E-12 0.0 0.0 100e-9 
0.4 -0.2 2.46E-12 -1.7000000000000002E-12 0.0 0.0 100e-9 
0.375 -0.2 -3.4E-13 -3.7800000000000005E-12 0.0 0.0 100e-9 
0.35000000000000003 -0.2 6.6E-13 9.1000000000000016E-13 0.0 0.0 100e-9 
0.325 -0.2 5.2E-13 1.9000000000000002E-13 0.0 0.0 100e-9 
0.3 -0.2 1.0100000000000001E-12 3.5E-13 0.0 0.0 100e-9 
0.275 -0.2 3.1E-12 -1.8200000000000003E-12 0.0 0.0 100e-9 
0.25 -0.2 7E-13 -1.59E-12 0.0 0.0 100e-9 
0.225 -0.2 -1.23E-12 -1.4200000000000002E-12 0.0 0.0 100e-9 
0.2 -0.2 -5.3000000000000006E-13 3.0000000000000005E-14 0.0 0.0 100e-9 
0.17500000000000002 -0.2 1.14E-12 2.9000000000000003E-13 0.0 0.0 100e-9 
0.15 -0.2 6.400000000000001E-13 -8.5000000000000011E-13 0.0 0.0 100e-9 
0.125 -0.2 -1E-13 -1.6800000000000001E-12 0.0 0.0 100e-9 
0.1 -0.2 -1.86E-12 -9.5E-13 0.0 0.0 100e-9 
0.075 -0.2 -1.04E-12 8.7E-13 0.0 0.0 100e-9 
0.05 -0.2 1.1500000000000002E-12 -4.3000000000000004E-13 0.0 0.0 100e-9 
0.025 -0.2 1.3300000000000002E-12 -9.9E-13 0.0 0.0 100e-9 
0 -0.2 2.2000000000000002E-13 -1.59E-12 0.0 0.0 100e-9 
-0.025 -0.2 -1.78E-12 -1.8400000000000002E-12 0.0 0.0 100e-9 
-0.05 -0.2 -2.7300000000000003E-12 3.8000000000000005E-13 0.0 0.0 100e-9 
-0.075 -0.2 1.2500000000000001E-12 -3.23E-12 0.0 0.0 100e-9 
-0.1 -0.2 -4.7E-13 -3.86E-12 0.0 0.0 100e-9 
-0.125 -0.2 1.6800000000000001E-12 -1.117E-11 0.0 0.0 100e-9 
-0.15 -0.2 -2.19E-12 -2.6700000000000002E-11 0.0 0.0 100e-9 
-0.17500000000000002 -0.2 -3.2E-12 -6.083E-11 0.0 0.0 100e-9 
-0.2 -0.2 1.22E-12 -2.2264000000000002E-10 0.0 0.0 100e-9 
-0.225 -0.2 -1.9700000000000003E-12 -4.0147E-10 0.0 0.0 100e-9 
-0.25 -0.2 -7.0400000000000007E-12 -1.0098E-09 0.0 0.0 100e-9 
-0.275 -0.2 -2.34E-12 -2.5598E-09 0.0 0.0 100e-9 
-0.3 -0.2 2.7600000000000004E-12 -6.4814E-09 0.0 0.0 100e-9 
-0.325 -0.2 3.5E-13 -1.62254E-08 0.0 0.0 100e-9 
-0.35000000000000003 -0.2 -2.79E-12 -4.0780999999999993E-08 0.0 0.0 100e-9 
-0.375 -0.2 -2.41E-12 -1.0296E-07 0.0 0.0 100e-9 
-0.4 -0.2 -1.6700000000000002E-12 -2.51E-07 0.0 0.0 100e-9 
-0.42500000000000004 -0.2 -9.2000000000000012E-13 -6.167E-07 0.0 0.0 100e-9 
-0.45 -0.2 3.2600000000000002E-12 -1.5211000000000001E-06 0.0 0.0 100e-9 
-0.47500000000000003 -0.2 -7.5E-13 -3.5147000000000004E-06 0.0 0.0 100e-9 
-0.5 -0.2 -4.68E-12 -8.141E-06 0.0 0.0 100e-9 
-0.525 -0.2 -3.7300000000000005E-12 -1.7354E-05 0.0 0.0 100e-9 
-0.55 -0.2 -5.5E-12 -3.3664E-05 0.0 0.0 100e-9 
-0.57500000000000007 -0.2 -8.34E-12 -6.226E-05 0.0 0.0 100e-9 
-0.6 -0.2 -1.0940000000000001E-11 -0.000103478 0.0 0.0 100e-9 
-0.625 -0.2 -1.3150000000000001E-11 -0.00016202 0.0 0.0 100e-9 
-0.65 -0.2 -1.622E-11 -0.00023622 0.0 0.0 100e-9 
-0.675 -0.2 -1.987E-11 -0.00032652 0.0 0.0 100e-9 
-0.70000000000000007 -0.2 -2.46E-11 -0.00042782000000000003 0.0 0.0 100e-9 
-0.72500000000000009 -0.2 -2.813E-11 -0.00054114000000000007 0.0 0.0 100e-9 
-0.75 -0.2 -3.2580000000000005E-11 -0.00066448000000000006 0.0 0.0 100e-9 
-0.775 -0.2 -3.6870000000000004E-11 -0.00078974 0.0 0.0 100e-9 
-0.8 -0.2 -3.9560000000000003E-11 -0.00092088 0.0 0.0 100e-9 
-0.82500000000000007 -0.2 -4.3420000000000004E-11 -0.00104848 0.0 0.0 100e-9 
-0.85000000000000009 -0.2 -4.9940000000000004E-11 -0.0011756 0.0 0.0 100e-9 
-0.875 -0.2 -5.5410000000000006E-11 -0.0012968 0.0 0.0 100e-9 
-0.9 -0.2 -6.143E-11 -0.0014172 0.0 0.0 100e-9 
-0.925 -0.2 -6.8170000000000009E-11 -0.0015316 0.0 0.0 100e-9 
-0.95000000000000007 -0.2 -7.870000000000001E-11 -0.001635 0.0 0.0 100e-9 
-0.97500000000000009 -0.2 -8.71E-11 -0.0017436 0.0 0.0 100e-9 
-1 -0.2 -9.763E-11 -0.0018382000000000001 0.0 0.0 100e-9 
-1.0250000000000001 -0.2 -1.0797E-10 -0.0019306 0.0 0.0 100e-9 
-1.05 -0.2 -1.1988E-10 -0.002015 0.0 0.0 100e-9 
-1.075 -0.2 -1.3504E-10 -0.002097 0.0 0.0 100e-9 
-1.1 -0.2 -1.5190000000000001E-10 -0.0021806 0.0 0.0 100e-9 
-1.125 -0.2 -1.7316000000000003E-10 -0.0022476 0.0 0.0 100e-9 
-1.1500000000000001 -0.2 -1.9319E-10 -0.0023176 0.0 0.0 100e-9 
-1.175 -0.2 -2.1867E-10 -0.0023842 0.0 0.0 100e-9 
-1.2 -0.2 -2.4176E-10 -0.0024434 0.0 0.0 100e-9 
-1.225 -0.2 -2.7322E-10 -0.0025044 0.0 0.0 100e-9 
-1.25 -0.2 -3.0845E-10 -0.0025582 0.0 0.0 100e-9 
-1.2750000000000001 -0.2 -3.4542000000000003E-10 -0.002611 0.0 0.0 100e-9 
-1.3 -0.2 -3.9142000000000003E-10 -0.0026564 0.0 0.0 100e-9 
-1.325 -0.2 -4.3267E-10 -0.0027078000000000002 0.0 0.0 100e-9 
-1.35 -0.2 -4.8896E-10 -0.0027502 0.0 0.0 100e-9 
-1.375 -0.2 -5.4029E-10 -0.0027944000000000003 0.0 0.0 100e-9 
-1.4000000000000001 -0.2 -6.0399E-10 -0.0028326000000000002 0.0 0.0 100e-9 
-1.425 -0.2 -6.7188000000000006E-10 -0.0028718 0.0 0.0 100e-9 
-1.4500000000000002 -0.2 -7.4772000000000008E-10 -0.0029098 0.0 0.0 100e-9 
-1.475 -0.2 -8.304300000000001E-10 -0.002939 0.0 0.0 100e-9 
-1.5 -0.2 -9.2206000000000012E-10 -0.0029792 0.0 0.0 100e-9 
-1.5250000000000001 -0.2 -1.02323E-09 -0.0030058 0.0 0.0 100e-9 
-1.55 -0.2 -1.11479E-09 -0.0030382 0.0 0.0 100e-9 
-1.5750000000000002 -0.2 -1.2335E-09 -0.0030628 0.0 0.0 100e-9 
-1.6 -0.2 -1.3503E-09 -0.0030944 0.0 0.0 100e-9 
-1.625 -0.2 -1.4776E-09 -0.0031148 0.0 0.0 100e-9 
-1.6500000000000001 -0.2 -1.637E-09 -0.0031436 0.0 0.0 100e-9 
-1.675 -0.2 -1.7772E-09 -0.0031724 0.0 0.0 100e-9 
-1.7000000000000002 -0.2 -1.9526E-09 -0.0031968 0.0 0.0 100e-9 
-1.725 -0.2 -2.0913E-09 -0.0032164 0.0 0.0 100e-9 
-1.75 -0.2 -2.3125E-09 -0.0032362000000000003 0.0 0.0 100e-9 
-1.7750000000000001 -0.2 -2.4816E-09 -0.0032628 0.0 0.0 100e-9 
-1.8 -0.2 -2.7466E-09 -0.0032818 0.0 0.0 100e-9 
-1.8250000000000002 -0.2 -2.9718E-09 -0.0033024 0.0 0.0 100e-9 
-1.85 -0.2 -3.2732E-09 -0.0033242000000000002 0.0 0.0 100e-9 
-1.875 -0.2 -3.5147E-09 -0.0033438 0.0 0.0 100e-9 
-1.9000000000000001 -0.2 -3.8047E-09 -0.0033610000000000003 0.0 0.0 100e-9 
-1.925 -0.2 -4.0786E-09 -0.0033766 0.0 0.0 100e-9 
-1.9500000000000002 -0.2 -4.3952E-09 -0.0034008000000000003 0.0 0.0 100e-9 
-1.975 -0.2 -4.763E-09 -0.0034134 0.0 0.0 100e-9 
-2 -0.2 -5.1484E-09 -0.0034304 0.0 0.0 100e-9 
-2 -0.2 -5.1347E-09 -0.0034336 0.0 0.0 100e-9 
-1.975 -0.2 -4.8197E-09 -0.0034136 0.0 0.0 100e-9 
-1.9500000000000002 -0.2 -4.3845E-09 -0.0033898 0.0 0.0 100e-9 
-1.925 -0.2 -4.053E-09 -0.0033766 0.0 0.0 100e-9 
-1.9000000000000001 -0.2 -3.7838E-09 -0.0033514 0.0 0.0 100e-9 
-1.875 -0.2 -3.4645E-09 -0.0033376 0.0 0.0 100e-9 
-1.85 -0.2 -3.2077E-09 -0.0033132 0.0 0.0 100e-9 
-1.8250000000000002 -0.2 -2.9361E-09 -0.0032936000000000003 0.0 0.0 100e-9 
-1.8 -0.2 -2.7314E-09 -0.0032738 0.0 0.0 100e-9 
-1.7750000000000001 -0.2 -2.5208E-09 -0.0032504 0.0 0.0 100e-9 
-1.75 -0.2 -2.299E-09 -0.003233 0.0 0.0 100e-9 
-1.725 -0.2 -2.11E-09 -0.0032026 0.0 0.0 100e-9 
-1.7000000000000002 -0.2 -1.9465E-09 -0.0031858 0.0 0.0 100e-9 
-1.675 -0.2 -1.7867E-09 -0.0031564 0.0 0.0 100e-9 
-1.6500000000000001 -0.2 -1.611E-09 -0.0031324 0.0 0.0 100e-9 
-1.625 -0.2 -1.4783E-09 -0.0031014000000000003 0.0 0.0 100e-9 
-1.6 -0.2 -1.3483E-09 -0.0030754000000000003 0.0 0.0 100e-9 
-1.5750000000000002 -0.2 -1.2173E-09 -0.0030492 0.0 0.0 100e-9 
-1.55 -0.2 -1.1019E-09 -0.003013 0.0 0.0 100e-9 
-1.5250000000000001 -0.2 -9.994E-10 -0.0029850000000000002 0.0 0.0 100e-9 
-1.5 -0.2 -9.0231000000000006E-10 -0.00295 0.0 0.0 100e-9 
-1.475 -0.2 -8.1510000000000011E-10 -0.0029206 0.0 0.0 100e-9 
-1.4500000000000002 -0.2 -7.376E-10 -0.0028788 0.0 0.0 100e-9 
-1.425 -0.2 -6.6633E-10 -0.0028512 0.0 0.0 100e-9 
-1.4000000000000001 -0.2 -6.0173E-10 -0.0028048 0.0 0.0 100e-9 
-1.375 -0.2 -5.3375E-10 -0.0027696 0.0 0.0 100e-9 
-1.35 -0.2 -4.8561E-10 -0.0027246 0.0 0.0 100e-9 
-1.325 -0.2 -4.3191E-10 -0.0026852 0.0 0.0 100e-9 
-1.3 -0.2 -3.8714E-10 -0.0026276 0.0 0.0 100e-9 
-1.2750000000000001 -0.2 -3.4553000000000005E-10 -0.0025796 0.0 0.0 100e-9 
-1.25 -0.2 -3.1068E-10 -0.0025302000000000002 0.0 0.0 100e-9 
-1.225 -0.2 -2.7693000000000005E-10 -0.0024674000000000002 0.0 0.0 100e-9 
-1.2 -0.2 -2.442E-10 -0.0024162 0.0 0.0 100e-9 
-1.175 -0.2 -2.2011000000000003E-10 -0.0023532 0.0 0.0 100e-9 
-1.1500000000000001 -0.2 -1.9793E-10 -0.0022886 0.0 0.0 100e-9 
-1.125 -0.2 -1.7387000000000002E-10 -0.002218 0.0 0.0 100e-9 
-1.1 -0.2 -1.5557E-10 -0.0021412000000000002 0.0 0.0 100e-9 
-1.075 -0.2 -1.3827E-10 -0.002063 0.0 0.0 100e-9 
-1.05 -0.2 -1.2319000000000002E-10 -0.0019862 0.0 0.0 100e-9 
-1.0250000000000001 -0.2 -1.121E-10 -0.0018936 0.0 0.0 100e-9 
-1 -0.2 -9.9980000000000013E-11 -0.0018056 0.0 0.0 100e-9 
-0.97500000000000009 -0.2 -8.928E-11 -0.0017024 0.0 0.0 100e-9 
-0.95000000000000007 -0.2 -7.772E-11 -0.0016024000000000001 0.0 0.0 100e-9 
-0.925 -0.2 -6.8970000000000008E-11 -0.0014954 0.0 0.0 100e-9 
-0.9 -0.2 -6.358E-11 -0.0013802 0.0 0.0 100e-9 
-0.875 -0.2 -5.7960000000000006E-11 -0.0012682 0.0 0.0 100e-9 
-0.85000000000000009 -0.2 -5.0970000000000006E-11 -0.0011464000000000001 0.0 0.0 100e-9 
-0.82500000000000007 -0.2 -4.611E-11 -0.0010222 0.0 0.0 100e-9 
-0.8 -0.2 -4.1750000000000004E-11 -0.00089554 0.0 0.0 100e-9 
-0.775 -0.2 -3.438E-11 -0.00076960000000000006 0.0 0.0 100e-9 
-0.75 -0.2 -3.103E-11 -0.00064468 0.0 0.0 100e-9 
-0.72500000000000009 -0.2 -2.742E-11 -0.00052986 0.0 0.0 100e-9 
-0.70000000000000007 -0.2 -2.4260000000000002E-11 -0.00041466 0.0 0.0 100e-9 
-0.675 -0.2 -2.072E-11 -0.00031544 0.0 0.0 100e-9 
-0.65 -0.2 -1.653E-11 -0.00022724000000000003 0.0 0.0 100e-9 
-0.625 -0.2 -1.3090000000000002E-11 -0.00015648000000000002 0.0 0.0 100e-9 
-0.6 -0.2 -1.1340000000000001E-11 -0.000100568 0.0 0.0 100e-9 
-0.57500000000000007 -0.2 -8.6700000000000008E-12 -5.9592E-05 0.0 0.0 100e-9 
-0.55 -0.2 -6.4800000000000007E-12 -3.2178E-05 0.0 0.0 100e-9 
-0.525 -0.2 -5.13E-12 -1.6212E-05 0.0 0.0 100e-9 
-0.5 -0.2 -3.72E-12 -7.7405000000000015E-06 0.0 0.0 100e-9 
-0.47500000000000003 -0.2 -3.4000000000000005E-12 -3.4232000000000005E-06 0.0 0.0 100e-9 
-0.45 -0.2 -3.8400000000000006E-12 -1.4207000000000002E-06 0.0 0.0 100e-9 
-0.42500000000000004 -0.2 -2.5300000000000003E-12 -5.9137999999999994E-07 0.0 0.0 100e-9 
-0.4 -0.2 -2.8900000000000004E-12 -2.4269999999999997E-07 0.0 0.0 100e-9 
-0.375 -0.2 -8.0000000000000013E-14 -9.7096999999999986E-08 0.0 0.0 100e-9 
-0.35000000000000003 -0.2 -5.8000000000000005E-13 -3.9000799999999995E-08 0.0 0.0 100e-9 
-0.325 -0.2 -1.6000000000000003E-13 -1.56302E-08 0.0 0.0 100e-9 
-0.3 -0.2 -1.21E-12 -7.2926E-09 0.0 0.0 100e-9 
-0.275 -0.2 -2.18E-12 -2.4607E-09 0.0 0.0 100e-9 
-0.25 -0.2 -2.47E-12 -1.2076E-09 0.0 0.0 100e-9 
-0.225 -0.2 -1.9000000000000002E-13 -4.0492000000000003E-10 0.0 0.0 100e-9 
-0.2 -0.2 -2.5E-13 -1.5383E-10 0.0 0.0 100e-9 
-0.17500000000000002 -0.2 -1.22E-12 -5.9430000000000008E-11 0.0 0.0 100e-9 
-0.15 -0.2 1E-13 -3.325E-11 0.0 0.0 100e-9 
-0.125 -0.2 -1.22E-12 -9.34E-12 0.0 0.0 100e-9 
-0.1 -0.2 3.7900000000000006E-12 -4.02E-12 0.0 0.0 100e-9 
-0.075 -0.2 -5E-14 -1.6600000000000002E-12 0.0 0.0 100e-9 
-0.05 -0.2 2.9000000000000003E-13 -6.5000000000000006E-13 0.0 0.0 100e-9 
-0.025 -0.2 -6.1E-13 -4.0000000000000006E-14 0.0 0.0 100e-9 
0 -0.2 -6.0000000000000009E-14 5.9E-13 0.0 0.0 100e-9 
0.025 -0.2 2.14E-12 -2.5E-13 0.0 0.0 100e-9 
0.05 -0.2 1.3000000000000001E-12 -8.2E-13 0.0 0.0 100e-9 
0.075 -0.2 -4.2000000000000003E-13 -9.5E-13 0.0 0.0 100e-9 
0.1 -0.2 -9.0000000000000008E-14 -1.3E-13 0.0 0.0 100e-9 
0.125 -0.2 3.8000000000000005E-13 7E-13 0.0 0.0 100e-9 
0.15 -0.2 1.98E-12 -1.36E-12 0.0 0.0 100e-9 
0.17500000000000002 -0.2 1.1500000000000002E-12 -1.08E-12 0.0 0.0 100e-9 
0.2 -0.2 -8.0000000000000013E-14 -1.31E-12 0.0 0.0 100e-9 
0.225 -0.2 -6.2000000000000008E-13 5.9E-13 0.0 0.0 100e-9 
0.25 -0.2 1.5700000000000002E-12 -1.5E-12 0.0 0.0 100e-9 
0.275 -0.2 1.3E-13 5E-14 0.0 0.0 100e-9 
0.3 -0.2 3.4500000000000004E-12 -6.7000000000000007E-13 0.0 0.0 100e-9 
0.325 -0.2 -3.0000000000000003E-13 -1.6700000000000002E-12 0.0 0.0 100e-9 
0.35000000000000003 -0.2 3.8000000000000005E-13 5E-14 0.0 0.0 100e-9 
0.375 -0.2 2.52E-12 -2.4300000000000003E-12 0.0 0.0 100e-9 
0.4 -0.2 9.2000000000000012E-13 1.1100000000000001E-12 0.0 0.0 100e-9 
0.42500000000000004 -0.2 5.28E-12 -1.8400000000000002E-12 0.0 0.0 100e-9 
0.45 -0.2 1.7700000000000001E-12 -2.52E-12 0.0 0.0 100e-9 
0.47500000000000003 -0.2 1.9200000000000003E-12 -1.8000000000000002E-12 0.0 0.0 100e-9 
0.5 -0.2 2.97E-12 -2.09E-12 0.0 0.0 100e-9 
