VD VG VS VB Ids  
-0.05 -2.0 0 0 -0.000800136812797
-0.2 -2.0 0 0 -0.00318358881596
-0.3 -2.0 0 0 -0.00474910205753
-0.5 -2.0 0 0 -0.00767938322116
-0.7 -2.0 0 0 -0.00986177106705
-0.95 -2.0 0 0 -0.0116306704075
-0.05 -1.9797979798 0 0 -0.000799265448353
-0.2 -1.9797979798 0 0 -0.00317945798671
-0.3 -1.9797979798 0 0 -0.00474167531558
-0.5 -1.9797979798 0 0 -0.00765383075476
-0.7 -1.9797979798 0 0 -0.00979812439913
-0.95 -1.9797979798 0 0 -0.0115295517883
-0.05 -1.9595959596 0 0 -0.000798363862962
-0.2 -1.9595959596 0 0 -0.00317516989667
-0.3 -1.9595959596 0 0 -0.00473392858176
-0.5 -1.9595959596 0 0 -0.00762689773648
-0.7 -1.9595959596 0 0 -0.0097322410688
-0.95 -1.9595959596 0 0 -0.0114259805877
-0.05 -1.93939393939 0 0 -0.000797430531439
-0.2 -1.93939393939 0 0 -0.00317071571655
-0.3 -1.93939393939 0 0 -0.00472584116959
-0.5 -1.93939393939 0 0 -0.00759849907106
-0.7 -1.93939393939 0 0 -0.00966405239446
-0.95 -1.93939393939 0 0 -0.0113198916882
-0.05 -1.91919191919 0 0 -0.000796463827705
-0.2 -1.91919191919 0 0 -0.00316608595723
-0.3 -1.91919191919 0 0 -0.00471739061107
-0.5 -1.91919191919 0 0 -0.00756854517609
-0.7 -1.91919191919 0 0 -0.00959348790605
-0.95 -1.91919191919 0 0 -0.0112112183601
-0.05 -1.89898989899 0 0 -0.000795462016537
-0.2 -1.89898989899 0 0 -0.00316127040774
-0.3 -1.89898989899 0 0 -0.00470855246821
-0.5 -1.89898989899 0 0 -0.007536941923
-0.7 -1.89898989899 0 0 -0.00952047530123
-0.95 -1.89898989899 0 0 -0.0110998922952
-0.05 -1.87878787879 0 0 -0.000794423244506
-0.2 -1.87878787879 0 0 -0.00315625806634
-0.3 -1.87878787879 0 0 -0.00469930012163
-0.5 -1.87878787879 0 0 -0.00750359060368
-0.7 -1.87878787879 0 0 -0.00944494040651
-0.95 -1.87878787879 0 0 -0.0109858436566
-0.05 -1.85858585859 0 0 -0.000793345530033
-0.2 -1.85858585859 0 0 -0.00315103706352
-0.3 -1.85858585859 0 0 -0.00468960453338
-0.5 -1.85858585859 0 0 -0.00746838792537
-0.7 -1.85858585859 0 0 -0.00936680714514
-0.95 -1.85858585859 0 0 -0.0108690011447
-0.05 -1.83838383838 0 0 -0.000792226752438
-0.2 -1.83838383838 0 0 -0.00314559457605
-0.3 -1.83838383838 0 0 -0.00467943398051
-0.5 -1.83838383838 0 0 -0.00743122603652
-0.7 -1.83838383838 0 0 -0.00928599751385
-0.95 -1.83838383838 0 0 -0.0107492920862
-0.05 -1.81818181818 0 0 -0.000791064639885
-0.2 -1.81818181818 0 0 -0.0031399167307
-0.3 -1.81818181818 0 0 -0.00466875375578
-0.5 -1.81818181818 0 0 -0.00739199258543
-0.7 -1.81818181818 0 0 -0.0092024315707
-0.95 -1.81818181818 0 0 -0.0106266425458
-0.05 -1.79797979798 0 0 -0.000789856756077
-0.2 -1.79797979798 0 0 -0.00313398849626
-0.3 -1.79797979798 0 0 -0.00465752583134
-0.5 -1.79797979798 0 0 -0.00735057081369
-0.7 -1.79797979798 0 0 -0.00911602743702
-0.95 -1.79797979798 0 0 -0.0105009774695
-0.05 -1.77777777778 0 0 -0.000788600485564
-0.2 -1.77777777778 0 0 -0.00312779356221
-0.3 -1.77777777778 0 0 -0.0046457084807
-0.5 -1.77777777778 0 0 -0.00730683968569
-0.7 -1.77777777778 0 0 -0.00902670131634
-0.95 -1.77777777778 0 0 -0.0103722208607
-0.05 -1.75757575758 0 0 -0.00078729301749
-0.2 -1.75757575758 0 0 -0.00312131420198
-0.3 -1.75757575758 0 0 -0.00463325585417
-0.5 -1.75757575758 0 0 -0.0072606740551
-0.7 -1.75757575758 0 0 -0.00893436753401
-0.95 -1.75757575758 0 0 -0.0102402959989
-0.05 -1.73737373737 0 0 -0.000785931327592
-0.2 -1.73737373737 0 0 -0.00311453111883
-0.3 -1.73737373737 0 0 -0.00462011750213
-0.5 -1.73737373737 0 0 -0.00721194486899
-0.7 -1.73737373737 0 0 -0.0088389386017
-0.95 -1.73737373737 0 0 -0.0101051257075
-0.05 -1.71717171717 0 0 -0.000784512158224
-0.2 -1.71717171717 0 0 -0.00310742327139
-0.3 -1.71717171717 0 0 -0.00460623784053
-0.5 -1.71717171717 0 0 -0.0071605194098
-0.7 -1.71717171717 0 0 -0.00874032531133
-0.95 -1.71717171717 0 0 -0.00996663267955
-0.05 -1.69696969697 0 0 -0.000783031996169
-0.2 -1.69696969697 0 0 -0.00309996767614
-0.3 -1.69696969697 0 0 -0.00459155555253
-0.5 -1.69696969697 0 0 -0.00710626157511
-0.7 -1.69696969697 0 0 -0.00863843686407
-0.95 -1.69696969697 0 0 -0.00982473987448
-0.05 -1.67676767677 0 0 -0.000781487047953
-0.2 -1.67676767677 0 0 -0.00309213918306
-0.3 -1.67676767677 0 0 -0.00457600292011
-0.5 -1.67676767677 0 0 -0.00704903219544
-0.7 -1.67676767677 0 0 -0.0085331810403
-0.95 -1.67676767677 0 0 -0.00967937099639
-0.05 -1.65656565657 0 0 -0.000779873212322
-0.2 -1.65656565657 0 0 -0.0030839102204
-0.3 -1.65656565657 0 0 -0.00455950507999
-0.5 -1.65656565657 0 0 -0.00698868939011
-0.7 -1.65656565657 0 0 -0.00842446441796
-0.95 -1.65656565657 0 0 -0.00953045106362
-0.05 -1.63636363636 0 0 -0.00077818604953
-0.2 -1.63636363636 0 0 -0.00307525050367
-0.3 -1.63636363636 0 0 -0.0045419791983
-0.5 -1.63636363636 0 0 -0.00692508896209
-0.7 -1.63636363636 0 0 -0.00831219264714
-0.95 -1.63636363636 0 0 -0.00937790706205
-0.05 -1.61616161616 0 0 -0.000776420747001
-0.2 -1.61616161616 0 0 -0.00306612670326
-0.3 -1.61616161616 0 0 -0.00452333356007
-0.5 -1.61616161616 0 0 -0.00685808483323
-0.7 -1.61616161616 0 0 -0.00819627079055
-0.95 -1.61616161616 0 0 -0.0092216686331
-0.05 -1.59595959596 0 0 -0.000774572080867
-0.2 -1.59595959596 0 0 -0.00305650206394
-0.3 -1.59595959596 0 0 -0.00450346657122
-0.5 -1.59595959596 0 0 -0.00678752952263
-0.7 -1.59595959596 0 0 -0.00807660374062
-0.95 -1.59595959596 0 0 -0.00906166869123
-0.05 -1.57575757576 0 0 -0.000772634372823
-0.2 -1.57575757576 0 0 -0.00304633596851
-0.3 -1.57575757576 0 0 -0.00448226567384
-0.5 -1.57575757576 0 0 -0.00671327467253
-0.7 -1.57575757576 0 0 -0.00795309672593
-0.95 -1.57575757576 0 0 -0.0088978438941
-0.05 -1.55555555556 0 0 -0.000770601441648
-0.2 -1.55555555556 0 0 -0.00303558343669
-0.3 -1.55555555556 0 0 -0.00445960617961
-0.5 -1.55555555556 0 0 -0.00663517162793
-0.7 -1.55555555556 0 0 -0.00782565592171
-0.95 -1.55555555556 0 0 -0.00873013514926
-0.05 -1.53535353535 0 0 -0.000768466548627
-0.2 -1.53535353535 0 0 -0.00302419454851
-0.3 -1.53535353535 0 0 -0.00443535003257
-0.5 -1.53535353535 0 0 -0.00655307207846
-0.7 -1.53535353535 0 0 -0.00769418918184
-0.95 -1.53535353535 0 0 -0.00855848867615
-0.05 -1.51515151515 0 0 -0.000766222336001
-0.2 -1.51515151515 0 0 -0.00301211378018
-0.3 -1.51515151515 0 0 -0.00440934452007
-0.5 -1.51515151515 0 0 -0.00646682877418
-0.7 -1.51515151515 0 0 -0.00755860691314
-0.95 -1.51515151515 0 0 -0.00838285799859
-0.05 -1.49494949495 0 0 -0.000763860757437
-0.2 -1.49494949495 0 0 -0.00299927923839
-0.3 -1.49494949495 0 0 -0.00438142096156
-0.5 -1.49494949495 0 0 -0.00637629632958
-0.7 -1.49494949495 0 0 -0.00741882311659
-0.95 -1.49494949495 0 0 -0.00820320668738
-0.05 -1.47474747475 0 0 -0.000761372999329
-0.2 -1.47474747475 0 0 -0.00298562177698
-0.3 -1.47474747475 0 0 -0.00435139341811
-0.5 -1.47474747475 0 0 -0.00628133213376
-0.7 -1.47474747475 0 0 -0.00727475662589
-0.95 -1.47474747475 0 0 -0.00801951161531
-0.05 -1.45454545455 0 0 -0.00075874939157
-0.2 -1.45454545455 0 0 -0.0029710639781
-0.3 -1.45454545455 0 0 -0.00431905748228
-0.5 -1.45454545455 0 0 -0.00618179738862
-0.7 -1.45454545455 0 0 -0.00712633257995
-0.95 -1.45454545455 0 0 -0.00783176686235
-0.05 -1.43434343434 0 0 -0.000755979306191
-0.2 -1.43434343434 0 0 -0.00295551897783
-0.3 -1.43434343434 0 0 -0.00428418922694
-0.5 -1.43434343434 0 0 -0.00607755830033
-0.7 -1.43434343434 0 0 -0.00697348417282
-0.95 -1.43434343434 0 0 -0.00763998824201
-0.05 -1.41414141414 0 0 -0.000753051042008
-0.2 -1.41414141414 0 0 -0.00293888911492
-0.3 -1.41414141414 0 0 -0.00424654441459
-0.5 -1.41414141414 0 0 -0.00596848745389
-0.7 -1.41414141414 0 0 -0.00681615472629
-0.95 -1.41414141414 0 0 -0.00744421769052
-0.05 -1.39393939394 0 0 -0.000749951693116
-0.2 -1.39393939394 0 0 -0.0029210643806
-0.3 -1.39393939394 0 0 -0.00420585809186
-0.5 -1.39393939394 0 0 -0.00585446540456
-0.7 -1.39393939394 0 0 -0.00665430011184
-0.95 -1.39393939394 0 0 -0.00724452540477
-0.05 -1.37373737374 0 0 -0.000746666998691
-0.2 -1.37373737374 0 0 -0.00290192064814
-0.3 -1.37373737374 0 0 -0.00416184471854
-0.5 -1.37373737374 0 0 -0.00573538252444
-0.7 -1.37373737374 0 0 -0.00648789148224
-0.95 -1.37373737374 0 0 -0.00704100553398
-0.05 -1.35353535354 0 0 -0.000743181171145
-0.2 -1.35353535354 0 0 -0.00288131766454
-0.3 -1.35353535354 0 0 -0.00411419900164
-0.5 -1.35353535354 0 0 -0.00561114114708
-0.7 -1.35353535354 0 0 -0.00631691816363
-0.95 -1.35353535354 0 0 -0.0068337644263
-0.05 -1.33333333333 0 0 -0.000739476699197
-0.2 -1.33333333333 0 0 -0.00285909679402
-0.3 -1.33333333333 0 0 -0.00406259762112
-0.5 -1.33333333333 0 0 -0.00548165805826
-0.7 -1.33333333333 0 0 -0.0061413905717
-0.95 -1.33333333333 0 0 -0.0066229136251
-0.05 -1.31313131313 0 0 -0.000735534121825
-0.2 -1.31313131313 0 0 -0.00283507851718
-0.3 -1.31313131313 0 0 -0.00400670204001
-0.5 -1.31313131313 0 0 -0.00534686738686
-0.7 -1.31313131313 0 0 -0.00596134348984
-0.95 -1.31313131313 0 0 -0.00640858019901
-0.05 -1.29292929293 0 0 -0.000731331768449
-0.2 -1.29292929293 0 0 -0.00280905971302
-0.3 -1.29292929293 0 0 -0.0039461625839
-0.5 -1.29292929293 0 0 -0.00520672395766
-0.7 -1.29292929293 0 0 -0.00577684085369
-0.95 -1.29292929293 0 0 -0.00619092469178
-0.05 -1.27272727273 0 0 -0.000726845459902
-0.2 -1.27272727273 0 0 -0.00278081078781
-0.3 -1.27272727273 0 0 -0.00388062394905
-0.5 -1.27272727273 0 0 -0.00506120717761
-0.7 -1.27272727273 0 0 -0.0055879831741
-0.95 -1.27272727273 0 0 -0.00597015474274
-0.05 -1.25252525253 0 0 -0.000722048163952
-0.2 -1.25252525253 0 0 -0.00275007277056
-0.3 -1.25252525253 0 0 -0.00380973225309
-0.5 -1.25252525253 0 0 -0.00491032554092
-0.7 -1.25252525253 0 0 -0.0053949173761
-0.95 -1.25252525253 0 0 -0.00574653047345
-0.05 -1.23232323232 0 0 -0.000716909598198
-0.2 -1.23232323232 0 0 -0.00271655457449
-0.3 -1.23232323232 0 0 -0.00373314367619
-0.5 -1.23232323232 0 0 -0.004754121853
-0.7 -1.23232323232 0 0 -0.00519784712333
-0.95 -1.23232323232 0 0 -0.00552035424095
-0.05 -1.21212121212 0 0 -0.000711395772214
-0.2 -1.21212121212 0 0 -0.00267993073404
-0.3 -1.21212121212 0 0 -0.00365053465858
-0.5 -1.21212121212 0 0 -0.00459267927906
-0.7 -1.21212121212 0 0 -0.00499703855019
-0.95 -1.21212121212 0 0 -0.00529195444996
-0.05 -1.19191919192 0 0 -0.000705468459856
-0.2 -1.19191919192 0 0 -0.00263984007091
-0.3 -1.19191919192 0 0 -0.00356161352801
-0.5 -1.19191919192 0 0 -0.00442612828593
-0.7 -1.19191919192 0 0 -0.00479281148342
-0.95 -1.19191919192 0 0 -0.00506168015021
-0.05 -1.17171717172 0 0 -0.000699084591833
-0.2 -1.17171717172 0 0 -0.00259588591865
-0.3 -1.17171717172 0 0 -0.00346613333912
-0.5 -1.17171717172 0 0 -0.00425465441983
-0.7 -1.17171717172 0 0 -0.00458551402592
-0.95 -1.17171717172 0 0 -0.00482990549369
-0.05 -1.15151515152 0 0 -0.000692195558125
-0.2 -1.15151515152 0 0 -0.00254763873292
-0.3 -1.15151515152 0 0 -0.00336390562622
-0.5 -1.15151515152 0 0 -0.00407850670652
-0.7 -1.15151515152 0 0 -0.00437550733624
-0.95 -1.15151515152 0 0 -0.00459703628484
-0.05 -1.13131313131 0 0 -0.000684746409988
-0.2 -1.13131313131 0 0 -0.0024946421057
-0.3 -1.13131313131 0 0 -0.00325481471395
-0.5 -1.13131313131 0 0 -0.00389800666873
-0.7 -1.13131313131 0 0 -0.00416318579569
-0.95 -1.13131313131 0 0 -0.00436351499153
-0.05 -1.11111111111 0 0 -0.000676674952638
-0.2 -1.11111111111 0 0 -0.00243642333701
-0.3 -1.11111111111 0 0 -0.00313883220348
-0.5 -1.11111111111 0 0 -0.00371355885407
-0.7 -1.11111111111 0 0 -0.00394901077073
-0.95 -1.11111111111 0 0 -0.00412982386883
-0.05 -1.09090909091 0 0 -0.000667910723185
-0.2 -1.09090909091 0 0 -0.00237250972413
-0.3 -1.09090909091 0 0 -0.00301603126044
-0.5 -1.09090909091 0 0 -0.00352566348769
-0.7 -1.09090909091 0 0 -0.00373353473064
-0.95 -1.09090909091 0 0 -0.00389648669427
-0.05 -1.07070707071 0 0 -0.00065837385544
-0.2 -1.07070707071 0 0 -0.00230245151437
-0.3 -1.07070707071 0 0 -0.00288660037532
-0.5 -1.07070707071 0 0 -0.00333492556509
-0.7 -1.07070707071 0 0 -0.00351740728427
-0.95 -1.07070707071 0 0 -0.00366406952661
-0.05 -1.05050505051 0 0 -0.000647973846227
-0.2 -1.05050505051 0 0 -0.00222585194817
-0.3 -1.05050505051 0 0 -0.00275085634349
-0.5 -1.05050505051 0 0 -0.00314204321835
-0.7 -1.05050505051 0 0 -0.00330134889625
-0.95 -1.05050505051 0 0 -0.00343318068142
-0.05 -1.0303030303 0 0 -0.000636608260542
-0.2 -1.0303030303 0 0 -0.00214240395229
-0.3 -1.0303030303 0 0 -0.0026092563122
-0.5 -1.0303030303 0 0 -0.00294776441444
-0.7 -1.0303030303 0 0 -0.00308611490984
-0.95 -1.0303030303 0 0 -0.00320446995457
-0.05 -1.0101010101 0 0 -0.000624161451139
-0.2 -1.0101010101 0 0 -0.00205193188182
-0.3 -1.0101010101 0 0 -0.00246240883093
-0.5 -1.0101010101 0 0 -0.00275284802387
-0.7 -1.0101010101 0 0 -0.00287248164371
-0.95 -1.0101010101 0 0 -0.0029786270219
-0.05 -0.989898989899 0 0 -0.000610503431011
-0.2 -0.989898989899 0 0 -0.00195443543603
-0.3 -0.989898989899 0 0 -0.00231108380341
-0.5 -0.989898989899 0 0 -0.00255808283304
-0.7 -0.989898989899 0 0 -0.00266125010807
-0.95 -0.989898989899 0 0 -0.00275637887324
-0.05 -0.969696969697 0 0 -0.000595489138184
-0.2 -0.969696969697 0 0 -0.00185013179422
-0.3 -0.969696969697 0 0 -0.00215622074596
-0.5 -0.969696969697 0 0 -0.00236433970601
-0.7 -0.969696969697 0 0 -0.00245325182124
-0.95 -0.969696969697 0 0 -0.00253848608406
-0.05 -0.949494949495 0 0 -0.000578958490644
-0.2 -0.949494949495 0 0 -0.00173949148706
-0.3 -0.949494949495 0 0 -0.00199893292039
-0.5 -0.949494949495 0 0 -0.00217260538871
-0.7 -0.949494949495 0 0 -0.00224935001857
-0.95 -0.949494949495 0 0 -0.00232573768081
-0.05 -0.929292929293 0 0 -0.000560737870509
-0.2 -0.929292929293 0 0 -0.00162326378297
-0.3 -0.929292929293 0 0 -0.00184049951363
-0.5 -0.929292929293 0 0 -0.00198398863502
-0.7 -0.929292929293 0 0 -0.00205043566661
-0.95 -0.929292929293 0 0 -0.00211894431721
-0.05 -0.909090909091 0 0 -0.000540644029104
-0.2 -0.909090909091 0 0 -0.00150248833173
-0.3 -0.909090909091 0 0 -0.00168232720541
-0.5 -0.909090909091 0 0 -0.00179967646756
-0.7 -0.909090909091 0 0 -0.00185741911303
-0.95 -0.909090909091 0 0 -0.00191892945351
-0.05 -0.888888888889 0 0 -0.000518491887552
-0.2 -0.888888888889 0 0 -0.00137849060534
-0.3 -0.888888888889 0 0 -0.00152586116561
-0.5 -0.888888888889 0 0 -0.00162085643413
-0.7 -0.888888888889 0 0 -0.00167121797826
-0.95 -0.888888888889 0 0 -0.0017265182275
-0.05 -0.868686868687 0 0 -0.000494108298375
-0.2 -0.868686868687 0 0 -0.00125285693412
-0.3 -0.868686868687 0 0 -0.00137247624686
-0.5 -0.868686868687 0 0 -0.00144866440027
-0.7 -0.868686868687 0 0 -0.00149274151266
-0.95 -0.868686868687 0 0 -0.00154252373313
-0.05 -0.848484848485 0 0 -0.000467354400547
-0.2 -0.848484848485 0 0 -0.00112737679566
-0.3 -0.848484848485 0 0 -0.00122344382723
-0.5 -0.848484848485 0 0 -0.0012841668192
-0.7 -0.848484848485 0 0 -0.00132287143772
-0.95 -0.848484848485 0 0 -0.00136773048164
-0.05 -0.828282828283 0 0 -0.000438159381038
-0.2 -0.828282828283 0 0 -0.00100392799966
-0.3 -0.828282828283 0 0 -0.00107999000209
-0.5 -0.828282828283 0 0 -0.00112835130122
-0.7 -0.828282828283 0 0 -0.00116243924901
-0.95 -0.828282828283 0 0 -0.0012028749013
-0.05 -0.808080808081 0 0 -0.0004065674823
-0.2 -0.808080808081 0 0 -0.000884296090556
-0.3 -0.808080808081 0 0 -0.000943341068491
-0.5 -0.808080808081 0 0 -0.000982109771392
-0.7 -0.808080808081 0 0 -0.00101220000589
-0.95 -0.808080808081 0 0 -0.00104862280498
-0.05 -0.787878787879 0 0 -0.000372796588949
-0.2 -0.787878787879 0 0 -0.000770002124758
-0.3 -0.787878787879 0 0 -0.000814712232407
-0.5 -0.787878787879 0 0 -0.000846211848845
-0.7 -0.787878787879 0 0 -0.000872802694481
-0.95 -0.787878787879 0 0 -0.000905543779507
-0.05 -0.767676767677 0 0 -0.000337298499671
-0.2 -0.767676767677 0 0 -0.000662261858802
-0.3 -0.767676767677 0 0 -0.000695241995309
-0.5 -0.767676767677 0 0 -0.000721270628077
-0.7 -0.767676767677 0 0 -0.000744757303282
-0.95 -0.767676767677 0 0 -0.000774082412821
-0.05 -0.747474747475 0 0 -0.000300795169061
-0.2 -0.747474747475 0 0 -0.000562053780245
-0.3 -0.747474747475 0 0 -0.000585862362679
-0.5 -0.747474747475 0 0 -0.00060770362772
-0.7 -0.747474747475 0 0 -0.000628398961054
-0.95 -0.747474747475 0 0 -0.000654526315701
-0.05 -0.727272727273 0 0 -0.00026424162599
-0.2 -0.727272727273 0 0 -0.000470153469785
-0.3 -0.727272727273 0 0 -0.000487166907113
-0.5 -0.727272727273 0 0 -0.00050569242788
-0.7 -0.727272727273 0 0 -0.000523850536809
-0.95 -0.727272727273 0 0 -0.00054697158665
-0.05 -0.707070707071 0 0 -0.000228654354695
-0.2 -0.707070707071 0 0 -0.000387106607906
-0.3 -0.707070707071 0 0 -0.000399347357195
-0.5 -0.707070707071 0 0 -0.000415148180575
-0.7 -0.707070707071 0 0 -0.000430988631163
-0.95 -0.707070707071 0 0 -0.000451289153745
-0.05 -0.686868686869 0 0 -0.000194810054791
-0.2 -0.686868686869 0 0 -0.000313186073721
-0.3 -0.686868686869 0 0 -0.000322203881666
-0.5 -0.686868686869 0 0 -0.000335699013633
-0.7 -0.686868686869 0 0 -0.000349426212757
-0.95 -0.686868686869 0 0 -0.000367102616432
-0.05 -0.666666666667 0 0 -0.000163011171803
-0.2 -0.666666666667 0 0 -0.000248362750701
-0.3 -0.666666666667 0 0 -0.000255223353647
-0.5 -0.666666666667 0 0 -0.000266726933963
-0.7 -0.666666666667 0 0 -0.000278537370088
-0.95 -0.666666666667 0 0 -0.00029380022864
-0.05 -0.646464646465 0 0 -0.000133212683734
-0.2 -0.646464646465 0 0 -0.000192358574769
-0.3 -0.646464646465 0 0 -0.000197729186657
-0.5 -0.646464646465 0 0 -0.000207478627009
-0.7 -0.646464646465 0 0 -0.000217551621951
-0.95 -0.646464646465 0 0 -0.00023061025042
-0.05 -0.626262626263 0 0 -0.000105460608948
-0.2 -0.626262626263 0 0 -0.00014479526774
-0.3 -0.626262626263 0 0 -0.000149063581019
-0.5 -0.626262626263 0 0 -0.000157227365493
-0.7 -0.626262626263 0 0 -0.000165707700711
-0.95 -0.626262626263 0 0 -0.000176742673909
-0.05 -0.606060606061 0 0 -8.01760028963e-05
-0.2 -0.606060606061 0 0 -0.000105312811579
-0.3 -0.606060606061 0 0 -0.000108694946704
-0.5 -0.606060606061 0 0 -0.000115387533991
-0.7 -0.606060606061 0 0 -0.000122381206402
-0.95 -0.606060606061 0 0 -0.000131529377837
-0.05 -0.585858585859 0 0 -5.80438233766e-05
-0.2 -0.585858585859 0 0 -7.35463398822e-05
-0.3 -0.585858585859 0 0 -7.61704839028e-05
-0.5 -0.585858585859 0 0 -8.14851835551e-05
-0.7 -0.585858585859 0 0 -8.70800187751e-05
-0.95 -0.585858585859 0 0 -9.44515360023e-05
-0.05 -0.565656565657 0 0 -3.97214782606e-05
-0.2 -0.565656565657 0 0 -4.9011900082e-05
-0.3 -0.565656565657 0 0 -5.09736081623e-05
-0.5 -0.565656565657 0 0 -5.50171487084e-05
-0.7 -0.565656565657 0 0 -5.93133104261e-05
-0.95 -0.565656565657 0 0 -6.50277691789e-05
-0.05 -0.545454545455 0 0 -2.55749744388e-05
-0.2 -0.545454545455 0 0 -3.10145922672e-05
-0.3 -0.545454545455 0 0 -3.24068611821e-05
-0.5 -0.545454545455 0 0 -3.53202400955e-05
-0.7 -0.545454545455 0 0 -3.84511583377e-05
-0.95 -0.545454545455 0 0 -4.26660453536e-05
-0.05 -0.525252525253 0 0 -1.54978672773e-05
-0.2 -0.525252525253 0 0 -1.86097795258e-05
-0.3 -0.525252525253 0 0 -1.95367661233e-05
-0.5 -0.525252525253 0 0 -2.15036351393e-05
-0.7 -0.525252525253 0 0 -2.36454830686e-05
-0.95 -0.525252525253 0 0 -2.65703095167e-05
-0.05 -0.505050505051 0 0 -8.89619078424e-06
-0.2 -0.505050505051 0 0 -1.06303270615e-05
-0.3 -0.505050505051 0 0 -1.12068559875e-05
-0.5 -0.505050505051 0 0 -1.24454965882e-05
-0.7 -0.505050505051 0 0 -1.38127192315e-05
-0.95 -0.505050505051 0 0 -1.57080708282e-05
-0.05 -0.484848484848 0 0 -4.89022084208e-06
-0.2 -0.484848484848 0 0 -5.83093450243e-06
-0.3 -0.484848484848 0 0 -6.16791004141e-06
-0.5 -0.484848484848 0 0 -6.89943783121e-06
-0.7 -0.484848484848 0 0 -7.71671147328e-06
-0.95 -0.484848484848 0 0 -8.86537921744e-06
-0.05 -0.464646464646 0 0 -2.60481033246e-06
-0.2 -0.464646464646 0 0 -3.10333525451e-06
-0.3 -0.464646464646 0 0 -3.29084937135e-06
-0.5 -0.464646464646 0 0 -3.70119397074e-06
-0.7 -0.464646464646 0 0 -4.16407326476e-06
-0.95 -0.464646464646 0 0 -4.82191997291e-06
-0.05 -0.444444444444 0 0 -1.35814931916e-06
-0.2 -0.444444444444 0 0 -1.61769537413e-06
-0.3 -0.444444444444 0 0 -1.71844471545e-06
-0.5 -0.444444444444 0 0 -1.94023424281e-06
-0.7 -0.444444444444 0 0 -2.19222639512e-06
-0.95 -0.444444444444 0 0 -2.55334618114e-06
-0.05 -0.424242424242 0 0 -6.98410837242e-07
-0.2 -0.424242424242 0 0 -8.31885653417e-07
-0.3 -0.424242424242 0 0 -8.84766596664e-07
-0.5 -0.424242424242 0 0 -1.00169158334e-06
-0.7 -0.424242424242 0 0 -1.1352405137e-06
-0.95 -0.424242424242 0 0 -1.32777322169e-06
-0.05 -0.40404040404 0 0 -3.56031673207e-07
-0.2 -0.40404040404 0 0 -4.24121035015e-07
-0.3 -0.40404040404 0 0 -4.51465191407e-07
-0.5 -0.40404040404 0 0 -5.12127557387e-07
-0.7 -0.40404040404 0 0 -5.81685445281e-07
-0.95 -0.40404040404 0 0 -6.82398256173e-07
-0.05 -0.383838383838 0 0 -1.80515002225e-07
-0.2 -0.383838383838 0 0 -2.15071770764e-07
-0.3 -0.383838383838 0 0 -2.29079658004e-07
-0.5 -0.383838383838 0 0 -2.60237936678e-07
-0.7 -0.383838383838 0 0 -2.96072565682e-07
-0.95 -0.383838383838 0 0 -3.48123827378e-07
-0.05 -0.363636363636 0 0 -9.12184040711e-08
-0.2 -0.363636363636 0 0 -1.08700687999e-07
-0.3 -0.363636363636 0 0 -1.15835288099e-07
-0.5 -0.363636363636 0 0 -1.31740026952e-07
-0.7 -0.363636363636 0 0 -1.50076227215e-07
-0.95 -0.363636363636 0 0 -1.76776654687e-07
-0.05 -0.343434343434 0 0 -4.59994895436e-08
-0.2 -0.343434343434 0 0 -5.4826321479e-08
-0.3 -0.343434343434 0 0 -5.84471983613e-08
-0.5 -0.343434343434 0 0 -6.65345801367e-08
-0.7 -0.343434343434 0 0 -7.58776192432e-08
-0.95 -0.343434343434 0 0 -8.9510383376e-08
-0.05 -0.323232323232 0 0 -2.31671786836e-08
-0.2 -0.323232323232 0 0 -2.76184506289e-08
-0.3 -0.323232323232 0 0 -2.945201102e-08
-0.5 -0.323232323232 0 0 -3.3554539361e-08
-0.7 -0.323232323232 0 0 -3.83027630389e-08
-0.95 -0.323232323232 0 0 -4.52432975002e-08
-0.05 -0.30303030303 0 0 -1.16590676561e-08
-0.2 -0.30303030303 0 0 -1.39021378835e-08
-0.3 -0.30303030303 0 0 -1.48293579618e-08
-0.5 -0.30303030303 0 0 -1.690739094e-08
-0.7 -0.30303030303 0 0 -1.93165638494e-08
-0.95 -0.30303030303 0 0 -2.28436711248e-08
-0.05 -0.282828282828 0 0 -5.86495536432e-09
-0.2 -0.282828282828 0 0 -6.99478224457e-09
-0.3 -0.282828282828 0 0 -7.46328535329e-09
-0.5 -0.282828282828 0 0 -8.51491426107e-09
-0.7 -0.282828282828 0 0 -9.73607193937e-09
-0.95 -0.282828282828 0 0 -1.15265162874e-08
-0.05 -0.262626262626 0 0 -2.9495848719e-09
-0.2 -0.262626262626 0 0 -3.51853352505e-09
-0.3 -0.262626262626 0 0 -3.755144238e-09
-0.5 -0.262626262626 0 0 -4.28706010422e-09
-0.7 -0.262626262626 0 0 -4.90567125062e-09
-0.95 -0.262626262626 0 0 -5.8139350301e-09
-0.05 -0.242424242424 0 0 -1.48320567239e-09
-0.2 -0.242424242424 0 0 -1.76967314378e-09
-0.3 -0.242424242424 0 0 -1.88913794434e-09
-0.5 -0.242424242424 0 0 -2.15810095939e-09
-0.7 -0.242424242424 0 0 -2.47136798925e-09
-0.95 -0.242424242424 0 0 -2.93193524213e-09
-0.05 -0.222222222222 0 0 -7.45783800927e-10
-0.2 -0.222222222222 0 0 -8.90010691606e-10
-0.3 -0.222222222222 0 0 -9.50319583949e-10
-0.5 -0.222222222222 0 0 -1.08629750199e-09
-0.7 -0.222222222222 0 0 -1.24490587564e-09
-0.95 -0.222222222222 0 0 -1.47839984958e-09
-0.05 -0.20202020202 0 0 -3.74981401669e-10
-0.2 -0.20202020202 0 0 -4.47592118671e-10
-0.3 -0.20202020202 0 0 -4.78035080121e-10
-0.5 -0.20202020202 0 0 -5.46773822932e-10
-0.7 -0.20202020202 0 0 -6.27068561727e-10
-0.95 -0.20202020202 0 0 -7.45427193061e-10
-0.05 -0.181818181818 0 0 -1.88538049653e-10
-0.2 -0.181818181818 0 0 -2.2509302781e-10
-0.3 -0.181818181818 0 0 -2.4045940454e-10
-0.5 -0.181818181818 0 0 -2.75205707679e-10
-0.7 -0.181818181818 0 0 -3.15851563924e-10
-0.95 -0.181818181818 0 0 -3.75842732333e-10
-0.05 -0.161616161616 0 0 -9.47947980359e-11
-0.2 -0.161616161616 0 0 -1.13197756066e-10
-0.3 -0.161616161616 0 0 -1.20953844327e-10
-0.5 -0.161616161616 0 0 -1.38516814422e-10
-0.7 -0.161616161616 0 0 -1.59091035145e-10
-0.95 -0.161616161616 0 0 -1.89496320297e-10
-0.05 -0.141414141414 0 0 -4.76615421807e-11
-0.2 -0.141414141414 0 0 -5.69261294043e-11
-0.3 -0.141414141414 0 0 -6.08408848204e-11
-0.5 -0.141414141414 0 0 -6.97180448891e-11
-0.7 -0.141414141414 0 0 -8.01319462281e-11
-0.95 -0.141414141414 0 0 -9.55415353869e-11
-0.05 -0.121212121212 0 0 -2.39635257533e-11
-0.2 -0.121212121212 0 0 -2.86275725187e-11
-0.3 -0.121212121212 0 0 -3.06034457653e-11
-0.5 -0.121212121212 0 0 -3.50902705011e-11
-0.7 -0.121212121212 0 0 -4.0361222618e-11
-0.95 -0.121212121212 0 0 -4.81705980355e-11
-0.05 -0.10101010101 0 0 -1.20484962743e-11
-0.2 -0.10101010101 0 0 -1.43964994784e-11
-0.3 -0.10101010101 0 0 -1.53937566894e-11
-0.5 -0.10101010101 0 0 -1.76615023311e-11
-0.7 -0.10101010101 0 0 -2.03292918458e-11
-0.95 -0.10101010101 0 0 -2.4286841914e-11
-0.05 -0.0808080808081 0 0 -6.05779711227e-12
-0.2 -0.0808080808081 0 0 -7.23984084369e-12
-0.3 -0.0808080808081 0 0 -7.74316700183e-12
-0.5 -0.0808080808081 0 0 -8.88931380203e-12
-0.7 -0.0808080808081 0 0 -1.02395257662e-11
-0.95 -0.0808080808081 0 0 -1.22450237796e-11
-0.05 -0.0606060606061 0 0 -3.04576563462e-12
-0.2 -0.0606060606061 0 0 -3.64083506688e-12
-0.3 -0.0606060606061 0 0 -3.89486575659e-12
-0.5 -0.0606060606061 0 0 -4.47413127422e-12
-0.7 -0.0606060606061 0 0 -5.1574764671e-12
-0.95 -0.0606060606061 0 0 -6.17373531587e-12
-0.05 -0.040404040404 0 0 -1.5313631438e-12
-0.2 -0.040404040404 0 0 -1.83093506569e-12
-0.3 -0.040404040404 0 0 -1.95914353473e-12
-0.5 -0.040404040404 0 0 -2.25189982404e-12
-0.7 -0.040404040404 0 0 -2.59773343448e-12
-0.95 -0.040404040404 0 0 -3.11269292504e-12
-0.05 -0.020202020202 0 0 -7.69945322199e-13
-0.2 -0.020202020202 0 0 -9.20756730306e-13
-0.3 -0.020202020202 0 0 -9.85462031352e-13
-0.5 -0.020202020202 0 0 -1.1334162069e-12
-0.7 -0.020202020202 0 0 -1.30843416531e-12
-0.95 -0.020202020202 0 0 -1.56936712116e-12
-0.05 0.0 0 0 -3.87116206351e-13
-0.2 0.0 0 0 -4.63038046038e-13
-0.3 0.0 0 0 -4.95693832168e-13
-0.5 0.0 0 0 -5.70465885269e-13
-0.7 0.0 0 0 -6.5903562989e-13
-0.95 0.0 0 0 -7.91248048865e-13
