VD VG VS VB Ids Qg  
-0.05 -2.0 0 0 -0.00024965049802 -1.63687241279e-13
-0.2 -2.0 0 0 -0.000994251466501 -1.52628160692e-13
-0.3 -2.0 0 0 -0.00148629887385 -1.45309262739e-13
-0.5 -2.0 0 0 -0.00245614336547 -1.30830817515e-13
-0.7 -2.0 0 0 -0.00339585714191 -1.16668091444e-13
-0.95 -2.0 0 0 -0.0044794264832 -1.00006681366e-13
-0.05 -1.9797979798 0 0 -0.000249385793672 -1.6069883205e-13
-0.2 -1.9797979798 0 0 -0.000993032522647 -1.49663101714e-13
-0.3 -1.9797979798 0 0 -0.00148426958976 -1.42361296012e-13
-0.5 -1.9797979798 0 0 -0.00245182075384 -1.27922888398e-13
-0.7 -1.9797979798 0 0 -0.00338745440277 -1.13817709922e-13
-0.95 -1.9797979798 0 0 -0.0044594636675 -9.7312149869e-14
-0.05 -1.9595959596 0 0 -0.000249111696125 -1.57716469844e-13
-0.2 -1.9595959596 0 0 -0.00099176736689 -1.46704674619e-13
-0.3 -1.9595959596 0 0 -0.00148215923034 -1.39420430448e-13
-0.5 -1.9595959596 0 0 -0.00244729967473 -1.25023411134e-13
-0.7 -1.9595959596 0 0 -0.00337858116808 -1.10978858052e-13
-0.95 -1.9595959596 0 0 -0.00443815698345 -9.46413164314e-14
-0.05 -1.93939393939 0 0 -0.000248827720122 -1.54740300662e-13
-0.2 -1.93939393939 0 0 -0.000990453441755 -1.43753050662e-13
-0.3 -1.93939393939 0 0 -0.0014799630392 -1.36486860362e-13
-0.5 -1.93939393939 0 0 -0.00244256642923 -1.22132669559e-13
-0.7 -1.93939393939 0 0 -0.00336919788027 -1.08152133106e-13
-0.95 -1.93939393939 0 0 -0.00441539900343 -9.19958858239e-14
-0.05 -1.91919191919 0 0 -0.000248533347534 -1.51770476495e-13
-0.2 -1.91919191919 0 0 -0.000989088003279 -1.4080840866e-13
-0.3 -1.91919191919 0 0 -0.00147767588914 -1.33560789341e-13
-0.5 -1.91919191919 0 0 -0.00243760603476 -1.19250966161e-13
-0.7 -1.91919191919 0 0 -0.00335926069868 -1.05338193375e-13
-0.95 -1.91919191919 0 0 -0.0043910756452 -8.93776843089e-14
-0.05 -1.89898989899 0 0 -0.000248228024602 -1.48807155669e-13
-0.2 -1.89898989899 0 0 -0.000987668104074 -1.37870935464e-13
-0.3 -1.89898989899 0 0 -0.00147529224582 -1.30642430895e-13
-0.5 -1.89898989899 0 0 -0.00243240207209 -1.16378624069e-13
-0.7 -1.89898989899 0 0 -0.00334872097977 -1.02537766407e-13
-0.95 -1.89898989899 0 0 -0.00436506649787 -8.67886574956e-14
-0.05 -1.87878787879 0 0 -0.000247911158911 -1.45850503217e-13
-0.2 -1.87878787879 0 0 -0.000986190574537 -1.34940826477e-13
-0.3 -1.87878787879 0 0 -0.00147280612696 -1.2773200917e-13
-0.5 -1.87878787879 0 0 -0.00242693651053 -1.1351598934e-13
-0.7 -1.87878787879 0 0 -0.00333752469995 -9.97516583692e-14
-0.95 -1.87878787879 0 0 -0.00433724535854 -8.4230865001e-14
-0.05 -1.85858585859 0 0 -0.000247582116054 -1.42900691282e-13
-0.2 -1.85858585859 0 0 -0.000984652001971 -1.32018286213e-13
-0.3 -1.85858585859 0 0 -0.00147021105668 -1.24829759738e-13
-0.5 -1.85858585859 0 0 -0.00242118950755 -1.1066343359e-13
-0.7 -1.85858585859 0 0 -0.00332561181929 -9.69807646174e-14
-0.95 -1.85858585859 0 0 -0.00430748100811 -8.17064714067e-14
-0.05 -1.83838383838 0 0 -0.000247240215948 -1.39957899543e-13
-0.2 -1.83838383838 0 0 -0.000983048707348 -1.29103528904e-13
-0.3 -1.83838383838 0 0 -0.00146750001408 -1.21935930466e-13
-0.5 -1.83838383838 0 0 -0.00241513917884 -1.0782135705e-13
-0.7 -1.83838383838 0 0 -0.00331291558679 -9.42260815601e-14
-0.95 -1.83838383838 0 0 -0.00427563825031 -7.92177330754e-14
-0.05 -1.81818181818 0 0 -0.00024688472878 -1.37022315682e-13
-0.2 -1.81818181818 0 0 -0.000981376719393 -1.26196779162e-13
-0.3 -1.81818181818 0 0 -0.00146466537536 -1.1905078247e-13
-0.5 -1.81818181818 0 0 -0.00240876133383 -1.04990192098e-13
-0.7 -1.81818181818 0 0 -0.00329936179135 -9.14887198336e-14
-0.95 -1.81818181818 0 0 -0.00424157922932 -7.67669805112e-14
-0.05 -1.79797979798 0 0 -0.000246514870507 -1.34094135886e-13
-0.2 -1.79797979798 0 0 -0.000979631745638 -1.23298272701e-13
-0.3 -1.79797979798 0 0 -0.0014616988484 -1.16174591186e-13
-0.5 -1.79797979798 0 0 -0.00240202917098 -1.02170407396e-13
-0.7 -1.79797979798 0 0 -0.00328486796752 -8.87699187576e-14
-0.95 -1.79797979798 0 0 -0.004205165031 -7.43565961224e-14
-0.05 -1.77777777778 0 0 -0.000246129797886 -1.31173565387e-13
-0.2 -1.77777777778 0 0 -0.000977809140011 -1.20408257122e-13
-0.3 -1.77777777778 0 0 -0.00145859139865 -1.13307647551e-13
-0.5 -1.77777777778 0 0 -0.00239491292634 -9.93625127038e-14
-0.7 -1.77777777778 0 0 -0.00326934257189 -8.6071061939e-14
-0.95 -1.77777777778 0 0 -0.00416625755864 -7.19889874648e-14
-0.05 -1.75757575758 0 0 -0.000245728602955 -1.28260819052e-13
-0.2 -1.75757575758 0 0 -0.000975903866494 -1.17526992778e-13
-0.3 -1.75757575758 0 0 -0.00145533316507 -1.10450259327e-13
-0.5 -1.75757575758 0 0 -0.00238737946763 -9.65670645444e-14
-0.7 -1.75757575758 0 0 -0.00325268415524 -8.33936937541e-14
-0.95 -1.75757575758 0 0 -0.00412472165891 -6.96665562959e-14
-0.05 -1.73737373737 0 0 -0.000245310306909 -1.25356122013e-13
-0.2 -1.73737373737 0 0 -0.000973910458268 -1.1465475372e-13
-0.3 -1.73737373737 0 0 -0.00145191336437 -1.07602752583e-13
-0.5 -1.73737373737 0 0 -0.00237939182542 -9.37846728454e-14
-0.7 -1.73737373737 0 0 -0.00323478056716 -8.07395362556e-14
-0.95 -1.73737373737 0 0 -0.00408042745738 -6.73916640362e-14
-0.05 -1.71717171717 0 0 -0.000244873853279 -1.22459710362e-13
-0.2 -1.71717171717 0 0 -0.000971822971698 -1.11791828734e-13
-0.3 -1.71717171717 0 0 -0.00144832018171 -1.04765473364e-13
-0.5 -1.71717171717 0 0 -0.00237090865131 -9.10160087672e-14
-0.7 -1.71717171717 0 0 -0.00321550824411 -7.81105058149e-14
-0.95 -1.71717171717 0 0 -0.00403325284732 -6.51665944906e-14
-0.05 -1.69696969697 0 0 -0.000244418100341 -1.19571831896e-13
-0.2 -1.69696969697 0 0 -0.000969634934385 -1.0893852249e-13
-0.3 -1.69696969697 0 0 -0.00144454064562 -1.01938789574e-13
-0.5 -1.69696969697 0 0 -0.00236188359268 -8.82618139277e-14
-0.7 -1.69696969697 0 0 -0.00319473164906 -7.55087285176e-14
-0.95 -1.69696969697 0 0 -0.00398308606061 -6.2993514921e-14
-0.05 -1.67676767677 0 0 -0.000243941812638 -1.16692746936e-13
-0.2 -1.67676767677 0 0 -0.000967339286379 -1.06095156807e-13
-0.3 -1.67676767677 0 0 -0.00144056048434 -9.91230931111e-14
-0.5 -1.67676767677 0 0 -0.00235226457224 -8.55229112791e-14
-0.7 -1.67676767677 0 0 -0.00317230294934 -7.29365529918e-14
-0.95 -1.67676767677 0 0 -0.00392982823055 -6.0874436839e-14
-0.05 -1.65656565657 0 0 -0.000243443651509 -1.1382272921e-13
-0.2 -1.65656565657 0 0 -0.000964928313504 -1.03262072058e-13
-0.3 -1.65656565657 0 0 -0.00143636396043 -9.63188023078e-14
-0.5 -1.65656565657 0 0 -0.00234199296056 -8.28002179221e-14
-0.7 -1.65656565657 0 0 -0.00314806203837 -7.03965589849e-14
-0.95 -1.65656565657 0 0 -0.00387339582088 -5.88111783998e-14
-0.05 -1.63636363636 0 0 -0.000242922164481 -1.10962066829e-13
-0.2 -1.63636363636 0 0 -0.000962393571528 -1.00439628726e-13
-0.3 -1.63636363636 0 0 -0.00143193367975 -9.35263647164e-14
-0.5 -1.63636363636 0 0 -0.00233100263035 -8.00947601664e-14
-0.7 -1.63636363636 0 0 -0.00312183702374 -6.78915596528e-14
-0.95 -1.63636363636 0 0 -0.00381372273682 -5.68053311156e-14
-0.05 -1.61616161616 0 0 -0.000242375773367 -1.08111063341e-13
-0.2 -1.61616161616 0 0 -0.000959725799707 -9.76282091426e-14
-0.3 -1.61616161616 0 0 -0.00142725037005 -9.07462603207e-14
-0.5 -1.61616161616 0 0 -0.00231921888313 -7.74076911638e-14
-0.7 -1.61616161616 0 0 -0.00309344531502 -6.54245952398e-14
-0.95 -1.61616161616 0 0 -0.00375076192376 -5.48582338206e-14
-0.05 -1.59595959596 0 0 -0.000241802760901 -1.05270038892e-13
-0.2 -1.59595959596 0 0 -0.000956914821952 -9.48282194293e-14
-0.3 -1.59595959596 0 0 -0.00142229262376 -8.79790052491e-14
-0.5 -1.59595959596 0 0 -0.00230655724343 -7.47403114189e-14
-0.7 -1.59595959596 0 0 -0.00306269544512 -6.29989156987e-14
-0.95 -1.59595959596 0 0 -0.0036844864703 -5.2970953829e-14
-0.05 -1.57575757576 0 0 -0.000241201255692 -1.024393315e-13
-0.2 -1.57575757576 0 0 -0.000953949433504 -9.20400916788e-14
-0.3 -1.57575757576 0 0 -0.00141703659803 -8.52251560938e-14
-0.5 -1.57575757576 0 0 -0.00229292212317 -7.20940924283e-14
-0.7 -1.57575757576 0 0 -0.00302938974385 -6.0617949907e-14
-0.95 -1.57575757576 0 0 -0.00361489059939 -5.11442696835e-14
-0.05 -1.55555555556 0 0 -0.000240569215247 -9.96192984509e-14
-0.2 -1.55555555556 0 0 -0.000950817270635 -8.92642864083e-14
-0.3 -1.55555555556 0 0 -0.0014114556639 -8.24853149621e-14
-0.5 -1.55555555556 0 0 -0.00227820537163 -6.94707035664e-14
-0.7 -1.55555555556 0 0 -0.00299332794667 -5.82852595812e-14
-0.95 -1.55555555556 0 0 -0.00354199088456 -4.93786499795e-14
-0.05 -1.53535353535 0 0 -0.000239904406809 -9.6810317837e-14
-0.2 -1.53535353535 0 0 -0.000947504660376 -8.6501295336e-14
-0.3 -1.53535353535 0 0 -0.00140551999498 -7.97601354177e-14
-0.5 -1.53535353535 0 0 -0.00226228474633 -6.68720420937e-14
-0.7 -1.53535353535 0 0 -0.00295431176264 -5.60044768368e-14
-0.95 -1.53535353535 0 0 -0.00346582754018 -4.7674229478e-14
-0.05 -1.51515151515 0 0 -0.000239204385648 -9.40127902505e-14
-0.2 -1.51515151515 0 0 -0.000943996446651 -8.37516445337e-14
-0.3 -1.51515151515 0 0 -0.00139919608354 -7.70503295061e-14
-0.5 -1.51515151515 0 0 -0.00224502236836 -6.43002657773e-14
-0.7 -1.51515151515 0 0 -0.00291215034434 -5.37792255941e-14
-0.95 -1.51515151515 0 0 -0.00338646560915 -4.60307841464e-14
-0.05 -1.49494949495 0 0 -0.00023846647046 -9.12271406577e-14
-0.2 -1.49494949495 0 0 -0.000940275788495 -8.1015898024e-14
-0.3 -1.49494949495 0 0 -0.00139244617019 -7.43566761092e-14
-0.5 -1.49494949495 0 0 -0.00222626326645 -6.17578270075e-14
-0.7 -1.49494949495 0 0 -0.00286666650464 -5.16130286092e-14
-0.95 -1.49494949495 0 0 -0.00330399621765 -4.44477015901e-14
-0.05 -1.47474747475 0 0 -0.000237687715398 -8.84538204709e-14
-0.2 -1.47474747475 0 0 -0.000936323925071 -7.82946619045e-14
-0.3 -1.47474747475 0 0 -0.00138522757016 -7.16800309314e-14
-0.5 -1.47474747475 0 0 -0.00220583416672 -5.92475064482e-14
-0.7 -1.47474747475 0 0 -0.00281770342372 -4.95092036307e-14
-0.95 -1.47474747475 0 0 -0.00321853803422 -4.29239434169e-14
-0.05 -1.45454545455 0 0 -0.000236864878241 -8.56933098468e-14
-0.2 -1.45454545455 0 0 -0.000932119901147 -7.55885891016e-14
-0.3 -1.45454545455 0 0 -0.00137749187663 -6.90213384935e-14
-0.5 -1.45454545455 0 0 -0.00218354275109 -5.67724431158e-14
-0.7 -1.45454545455 0 0 -0.00276513149934 -4.74707537756e-14
-0.95 -1.45454545455 0 0 -0.00313023919856 -4.14579936809e-14
-0.05 -1.43434343434 0 0 -0.000235994384083 -8.29461202411e-14
-0.2 -1.43434343434 0 0 -0.000927640245265 -7.28983848801e-14
-0.3 -1.43434343434 0 0 -0.00136918401839 -6.63816465962e-14
-0.5 -1.43434343434 0 0 -0.00215917768221 -5.43361563846e-14
-0.7 -1.43434343434 0 0 -0.00270885492785 -4.55002584432e-14
-0.95 -1.43434343434 0 0 -0.00303928056616 -4.00477780732e-14
-0.05 -1.41414141414 0 0 -0.000235072283826 -8.02127972533e-14
-0.2 -1.41414141414 0 0 -0.000922858591234 -7.0224813265e-14
-0.3 -1.41414141414 0 0 -0.00136024114617 -6.3762123818e-14
-0.5 -1.41414141414 0 0 -0.00213250976659 -5.19425538637e-14
-0.7 -1.41414141414 0 0 -0.0026488175595 -4.35997719291e-14
-0.95 -1.41414141414 0 0 -0.00294588104601 -3.86905395044e-14
-0.05 -1.39393939394 0 0 -0.000234094206658 -7.74939238025e-14
-0.2 -1.39393939394 0 0 -0.000917745231505 -6.75687045737e-14
-0.3 -1.39393939394 0 0 -0.00135059132069 -6.11640807229e-14
-0.5 -1.39393939394 0 0 -0.00210329468421 -4.95959176509e-14
-0.7 -1.39393939394 0 0 -0.00258500753114 -4.17707375718e-14
-0.95 -1.39393939394 0 0 -0.00285030351564 -3.73826986419e-14
-0.05 -1.37373737374 0 0 -0.000233055305521 -7.47901236806e-14
-0.2 -1.37373737374 0 0 -0.000912266588593 -6.4930964305e-14
-0.3 -1.37373737374 0 0 -0.00134015197536 -5.85889955593e-14
-0.5 -1.37373737374 0 0 -0.00207127772399 -4.73008605618e-14
-0.7 -1.37373737374 0 0 -0.00251746019703 -4.0013925082e-14
-0.95 -1.37373737374 0 0 -0.00275285117721 -3.61198990316e-14
-0.05 -1.35353535354 0 0 -0.000231950194438 -7.21020655379e-14
-0.2 -1.35353535354 0 0 -0.000906384587823 -6.23125836952e-14
-0.3 -1.35353535354 0 0 -0.00132882813164 -5.6038545324e-14
-0.5 -1.35353535354 0 0 -0.00203620089928 -4.50622441589e-14
-0.7 -1.35353535354 0 0 -0.00244625922002 -3.83293937368e-14
-0.95 -1.35353535354 0 0 -0.00265383218614 -3.48976833289e-14
-0.05 -1.33333333333 0 0 -0.000230772876328 -6.94304673633e-14
-0.2 -1.33333333333 0 0 -0.000900055911392 -5.97146523344e-14
-0.3 -1.33333333333 0 0 -0.0013165103577 -5.35146430732e-14
-0.5 -1.33333333333 0 0 -0.00199781264257 -4.28850524039e-14
-0.7 -1.33333333333 0 0 -0.00237153652604 -3.6716471359e-14
-0.95 -1.33333333333 0 0 -0.00255350092037 -3.371264843e-14
-0.05 -1.31313131313 0 0 -0.000229516659761 -6.67761015352e-14
-0.2 -1.31313131313 0 0 -0.000893231110102 -5.71383733364e-14
-0.3 -1.31313131313 0 0 -0.00130307248646 -5.1019482241e-14
-0.5 -1.31313131313 0 0 -0.00195587997942 -4.07742189984e-14
-0.7 -1.31313131313 0 0 -0.00229347237454 -3.51737293044e-14
-0.95 -1.31313131313 0 0 -0.00245205509872 -3.25625116116e-14
-0.05 -1.29292929293 0 0 -0.00022817406277 -6.41398005292e-14
-0.2 -1.29292929293 0 0 -0.000885853545465 -5.45850816777e-14
-0.3 -1.29292929293 0 0 -0.00128836915599 -4.85555883154e-14
-0.5 -1.29292929293 0 0 -0.00191020267458 -3.87344129116e-14
-0.7 -1.29292929293 0 0 -0.00221229624415 -3.36989398541e-14
-0.95 -1.29292929293 0 0 -0.0023496993905 -3.14448736059e-14
-0.05 -1.27272727273 0 0 -0.000226736701585 -6.15224633863e-14
-0.2 -1.27272727273 0 0 -0.000877858131842 -5.20562664734e-14
-0.3 -1.27272727273 0 0 -0.00127223331404 -4.61258773496e-14
-0.5 -1.27272727273 0 0 -0.00186062839482 -3.67697943602e-14
-0.7 -1.27272727273 0 0 -0.00212828883006 -3.22890074628e-14
-0.95 -1.27272727273 0 0 -0.00224669141077 -3.03563212229e-14
-0.05 -1.25252525253 0 0 -0.000225195161774 -5.89250630616e-14
-0.2 -1.25252525253 0 0 -0.000869169847133 -4.95535981187e-14
-0.3 -1.25252525253 0 0 -0.00125447395184 -4.37337191571e-14
-0.5 -1.25252525253 0 0 -0.00180706755409 -3.48837608594e-14
-0.7 -1.25252525253 0 0 -0.00204178584191 -3.09398601799e-14
-0.95 -1.25252525253 0 0 -0.0021433414221 -2.92924470833e-14
-0.05 -1.23232323232 0 0 -0.000223538848902 -5.63486547992e-14
-0.2 -1.23232323232 0 0 -0.000859701983675 -4.70789613931e-14
-0.3 -1.23232323232 0 0 -0.0012348745146 -4.13830003272e-14
-0.5 -1.23232323232 0 0 -0.0017495063193 -3.30787077158e-14
-0.7 -1.23232323232 0 0 -0.00195318223775 -2.96463280178e-14
-0.95 -1.23232323232 0 0 -0.0020399618896 -2.82488815669e-14
-0.05 -1.21212121212 0 0 -0.000221755815402 -5.37943856996e-14
-0.2 -1.21212121212 0 0 -0.000849354122589 -4.46344957478e-14
-0.3 -1.21212121212 0 0 -0.00121319268118 -3.90781780701e-14
-0.5 -1.21212121212 0 0 -0.00168801633497 -3.13558278262e-14
-0.7 -1.21212121212 0 0 -0.00186292543793 -2.84022351657e-14
-0.95 -1.21212121212 0 0 -0.00193682206256 -2.72221998258e-14
-0.05 -1.19191919192 0 0 -0.000219832559955 -5.12635056831e-14
-0.2 -1.19191919192 0 0 -0.000838009842117 -4.22226439909e-14
-0.3 -1.19191919192 0 0 -0.00118916249983 -3.68243102868e-14
-0.5 -1.19191919192 0 0 -0.00162276006335 -2.97149714698e-14
-0.7 -1.19191919192 0 0 -0.00177147094333 -2.7201247354e-14
-0.95 -1.19191919192 0 0 -0.00183414986198 -2.62098875731e-14
-0.05 -1.17171717172 0 0 -0.000217753795304 -4.8757380086e-14
-0.2 -1.17171717172 0 0 -0.000825534224918 -3.98462102942e-14
-0.3 -1.17171717172 0 0 -0.0011625001521 -3.46270406814e-14
-0.5 -1.17171717172 0 0 -0.00155399129117 -2.81545768817e-14
-0.7 -1.17171717172 0 0 -0.00167920559161 -2.60383976673e-14
-0.95 -1.17171717172 0 0 -0.00173215303837 -2.52099436348e-14
-0.05 -1.15151515152 0 0 -0.000215502180192 -4.62775041701e-14
-0.2 -1.15151515152 0 0 -0.000811771328736 -3.75084275703e-14
-0.3 -1.15151515152 0 0 -0.00113291477268 -3.24925118641e-14
-0.5 -1.15151515152 0 0 -0.00148205168614 -2.66716613558e-14
-0.7 -1.15151515152 0 0 -0.00158643457025 -2.49103824673e-14
-0.95 -1.15151515152 0 0 -0.00163103501493 -2.42205933506e-14
-0.05 -1.13131313131 0 0 -0.000213058011199 -4.38255198769e-14
-0.2 -1.13131313131 0 0 -0.000796541953803 -3.52130323667e-14
-0.3 -1.13131313131 0 0 -0.00110012558557 -3.04271774727e-14
-0.5 -1.13131313131 0 0 -0.00140736624264 -2.52618307191e-14
-0.7 -1.13131313131 0 0 -0.0014934602291 -2.38140435633e-14
-0.95 -1.13131313131 0 0 -0.00153100283091 -2.3240156724e-14
-0.05 -1.11111111111 0 0 -0.000210398870782 -4.14032352144e-14
-0.2 -1.11111111111 0 0 -0.000779642308168 -3.29643418109e-14
-0.3 -1.11111111111 0 0 -0.00106388590219 -2.84374908627e-14
-0.5 -1.11111111111 0 0 -0.00133044065756 -2.3919260137e-14
-0.7 -1.11111111111 0 0 -0.00140064580105 -2.27451302742e-14
-0.95 -1.11111111111 0 0 -0.0014322706254 -2.22670040722e-14
-0.05 -1.09090909091 0 0 -0.000207499229429 -3.90126467231e-14
-0.2 -1.09090909091 0 0 -0.000760844562199 -3.07673210214e-14
-0.3 -1.09090909091 0 0 -0.00102401313452 -2.65294669065e-14
-0.5 -1.09090909091 0 0 -0.00125185757482 -2.26367086957e-14
-0.7 -1.09090909091 0 0 -0.00130842380263 -2.16981553365e-14
-0.95 -1.09090909091 0 0 -0.00133506117626 -2.12995513556e-14
-0.05 -1.07070707071 0 0 -0.000204330002965 -3.66559655272e-14
-0.2 -1.07070707071 0 0 -0.000739900786734 -2.86276201685e-14
-0.3 -1.07070707071 0 0 -0.000980422055587 -2.47081449932e-14
-0.5 -1.07070707071 0 0 -0.00117225223149 -2.14059549855e-14
-0.7 -1.07070707071 0 0 -0.00121724085708 -2.06675456611e-14
-0.95 -1.07070707071 0 0 -0.00123960663293 -2.03362737463e-14
-0.05 -1.05050505051 0 0 -0.000200858072107 -3.43356475259e-14
-0.2 -1.05050505051 0 0 -0.000716552293817 -2.65515484342e-14
-0.3 -1.05050505051 0 0 -0.000933156670615 -2.29770179606e-14
-0.5 -1.05050505051 0 0 -0.00109223895855 -2.02192460857e-14
-0.7 -1.05050505051 0 0 -0.00112749434707 -1.96489459618e-14
-0.95 -1.05050505051 0 0 -0.00114614883405 -1.93757300466e-14
-0.05 -1.0303030303 0 0 -0.000197045781971 -3.20544282873e-14
-0.2 -1.0303030303 0 0 -0.000690546701234 -2.45459403492e-14
-0.3 -1.0303030303 0 0 -0.000882415155332 -2.13375181994e-14
-0.5 -1.0303030303 0 0 -0.00101232785378 -1.90710106092e-14
-0.7 -1.0303030303 0 0 -0.00103952685723 -1.86393634733e-14
-0.95 -1.0303030303 0 0 -0.00105493926503 -1.8416596712e-14
-0.05 -1.0101010101 0 0 -0.000192850457639 -2.98153631447e-14
-0.2 -1.0101010101 0 0 -0.000661664684986 -2.26178652905e-14
-0.3 -1.0101010101 0 0 -0.000828563138473 -1.97886522174e-14
-0.5 -1.0101010101 0 0 -0.000932946817344 -1.79575145839e-14
-0.7 -1.0101010101 0 0 -0.000953651245167 -1.763671438e-14
-0.95 -1.0101010101 0 0 -0.000966238560003 -1.74577128116e-14
-0.05 -0.989898989899 0 0 -0.00018822400264 -2.76218727675e-14
-0.2 -0.989898989899 0 0 -0.000629756827909 -2.07741441873e-14
-0.3 -0.989898989899 0 0 -0.000772133103106 -1.83268437124e-14
-0.5 -0.989898989899 0 0 -0.000854538421255 -1.68750001575e-14
-0.7 -0.989898989899 0 0 -0.00087017084719 -1.66394694545e-14
-0.95 -0.989898989899 0 0 -0.000880315380544 -1.64981382578e-14
-0.05 -0.969696969697 0 0 -0.000183112697858 -2.54777939548e-14
-0.2 -0.969696969697 0 0 -0.000594787934095 -1.9020678861e-14
-0.3 -0.969696969697 0 0 -0.000713810351323 -1.69460057792e-14
-0.5 -0.969696969697 0 0 -0.000777613790778 -1.58186377064e-14
-0.7 -0.969696969697 0 0 -0.00078938859878 -1.56465157699e-14
-0.95 -0.969696969697 0 0 -0.00079744447158 -1.55372277735e-14
-0.05 -0.949494949495 0 0 -0.000177457399571 -2.3387434316e-14
-0.2 -0.949494949495 0 0 -0.000556882214452 -1.73616675726e-14
-0.3 -0.949494949495 0 0 -0.000654404565977 -1.56378984498e-14
-0.5 -0.949494949495 0 0 -0.000702745534117 -1.47826974991e-14
-0.7 -0.949494949495 0 0 -0.000711608914247 -1.46571569925e-14
-0.95 -0.949494949495 0 0 -0.000717903693602 -1.4574722452e-14
-0.05 -0.929292929293 0 0 -0.000171194461863 -2.13556274317e-14
-0.2 -0.929292929293 0 0 -0.000516359576845 -1.57988520733e-14
-0.3 -0.929292929293 0 0 -0.000594793831727 -1.43930768426e-14
-0.5 -0.929292929293 0 0 -0.00063049571078 -1.3762051011e-14
-0.7 -0.929292929293 0 0 -0.000637135567834 -1.36711864227e-14
-0.95 -0.929292929293 0 0 -0.000641969859288 -1.36108593342e-14
-0.05 -0.909090909091 0 0 -0.00016425789703 -1.93877813181e-14
-0.2 -0.909090909091 0 0 -0.000473752876122 -1.43309798558e-14
-0.3 -0.909090909091 0 0 -0.000535820808678 -1.32028913258e-14
-0.5 -0.909090909091 0 0 -0.000561349148612 -1.27535609435e-14
-0.7 -0.909090909091 0 0 -0.000566267080004 -1.26889991816e-14
-0.95 -0.909090909091 0 0 -0.000569913260907 -1.2646496998e-14
-0.05 -0.888888888889 0 0 -0.00015658354831 -1.74899065067e-14
-0.2 -0.888888888889 0 0 -0.000429798024359 -1.29536655429e-14
-0.3 -0.888888888889 0 0 -0.00047818456949 -1.20617169218e-14
-0.5 -0.888888888889 0 0 -0.00049570859934 -1.17562083981e-14
-0.7 -0.888888888889 0 0 -0.000499290169403 -1.17117258633e-14
-0.95 -0.888888888889 0 0 -0.000501990854653 -1.168325154e-14
-0.05 -0.868686868687 0 0 -0.000148116364411 -1.56685994187e-14
-0.2 -0.868686868687 0 0 -0.000385387921718 -1.16598874722e-14
-0.3 -0.868686868687 0 0 -0.000422445603437 -1.09669882056e-14
-0.5 -0.868686868687 0 0 -0.000433915436999 -1.0770673129e-14
-0.7 -0.868686868687 0 0 -0.000436471485312 -1.07413730714e-14
-0.95 -0.868686868687 0 0 -0.000438438151435 -1.07236322611e-14
-0.05 -0.848484848485 0 0 -0.000138822139576 -1.39309407558e-14
-0.2 -0.848484848485 0 0 -0.000341474052678 -1.04415266588e-14
-0.3 -0.848484848485 0 0 -0.00036912248566 -9.9172841381e-15
-0.5 -0.848484848485 0 0 -0.000376262033315 -9.79902695337e-15
-0.7 -0.848484848485 0 0 -0.000378047761686 -9.78095193122e-15
-0.95 -0.848484848485 0 0 -0.000379459922298 -9.7711594529e-15
-0.05 -0.828282828283 0 0 -0.000128705050462 -1.22842478335e-14
-0.2 -0.828282828283 0 0 -0.000298916711491 -9.29204656196e-15
-0.3 -0.828282828283 0 0 -0.000318744402921 -8.91111233944e-15
-0.5 -0.828282828283 0 0 -0.000322991283081 -8.84460731047e-15
-0.7 -0.828282828283 0 0 -0.000324214538385 -8.83456641768e-15
-0.95 -0.828282828283 0 0 -0.00032521982731 -8.83043729421e-15
-0.05 -0.808080808081 0 0 -0.000117831381138 -1.07356005392e-14
-0.2 -0.808080808081 0 0 -0.000258368826974 -8.20866378013e-15
-0.3 -0.808080808081 0 0 -0.0002718406891 -7.9468102742e-15
-0.5 -0.808080808081 0 0 -0.000274287793175 -7.91194419131e-15
-0.7 -0.808080808081 0 0 -0.00027511357948 -7.90741990454e-15
-0.95 -0.808080808081 0 0 -0.000275829000516 -7.90714225187e-15
-0.05 -0.787878787879 0 0 -0.000106356732605 -9.29106597795e-15
-0.2 -0.787878787879 0 0 -0.000220297884944 -7.19169321972e-15
-0.3 -0.787878787879 0 0 -0.000228875747867 -7.02341780169e-15
-0.5 -0.787878787879 0 0 -0.000230264553941 -7.00660955474e-15
-0.7 -0.787878787879 0 0 -0.000230819080571 -7.00568174139e-15
-0.95 -0.787878787879 0 0 -0.000231333516775 -7.00787173021e-15
-0.05 -0.767676767677 0 0 -9.45463855733e-05 -7.95463999707e-15
-0.2 -0.767676767677 0 0 -0.00018507388131 -6.24217879666e-15
-0.3 -0.767676767677 0 0 -0.000190159979813 -6.14186428304e-15
-0.5 -0.767676767677 0 0 -0.000190947390863 -6.13487729865e-15
-0.7 -0.767676767677 0 0 -0.000191322901126 -6.13614160013e-15
-0.95 -0.767676767677 0 0 -0.000191700767663 -6.13978417216e-15
-0.05 -0.747474747475 0 0 -8.27639048673e-05 -6.72722291956e-15
-0.2 -0.747474747475 0 0 -0.000152998059631 -5.36029318791e-15
-0.3 -0.747474747475 0 0 -0.000155807214276 -5.30496272492e-15
-0.5 -0.747474747475 0 0 -0.000156259508177 -5.30311202833e-15
-0.7 -0.747474747475 0 0 -0.000156520055229 -5.30558968548e-15
-0.95 -0.747474747475 0 0 -0.000156805774319 -5.30997186294e-15
-0.05 -0.727272727273 0 0 -7.13905343372e-05 -5.60646460201e-15
-0.2 -0.727272727273 0 0 -0.00012428211768 -4.54457588659e-15
-0.3 -0.727272727273 0 0 -0.000125742917044 -4.51620621827e-15
-0.5 -0.727272727273 0 0 -0.00012601116531 -4.51690887579e-15
-0.7 -0.727272727273 0 0 -0.000126198922768 -4.51995441963e-15
-0.95 -0.727272727273 0 0 -0.000126421739046 -4.52459964608e-15
-0.05 -0.707070707071 0 0 -6.06730011047e-05 -4.58840101885e-15
-0.2 -0.707070707071 0 0 -9.9007699694e-05 -3.79203601947e-15
-0.3 -0.707070707071 0 0 -9.97374447233e-05 -3.77842009778e-15
-0.5 -0.707070707071 0 0 -9.99057430225e-05 -3.78028415501e-15
-0.7 -0.707070707071 0 0 -0.000100047152763 -3.78349957627e-15
-0.95 -0.707070707071 0 0 -0.000100225709409 -3.78810981198e-15
-0.05 -0.686868686869 0 0 -5.0618233153e-05 -3.67034334051e-15
-0.2 -0.686868686869 0 0 -7.71054126139e-05 -3.09943186773e-15
-0.3 -0.686868686869 0 0 -7.74644839899e-05 -3.09334572733e-15
-0.5 -0.686868686869 0 0 -7.75785447807e-05 -3.09564489688e-15
-0.7 -0.686868686869 0 0 -7.76895544457e-05 -3.09880497832e-15
-0.95 -0.686868686869 0 0 -7.78356350373e-05 -3.10321107043e-15
-0.05 -0.666666666667 0 0 -4.11011372806e-05 -2.85279223025e-15
-0.2 -0.666666666667 0 0 -5.84092516994e-05 -2.46536614562e-15
-0.3 -0.666666666667 0 0 -5.85882580101e-05 -2.46293946328e-15
-0.5 -0.666666666667 0 0 -5.86720255517e-05 -2.46531001767e-15
-0.7 -0.666666666667 0 0 -5.87619083026e-05 -2.46829737553e-15
-0.95 -0.666666666667 0 0 -5.88829401721e-05 -2.47241143215e-15
-0.05 -0.646464646465 0 0 -3.21107424607e-05 -2.13940566438e-15
-0.2 -0.646464646465 0 0 -4.27513839351e-05 -1.89257445257e-15
-0.3 -0.646464646465 0 0 -4.28445175493e-05 -1.89185571326e-15
-0.5 -0.646464646465 0 0 -4.29097493824e-05 -1.8941166266e-15
-0.7 -0.646464646465 0 0 -4.298356146e-05 -1.89686544521e-15
-0.95 -0.646464646465 0 0 -4.30840107979e-05 -1.90063247481e-15
-0.05 -0.626262626263 0 0 -2.38580230977e-05 -1.53565449525e-15
-0.2 -0.626262626263 0 0 -3.00017758209e-05 -1.38870348393e-15
-0.3 -0.626262626263 0 0 -3.0053458855e-05 -1.38873700461e-15
-0.5 -0.626262626263 0 0 -3.01053906839e-05 -1.39078641297e-15
-0.7 -0.626262626263 0 0 -3.01656227058e-05 -1.39324232877e-15
-0.95 -0.626262626263 0 0 -3.02479265266e-05 -1.39660311596e-15
-0.05 -0.606060606061 0 0 -1.6679592483e-05 -1.04602011391e-15
-0.2 -0.606060606061 0 0 -2.0025581069e-05 -9.64072449842e-16
-0.3 -0.606060606061 0 0 -2.00562016608e-05 -9.64392544889e-16
-0.5 -0.606060606061 0 0 -2.00970125989e-05 -9.66158400054e-16
-0.7 -0.606060606061 0 0 -2.01448661283e-05 -9.68263198131e-16
-0.95 -0.606060606061 0 0 -2.02103573913e-05 -9.7114362839e-16
-0.05 -0.585858585859 0 0 -1.08808871891e-05 -6.70575833525e-16
-0.2 -0.585858585859 0 0 -1.26200741987e-05 -6.27309432274e-16
-0.3 -0.585858585859 0 0 -1.26390102956e-05 -6.27687601268e-16
-0.5 -0.585858585859 0 0 -1.26698140379e-05 -6.29115755835e-16
-0.7 -0.585858585859 0 0 -1.27061298648e-05 -6.30815345316e-16
-0.95 -0.585858585859 0 0 -1.27558776928e-05 -6.33142824625e-16
-0.05 -0.565656565657 0 0 -6.60128163636e-06 -4.02499593716e-16
-0.2 -0.565656565657 0 0 -7.47710879512e-06 -3.80547692531e-16
-0.3 -0.565656565657 0 0 -7.48890435947e-06 -3.80876008808e-16
-0.5 -0.565656565657 0 0 -7.51077260348e-06 -3.819420505e-16
-0.7 -0.565656565657 0 0 -7.53664125557e-06 -3.83210777493e-16
-0.95 -0.565656565657 0 0 -7.57211244235e-06 -3.84949978228e-16
-0.05 -0.545454545455 0 0 -3.74123670691e-06 -2.26623429719e-16
-0.2 -0.545454545455 0 0 -4.17385439447e-06 -2.15774138793e-16
-0.3 -0.545454545455 0 0 -4.18101968818e-06 -2.16014572565e-16
-0.5 -0.545454545455 0 0 -4.19544276561e-06 -2.1674148201e-16
-0.7 -0.545454545455 0 0 -4.21254756836e-06 -2.17607300261e-16
-0.95 -0.545454545455 0 0 -4.23602788331e-06 -2.18795608375e-16
-0.05 -0.525252525253 0 0 -2.00419181787e-06 -1.20880737884e-16
-0.2 -0.525252525253 0 0 -2.21542248405e-06 -1.15604241671e-16
-0.3 -0.525252525253 0 0 -2.2195967561e-06 -1.15760309798e-16
-0.5 -0.525252525253 0 0 -2.22844233906e-06 -1.16215117801e-16
-0.7 -0.525252525253 0 0 -2.23895437209e-06 -1.16757443837e-16
-0.95 -0.525252525253 0 0 -2.25340150786e-06 -1.17502697309e-16
-0.05 -0.505050505051 0 0 -1.03007910991e-06 -6.19419893647e-17
-0.2 -0.505050505051 0 0 -1.13247576578e-06 -5.93994712106e-17
-0.3 -0.505050505051 0 0 -1.13480711623e-06 -5.94924357087e-17
-0.5 -0.505050505051 0 0 -1.13991302978e-06 -5.97578885759e-17
-0.7 -0.505050505051 0 0 -1.14599148309e-06 -6.00747967055e-17
-0.95 -0.505050505051 0 0 -1.15435486898e-06 -6.05108032692e-17
-0.05 -0.484848484848 0 0 -5.14879685616e-07 -3.08962166236e-17
-0.2 -0.484848484848 0 0 -5.6429146352e-07 -2.96773167612e-17
-0.3 -0.484848484848 0 0 -5.65549948962e-07 -2.97295595875e-17
-0.5 -0.484848484848 0 0 -5.68368142991e-07 -2.98769352019e-17
-0.7 -0.484848484848 0 0 -5.71728156967e-07 -3.00530778165e-17
-0.95 -0.484848484848 0 0 -5.76356109102e-07 -3.02956808785e-17
-0.05 -0.464646464646 0 0 -2.52861143791e-07 -1.51513466683e-17
-0.2 -0.464646464646 0 0 -2.7663575564e-07 -1.45686035576e-17
-0.3 -0.464646464646 0 0 -2.77298619722e-07 -1.45968665802e-17
-0.5 -0.464646464646 0 0 -2.78806831137e-07 -1.46759759043e-17
-0.7 -0.464646464646 0 0 -2.80607353908e-07 -1.47706264682e-17
-0.95 -0.464646464646 0 0 -2.83089726113e-07 -1.49011182622e-17
-0.05 -0.444444444444 0 0 -1.22850738684e-07 -7.35399079477e-18
-0.2 -0.444444444444 0 0 -1.34269040328e-07 -7.07580293591e-18
-0.3 -0.444444444444 0 0 -1.34612348387e-07 -7.09072239592e-18
-0.5 -0.444444444444 0 0 -1.35402982191e-07 -7.13225751272e-18
-0.7 -0.444444444444 0 0 -1.36347942153e-07 -7.18200041366e-18
-0.95 -0.444444444444 0 0 -1.37651916416e-07 -7.25064125468e-18
-0.05 -0.424242424242 0 0 -5.93010308926e-08 -3.54755771799e-18
-0.2 -0.424242424242 0 0 -6.47787365403e-08 -3.41486521115e-18
-0.3 -0.424242424242 0 0 -6.49545174158e-08 -3.4226157269e-18
-0.5 -0.424242424242 0 0 -6.53632736447e-08 -3.44410678921e-18
-0.7 -0.424242424242 0 0 -6.58523253924e-08 -3.46986773282e-18
-0.95 -0.424242424242 0 0 -6.65277416565e-08 -3.50544532394e-18
-0.05 -0.40404040404 0 0 -2.85146614459e-08 -1.70513296575e-18
-0.2 -0.40404040404 0 0 -3.11407229335e-08 -1.64186698514e-18
-0.3 -0.40404040404 0 0 -3.12300167031e-08 -1.64585012827e-18
-0.5 -0.40404040404 0 0 -3.14393377986e-08 -1.65686043203e-18
-0.7 -0.40404040404 0 0 -3.16900168131e-08 -1.67006928024e-18
-0.95 -0.40404040404 0 0 -3.20364948717e-08 -1.68832596505e-18
-0.05 -0.383838383838 0 0 -1.36796361993e-08 -8.1781725865e-19
-0.2 -0.383838383838 0 0 -1.49381254353e-08 -7.87658817235e-19
-0.3 -0.383838383838 0 0 -1.49832289549e-08 -7.89690391464e-19
-0.5 -0.383838383838 0 0 -1.50896938682e-08 -7.95291900944e-19
-0.7 -0.383838383838 0 0 -1.5217307304e-08 -8.02017188372e-19
-0.95 -0.383838383838 0 0 -1.53938216366e-08 -8.11319571286e-19
-0.05 -0.363636363636 0 0 -6.55378355637e-09 -3.91751944848e-19
-0.2 -0.363636363636 0 0 -7.15677404195e-09 -3.773766612e-19
-0.3 -0.363636363636 0 0 -7.17946051874e-09 -3.78407098204e-19
-0.5 -0.363636363636 0 0 -7.23333718407e-09 -3.81242212708e-19
-0.7 -0.363636363636 0 0 -7.29796981465e-09 -3.84648636808e-19
-0.95 -0.363636363636 0 0 -7.38743404038e-09 -3.89363796092e-19
-0.05 -0.343434343434 0 0 -3.13742359725e-09 -1.87524523168e-19
-0.2 -0.343434343434 0 0 -3.42631191417e-09 -1.80672535468e-19
-0.3 -0.343434343434 0 0 -3.43768575829e-09 -1.81192960344e-19
-0.5 -0.343434343434 0 0 -3.46484361604e-09 -1.8262223378e-19
-0.7 -0.343434343434 0 0 -3.49744893411e-09 -1.84340739183e-19
-0.95 -0.343434343434 0 0 -3.54261274772e-09 -1.86721157449e-19
-0.05 -0.323232323232 0 0 -1.50131103091e-09 -8.97300468043e-20
-0.2 -0.323232323232 0 0 -1.63970878764e-09 -8.64640471073e-20
-0.3 -0.323232323232 0 0 -1.64539621922e-09 -8.6726000869e-20
-0.5 -0.323232323232 0 0 -1.65904309104e-09 -8.74442764831e-20
-0.7 -0.323232323232 0 0 -1.67543961223e-09 -8.83084911871e-20
-0.95 -0.323232323232 0 0 -1.69816707038e-09 -8.95063925819e-20
-0.05 -0.30303030303 0 0 -7.18245206155e-10 -4.29270565704e-20
-0.2 -0.30303030303 0 0 -7.8454584852e-10 -4.13703202346e-20
-0.3 -0.30303030303 0 0 -7.87383700342e-10 -4.15018070753e-20
-0.5 -0.30303030303 0 0 -7.94223596826e-10 -4.18618372651e-20
-0.7 -0.30303030303 0 0 -8.02447543845e-10 -4.22953020583e-20
-0.95 -0.30303030303 0 0 -8.13854514169e-10 -4.28965368623e-20
-0.05 -0.282828282828 0 0 -3.43579245723e-10 -2.05343504148e-20
-0.2 -0.282828282828 0 0 -3.75340736137e-10 -1.97923370034e-20
-0.3 -0.282828282828 0 0 -3.76754124377e-10 -1.98581801442e-20
-0.5 -0.282828282828 0 0 -3.80174767076e-10 -2.00382429836e-20
-0.7 -0.282828282828 0 0 -3.84290424891e-10 -2.02551703837e-20
-0.95 -0.282828282828 0 0 -3.90002777695e-10 -2.05562564146e-20
-0.05 -0.262626262626 0 0 -1.64345430396e-10 -9.8222183742e-21
-0.2 -0.262626262626 0 0 -1.79560739514e-10 -9.46854300925e-21
-0.3 -0.262626262626 0 0 -1.80263530159e-10 -9.50144601762e-21
-0.5 -0.262626262626 0 0 -1.81970881547e-10 -9.59132606548e-21
-0.7 -0.262626262626 0 0 -1.840265132e-10 -9.69967419241e-21
-0.95 -0.262626262626 0 0 -1.86881491927e-10 -9.850154356e-21
-0.05 -0.242424242424 0 0 -7.86098510179e-11 -4.69816126563e-21
-0.2 -0.242424242424 0 0 -8.58986952499e-11 -4.52958616775e-21
-0.3 -0.242424242424 0 0 -8.62476355857e-11 -4.54599781385e-21
-0.5 -0.242424242424 0 0 -8.70983443181e-11 -4.59078389533e-21
-0.7 -0.242424242424 0 0 -8.81232541e-11 -4.6448048556e-21
-0.95 -0.242424242424 0 0 -8.95476199279e-11 -4.71988036718e-21
-0.05 -0.222222222222 0 0 -3.76002596605e-11 -2.24719782496e-21
-0.2 -0.222222222222 0 0 -4.10919447079e-11 -2.16684946594e-21
-0.3 -0.222222222222 0 0 -4.12649621166e-11 -2.17502158869e-21
-0.5 -0.222222222222 0 0 -4.16881656411e-11 -2.19730242237e-21
-0.7 -0.222222222222 0 0 -4.21983523349e-11 -2.22419335104e-21
-0.95 -0.222222222222 0 0 -4.29078326796e-11 -2.26158864392e-21
-0.05 -0.20202020202 0 0 -1.79846536969e-11 -1.07486104369e-21
-0.2 -0.20202020202 0 0 -1.96573234603e-11 -1.03656488221e-21
-0.3 -0.20202020202 0 0 -1.97430062239e-11 -1.04062782721e-21
-0.5 -0.20202020202 0 0 -1.99532307751e-11 -1.05169622392e-21
-0.7 -0.20202020202 0 0 -2.02068209588e-11 -1.06506244842e-21
-0.95 -0.20202020202 0 0 -2.05596916937e-11 -1.08366158203e-21
-0.05 -0.181818181818 0 0 -8.60225022103e-12 -5.14117276178e-22
-0.2 -0.181818181818 0 0 -9.40353072954e-12 -4.95864523752e-22
-0.3 -0.181818181818 0 0 -9.44591315116e-12 -4.97881638132e-22
-0.5 -0.181818181818 0 0 -9.5502004112e-12 -5.03372630101e-22
-0.7 -0.181818181818 0 0 -9.67607647813e-12 -5.10007310966e-22
-0.95 -0.181818181818 0 0 -9.85134225426e-12 -5.19245226494e-22
-0.05 -0.161616161616 0 0 -4.11454132632e-12 -2.45907368792e-22
-0.2 -0.161616161616 0 0 -4.49838758131e-12 -2.37207851596e-22
-0.3 -0.161616161616 0 0 -4.51932927967e-12 -2.38207949318e-22
-0.5 -0.161616161616 0 0 -4.57099937692e-12 -2.40928577615e-22
-0.7 -0.161616161616 0 0 -4.63340218712e-12 -2.44217713574e-22
-0.95 -0.161616161616 0 0 -4.72034360462e-12 -2.4880022634e-22
-0.05 -0.141414141414 0 0 -1.9680247681e-12 -1.17619844295e-22
-0.2 -0.141414141414 0 0 -2.15190245084e-12 -1.13473587622e-22
-0.3 -0.141414141414 0 0 -2.16224000043e-12 -1.13968819168e-22
-0.5 -0.141414141414 0 0 -2.18780972077e-12 -1.15315257275e-22
-0.7 -0.141414141414 0 0 -2.21870968084e-12 -1.16943912881e-22
-0.95 -0.141414141414 0 0 -2.26178630779e-12 -1.19214404522e-22
-0.05 -0.121212121212 0 0 -9.41324651936e-13 -5.62586859209e-23
-0.2 -0.121212121212 0 0 -1.02940959974e-12 -5.42825642322e-23
-0.3 -0.121212121212 0 0 -1.03450706345e-12 -5.45275298654e-23
-0.5 -0.121212121212 0 0 -1.0471475225e-12 -5.51931348922e-23
-0.7 -0.121212121212 0 0 -1.06243133693e-12 -5.59986975159e-23
-0.95 -0.121212121212 0 0 -1.08375073272e-12 -5.71224145897e-23
-0.05 -0.10101010101 0 0 -4.50244419913e-13 -2.69090564759e-23
-0.2 -0.10101010101 0 0 -4.92440193346e-13 -2.59672532146e-23
-0.3 -0.10101010101 0 0 -4.94952053882e-13 -2.60882808017e-23
-0.5 -0.10101010101 0 0 -5.01194266031e-13 -2.64169882852e-23
-0.7 -0.10101010101 0 0 -5.0874595985e-13 -2.68150292705e-23
-0.95 -0.10101010101 0 0 -5.19286463069e-13 -2.73706052434e-23
-0.05 -0.0808080808081 0 0 -2.15356090186e-13 -1.28708535883e-23
-0.2 -0.0808080808081 0 0 -2.35569580625e-13 -1.24219964165e-23
-0.3 -0.0808080808081 0 0 -2.36806093285e-13 -1.24817363332e-23
-0.5 -0.0808080808081 0 0 -2.3988553762e-13 -1.26439171107e-23
-0.7 -0.0808080808081 0 0 -2.43613475055e-13 -1.28403976822e-23
-0.95 -0.0808080808081 0 0 -2.48819906222e-13 -1.31148077671e-23
-0.05 -0.0606060606061 0 0 -1.41395347547e-13 -5.14680212594e-24
-0.2 -0.0606060606061 0 0 -1.69221751689e-13 -4.45579423758e-24
-0.3 -0.0606060606061 0 0 -1.70197437114e-13 -4.47559111753e-24
-0.5 -0.0606060606061 0 0 -1.72479463407e-13 -4.53544086621e-24
-0.7 -0.0606060606061 0 0 -1.75241273858e-13 -4.60806411161e-24
-0.95 -0.0606060606061 0 0 -1.79100778421e-13 -4.70955187222e-24
-0.05 -0.040404040404 0 0 -6.7630712121e-14 -2.4617634591e-24
-0.2 -0.040404040404 0 0 -8.09508969073e-14 -2.13152575916e-24
-0.3 -0.040404040404 0 0 -8.14296578096e-14 -2.14131221364e-24
-0.5 -0.040404040404 0 0 -8.25535168929e-14 -2.17078941937e-24
-0.7 -0.040404040404 0 0 -8.39144243583e-14 -2.20657519133e-24
-0.95 -0.040404040404 0 0 -8.58173663429e-14 -2.2566140804e-24
-0.05 -0.020202020202 0 0 -3.234839944e-14 -1.17748424124e-24
-0.2 -0.020202020202 0 0 -3.8724617818e-14 -1.01966174624e-24
-0.3 -0.020202020202 0 0 -3.89593922446e-14 -1.02449463089e-24
-0.5 -0.020202020202 0 0 -3.95124321753e-14 -1.0390007953e-24
-0.7 -0.020202020202 0 0 -4.01824890229e-14 -1.05662029012e-24
-0.95 -0.020202020202 0 0 -4.1119979341e-14 -1.08127210527e-24
-0.05 0.0 0 0 -1.54725406482e-14 -5.63201772115e-25
-0.2 0.0 0 0 -1.85247610263e-14 -4.87777389289e-25
-0.3 0.0 0 0 -1.86398220675e-14 -4.90161602739e-25
-0.5 0.0 0 0 -1.89117599053e-14 -4.97294965179e-25
-0.7 0.0 0 0 -1.92414168388e-14 -5.05963466616e-25
-0.95 0.0 0 0 -1.97029198951e-14 -5.1809893918e-25
