VD VG VS VB Ids Qg  
-0.05 -2.0 0 0 -0.000800136812797 -6.69467946145e-14
-0.2 -2.0 0 0 -0.00318358881596 -6.26773239708e-14
-0.3 -2.0 0 0 -0.00474910205753 -5.98609429789e-14
-0.5 -2.0 0 0 -0.00767938322116 -5.45141755681e-14
-0.7 -2.0 0 0 -0.00986177106705 -5.05381246876e-14
-0.95 -2.0 0 0 -0.0116306704075 -4.74698959748e-14
-0.05 -1.9797979798 0 0 -0.000799265448353 -6.57506617955e-14
-0.2 -1.9797979798 0 0 -0.00317945798671 -6.14902071422e-14
-0.3 -1.9797979798 0 0 -0.00474167531558 -5.86811049879e-14
-0.5 -1.9797979798 0 0 -0.00765383075476 -5.33678899837e-14
-0.7 -1.9797979798 0 0 -0.00979812439913 -4.94667648984e-14
-0.95 -1.9797979798 0 0 -0.0115295517883 -4.64714220821e-14
-0.05 -1.9595959596 0 0 -0.000798363862962 -6.45569062127e-14
-0.2 -1.9595959596 0 0 -0.00317516989667 -6.03056979087e-14
-0.3 -1.9595959596 0 0 -0.00473392858176 -5.7504122582e-14
-0.5 -1.9595959596 0 0 -0.00762689773648 -5.22263547834e-14
-0.7 -1.9595959596 0 0 -0.0097322410688 -4.84017940935e-14
-0.95 -1.9595959596 0 0 -0.0114259805877 -4.54795811988e-14
-0.05 -1.93939393939 0 0 -0.000797430531439 -6.33655841605e-14
-0.2 -1.93939393939 0 0 -0.00317071571655 -5.91238630295e-14
-0.3 -1.93939393939 0 0 -0.00472584116959 -5.63300790418e-14
-0.5 -1.93939393939 0 0 -0.00759849907106 -5.10897763808e-14
-0.7 -1.93939393939 0 0 -0.00966405239446 -4.73433784774e-14
-0.95 -1.93939393939 0 0 -0.0113198916882 -4.44945291987e-14
-0.05 -1.91919191919 0 0 -0.000796463827705 -6.21767541947e-14
-0.2 -1.91919191919 0 0 -0.00316608595723 -5.79447722324e-14
-0.3 -1.91919191919 0 0 -0.00471739061107 -5.51590622566e-14
-0.5 -1.91919191919 0 0 -0.00756854517609 -4.99583714577e-14
-0.7 -1.91919191919 0 0 -0.00959348790605 -4.62916886353e-14
-0.95 -1.91919191919 0 0 -0.0112112183601 -4.35164263423e-14
-0.05 -1.89898989899 0 0 -0.000795462016537 -6.09904772596e-14
-0.2 -1.89898989899 0 0 -0.00316127040774 -5.67684984077e-14
-0.3 -1.89898989899 0 0 -0.00470855246821 -5.39911651229e-14
-0.5 -1.89898989899 0 0 -0.007536941923 -4.8832367137e-14
-0.7 -1.89898989899 0 0 -0.00952047530123 -4.52468997044e-14
-0.95 -1.89898989899 0 0 -0.0110998922952 -4.25454373324e-14
-0.05 -1.87878787879 0 0 -0.000794423244506 -5.98068168255e-14
-0.2 -1.87878787879 0 0 -0.00315625806634 -5.55951178177e-14
-0.3 -1.87878787879 0 0 -0.00469930012163 -5.28264859898e-14
-0.5 -1.87878787879 0 0 -0.00750359060368 -4.77120011044e-14
-0.7 -1.87878787879 0 0 -0.00944494040651 -4.42091915477e-14
-0.95 -1.87878787879 0 0 -0.0109858436566 -4.15817313564e-14
-0.05 -1.85858585859 0 0 -0.000793345530033 -5.86258390356e-14
-0.2 -1.85858585859 0 0 -0.00315103706352 -5.44247103267e-14
-0.3 -1.85858585859 0 0 -0.00468960453338 -5.16651291559e-14
-0.5 -1.85858585859 0 0 -0.00746838792537 -4.6597521676e-14
-0.7 -1.85858585859 0 0 -0.00936680714514 -4.31787489274e-14
-0.95 -1.85858585859 0 0 -0.0108690011447 -4.06254821095e-14
-0.05 -1.83838383838 0 0 -0.000792226752438 -5.74476128645e-14
-0.2 -1.83838383838 0 0 -0.00314559457605 -5.32573596511e-14
-0.3 -1.83838383838 0 0 -0.00467943398051 -5.05072054265e-14
-0.5 -1.83838383838 0 0 -0.00743122603652 -4.54891878064e-14
-0.7 -1.83838383838 0 0 -0.00928599751385 -4.21557616761e-14
-0.95 -1.83838383838 0 0 -0.0107492920862 -3.96768677973e-14
-0.05 -1.81818181818 0 0 -0.000791064639885 -5.62722102883e-14
-0.2 -1.81818181818 0 0 -0.0031399167307 -5.2093153634e-14
-0.3 -1.81818181818 0 0 -0.00466875375578 -4.93528327393e-14
-0.5 -1.81818181818 0 0 -0.00739199258543 -4.43872690348e-14
-0.7 -1.81818181818 0 0 -0.0092024315707 -4.11404248636e-14
-0.95 -1.81818181818 0 0 -0.0106266425458 -3.873607111e-14
-0.05 -1.79797979798 0 0 -0.000789856756077 -5.50997064684e-14
-0.2 -1.79797979798 0 0 -0.00313398849626 -5.09321845462e-14
-0.3 -1.79797979798 0 0 -0.00465752583134 -4.82021368664e-14
-0.5 -1.79797979798 0 0 -0.00735057081369 -4.32920453676e-14
-0.7 -1.79797979798 0 0 -0.00911602743702 -4.01329389544e-14
-0.95 -1.79797979798 0 0 -0.0105009774695 -3.78032791641e-14
-0.05 -1.77777777778 0 0 -0.000788600485564 -5.39301799491e-14
-0.2 -1.77777777778 0 0 -0.00312779356221 -4.97745494178e-14
-0.3 -1.77777777778 0 0 -0.0046457084807 -4.70552522046e-14
-0.5 -1.77777777778 0 0 -0.00730683968569 -4.22038070966e-14
-0.7 -1.77777777778 0 0 -0.00902670131634 -3.91335099551e-14
-0.95 -1.77777777778 0 0 -0.0103722208607 -3.68786834028e-14
-0.05 -1.75757575758 0 0 -0.00078729301749 -5.27637128719e-14
-0.2 -1.75757575758 0 0 -0.00312131420198 -4.86203504034e-14
-0.3 -1.75757575758 0 0 -0.00463325585417 -4.59123226648e-14
-0.5 -1.75757575758 0 0 -0.0072606740551 -4.11228545533e-14
-0.7 -1.75757575758 0 0 -0.00893436753401 -3.81423495448e-14
-0.95 -1.75757575758 0 0 -0.0102402959989 -3.59624794454e-14
-0.05 -1.73737373737 0 0 -0.000785931327592 -5.16003912064e-14
-0.2 -1.73737373737 0 0 -0.00311453111883 -4.74696951867e-14
-0.3 -1.73737373737 0 0 -0.00462011750213 -4.47735026738e-14
-0.5 -1.73737373737 0 0 -0.00721194486899 -4.00494978032e-14
-0.7 -1.73737373737 0 0 -0.0088389386017 -3.71596751851e-14
-0.95 -1.73737373737 0 0 -0.0101051257075 -3.50548668745e-14
-0.05 -1.71717171717 0 0 -0.000784512158224 -5.04403050009e-14
-0.2 -1.71717171717 0 0 -0.00310742327139 -4.63226974283e-14
-0.3 -1.71717171717 0 0 -0.00460623784053 -4.36389583033e-14
-0.5 -1.71717171717 0 0 -0.0071605194098 -3.89840562813e-14
-0.7 -1.71717171717 0 0 -0.00874032531133 -3.61857102043e-14
-0.95 -1.71717171717 0 0 -0.00996663267955 -3.41560489455e-14
-0.05 -1.69696969697 0 0 -0.000783031996169 -4.92835486538e-14
-0.2 -1.69696969697 0 0 -0.00309996767614 -4.51794772642e-14
-0.3 -1.69696969697 0 0 -0.00459155555253 -4.25088685405e-14
-0.5 -1.69696969697 0 0 -0.00710626157511 -3.7926858376e-14
-0.7 -1.69696969697 0 0 -0.00863843686407 -3.52206838487e-14
-0.95 -1.69696969697 0 0 -0.00982473987448 -3.32662322008e-14
-0.05 -1.67676767677 0 0 -0.000781487047953 -4.81302212083e-14
-0.2 -1.67676767677 0 0 -0.00309213918306 -4.4040161862e-14
-0.3 -1.67676767677 0 0 -0.00457600292011 -4.13834267175e-14
-0.5 -1.67676767677 0 0 -0.00704903219544 -3.68782409658e-14
-0.7 -1.67676767677 0 0 -0.0085331810403 -3.42648312939e-14
-0.95 -1.67676767677 0 0 -0.00967937099639 -3.23856259685e-14
-0.05 -1.65656565657 0 0 -0.000779873212322 -4.69804266729e-14
-0.2 -1.65656565657 0 0 -0.0030839102204 -4.29048860421e-14
-0.3 -1.65656565657 0 0 -0.00455950507999 -4.02628421177e-14
-0.5 -1.65656565657 0 0 -0.00698868939011 -3.58385489153e-14
-0.7 -1.65656565657 0 0 -0.00842446441796 -3.33183936074e-14
-0.95 -1.65656565657 0 0 -0.00953045106362 -3.15144417312e-14
-0.05 -1.63636363636 0 0 -0.00077818604953 -4.58342743705e-14
-0.2 -1.63636363636 0 0 -0.00307525050367 -4.17737929764e-14
-0.3 -1.63636363636 0 0 -0.0045419791983 -3.91473417738e-14
-0.5 -1.63636363636 0 0 -0.00692508896209 -3.48081345365e-14
-0.7 -1.63636363636 0 0 -0.00831219264714 -3.23816176526e-14
-0.95 -1.63636363636 0 0 -0.00937790706205 -3.065289238e-14
-0.05 -1.61616161616 0 0 -0.000776420747001 -4.46918793183e-14
-0.2 -1.61616161616 0 0 -0.00306612670326 -4.06470349733e-14
-0.3 -1.61616161616 0 0 -0.00452333356007 -3.8037172477e-14
-0.5 -1.61616161616 0 0 -0.00685808483323 -3.37873570212e-14
-0.7 -1.61616161616 0 0 -0.00819627079055 -3.14547559219e-14
-0.95 -1.61616161616 0 0 -0.0092216686331 -2.98011914429e-14
-0.05 -1.59595959596 0 0 -0.000774572080867 -4.35533626434e-14
-0.2 -1.59595959596 0 0 -0.00305650206394 -3.95247743662e-14
-0.3 -1.59595959596 0 0 -0.00450346657122 -3.69326030085e-14
-0.5 -1.59595959596 0 0 -0.00678752952263 -3.27765818479e-14
-0.7 -1.59595959596 0 0 -0.00807660374062 -3.05380662848e-14
-0.95 -1.59595959596 0 0 -0.00906166869123 -2.89595524776e-14
-0.05 -1.57575757576 0 0 -0.000772634372823 -4.24188520374e-14
-0.2 -1.57575757576 0 0 -0.00304633596851 -3.84071845191e-14
-0.3 -1.57575757576 0 0 -0.00448226567384 -3.58339266052e-14
-0.5 -1.57575757576 0 0 -0.00671327467253 -3.17761801666e-14
-0.7 -1.57575757576 0 0 -0.00795309672593 -2.96318116348e-14
-0.95 -1.57575757576 0 0 -0.0088978438941 -2.8128188765e-14
-0.05 -1.55555555556 0 0 -0.000770601441648 -4.12884822535e-14
-0.2 -1.55555555556 0 0 -0.00303558343669 -3.72944509719e-14
-0.3 -1.55555555556 0 0 -0.00445960617961 -3.47414636632e-14
-0.5 -1.55555555556 0 0 -0.00663517162793 -3.07865281592e-14
-0.7 -1.55555555556 0 0 -0.00782565592171 -2.87362594137e-14
-0.95 -1.55555555556 0 0 -0.00873013514926 -2.73073129596e-14
-0.05 -1.53535353535 0 0 -0.000768466548627 -4.01623956533e-14
-0.2 -1.53535353535 0 0 -0.00302419454851 -3.61867727456e-14
-0.3 -1.53535353535 0 0 -0.00443535003257 -3.36555646702e-14
-0.5 -1.53535353535 0 0 -0.00655307207846 -2.98080063717e-14
-0.7 -1.53535353535 0 0 -0.00769418918184 -2.78516809889e-14
-0.95 -1.53535353535 0 0 -0.00855848867615 -2.64971357355e-14
-0.05 -1.51515151515 0 0 -0.000766222336001 -3.90407428067e-14
-0.2 -1.51515151515 0 0 -0.00301211378018 -3.50843638387e-14
-0.3 -1.51515151515 0 0 -0.00440934452007 -3.25766133498e-14
-0.5 -1.51515151515 0 0 -0.00646682877418 -2.88409990106e-14
-0.7 -1.51515151515 0 0 -0.00755860691314 -2.69783508542e-14
-0.95 -1.51515151515 0 0 -0.00838285799859 -2.5697862718e-14
-0.05 -1.49494949495 0 0 -0.000763860757437 -3.79236831533e-14
-0.2 -1.49494949495 0 0 -0.00299927923839 -3.39874549445e-14
-0.3 -1.49494949495 0 0 -0.00438142096156 -3.15050299751e-14
-0.5 -1.49494949495 0 0 -0.00637629632958 -2.78858931874e-14
-0.7 -1.49494949495 0 0 -0.00741882311659 -2.61165456126e-14
-0.95 -1.49494949495 0 0 -0.00820320668738 -2.49096899921e-14
-0.05 -1.47474747475 0 0 -0.000761372999329 -3.68113857316e-14
-0.2 -1.47474747475 0 0 -0.00298562177698 -3.28962954299e-14
-0.3 -1.47474747475 0 0 -0.00435139341811 -3.04412747892e-14
-0.5 -1.47474747475 0 0 -0.00628133213376 -2.69430780941e-14
-0.7 -1.47474747475 0 0 -0.00727475662589 -2.52665426958e-14
-0.95 -1.47474747475 0 0 -0.00801951161531 -2.41327985653e-14
-0.05 -1.45454545455 0 0 -0.00075874939157 -3.57040299853e-14
-0.2 -1.45454545455 0 0 -0.0029710639781 -3.18111556206e-14
-0.3 -1.45454545455 0 0 -0.00431905748228 -2.93858514348e-14
-0.5 -1.45454545455 0 0 -0.00618179738862 -2.60129440839e-14
-0.7 -1.45454545455 0 0 -0.00712633257995 -2.44286187559e-14
-0.95 -1.45454545455 0 0 -0.00783176686235 -2.33673474587e-14
-0.05 -1.43434343434 0 0 -0.000755979306191 -3.46018066562e-14
-0.2 -1.43434343434 0 0 -0.00295551897783 -3.07323294458e-14
-0.3 -1.43434343434 0 0 -0.00428418922694 -2.83393102604e-14
-0.5 -1.43434343434 0 0 -0.00607755830033 -2.50958816231e-14
-0.7 -1.43434343434 0 0 -0.00697348417282 -2.36030476531e-14
-0.95 -1.43434343434 0 0 -0.00763998824201 -2.26134654148e-14
-0.05 -1.41414141414 0 0 -0.000753051042008 -3.35049187753e-14
-0.2 -1.41414141414 0 0 -0.00293888911492 -2.96601375032e-14
-0.3 -1.41414141414 0 0 -0.00424654441459 -2.73022513241e-14
-0.5 -1.41414141414 0 0 -0.00596848745389 -2.41922800787e-14
-0.7 -1.41414141414 0 0 -0.00681615472629 -2.27900979559e-14
-0.95 -1.41414141414 0 0 -0.00744421769052 -2.18712426877e-14
-0.05 -1.39393939394 0 0 -0.000749951693116 -3.24135827645e-14
-0.2 -1.39393939394 0 0 -0.0029210643806 -2.85949306136e-14
-0.3 -1.39393939394 0 0 -0.00420585809186 -2.62753268686e-14
-0.5 -1.39393939394 0 0 -0.00585446540456 -2.33025262914e-14
-0.7 -1.39393939394 0 0 -0.00665430011184 -2.19900298944e-14
-0.95 -1.39393939394 0 0 -0.00724452540477 -2.11407274381e-14
-0.05 -1.37373737374 0 0 -0.000746666998691 -3.13280296653e-14
-0.2 -1.37373737374 0 0 -0.00290192064814 -2.75370939409e-14
-0.3 -1.37373737374 0 0 -0.00416184471854 -2.5259242992e-14
-0.5 -1.37373737374 0 0 -0.00573538252444 -2.24270028826e-14
-0.7 -1.37373737374 0 0 -0.00648789148224 -2.12030918216e-14
-0.95 -1.37373737374 0 0 -0.00704100553398 -2.04219360309e-14
-0.05 -1.35353535354 0 0 -0.000743181171145 -3.02485065105e-14
-0.2 -1.35353535354 0 0 -0.00288131766454 -2.64870517581e-14
-0.3 -1.35353535354 0 0 -0.00411419900164 -2.42547601957e-14
-0.5 -1.35353535354 0 0 -0.00561114114708 -2.15660862283e-14
-0.7 -1.35353535354 0 0 -0.00631691816363 -2.04295164162e-14
-0.95 -1.35353535354 0 0 -0.0068337644263 -1.97148800192e-14
-0.05 -1.33333333333 0 0 -0.000739476699197 -2.91752778605e-14
-0.2 -1.33333333333 0 0 -0.00285909679402 -2.5445272939e-14
-0.3 -1.33333333333 0 0 -0.00406259762112 -2.32626924544e-14
-0.5 -1.33333333333 0 0 -0.00548165805826 -2.07201440284e-14
-0.7 -1.33333333333 0 0 -0.0061413905717 -1.96695168215e-14
-0.95 -1.33333333333 0 0 -0.0066229136251 -1.90195838954e-14
-0.05 -1.31313131313 0 0 -0.000735534121825 -2.81086275267e-14
-0.2 -1.31313131313 0 0 -0.00283507851718 -2.44122772464e-14
-0.3 -1.31313131313 0 0 -0.00400670204001 -2.22839044445e-14
-0.5 -1.31313131313 0 0 -0.00534686738686 -1.98895323803e-14
-0.7 -1.31313131313 0 0 -0.00596134348984 -1.89232820238e-14
-0.95 -1.31313131313 0 0 -0.00640858019901 -1.83360656302e-14
-0.05 -1.29292929293 0 0 -0.000731331768449 -2.7048860511e-14
-0.2 -1.29292929293 0 0 -0.00280905971302 -2.33886424626e-14
-0.3 -1.29292929293 0 0 -0.0039461625839 -2.13193065795e-14
-0.5 -1.29292929293 0 0 -0.00520672395766 -1.90745922516e-14
-0.7 -1.29292929293 0 0 -0.00577684085369 -1.81909692682e-14
-0.95 -1.29292929293 0 0 -0.00619092469178 -1.76643001694e-14
-0.05 -1.27272727273 0 0 -0.000726845459902 -2.59963051922e-14
-0.2 -1.27272727273 0 0 -0.00278081078781 -2.23750123596e-14
-0.3 -1.27272727273 0 0 -0.00388062394905 -2.03698475585e-14
-0.5 -1.27272727273 0 0 -0.00506120717761 -1.82756452184e-14
-0.7 -1.27272727273 0 0 -0.0055879831741 -1.74726912673e-14
-0.95 -1.27272727273 0 0 -0.00597015474274 -1.70041918921e-14
-0.05 -1.25252525253 0 0 -0.000722048163952 -2.49513157982e-14
-0.2 -1.25252525253 0 0 -0.00275007277056 -2.13721054273e-14
-0.3 -1.25252525253 0 0 -0.00380973225309 -1.94365042292e-14
-0.5 -1.25252525253 0 0 -0.00491032554092 -1.74929883026e-14
-0.7 -1.25252525253 0 0 -0.0053949173761 -1.67684984178e-14
-0.95 -1.25252525253 0 0 -0.00574653047345 -1.63555648855e-14
-0.05 -1.23232323232 0 0 -0.000716909598198 -2.39142752083e-14
-0.2 -1.23232323232 0 0 -0.00271655457449 -2.03807241448e-14
-0.3 -1.23232323232 0 0 -0.00373314367619 -1.85202687041e-14
-0.5 -1.23232323232 0 0 -0.004754121853 -1.67268876944e-14
-0.7 -1.23232323232 0 0 -0.00519784712333 -1.60783597243e-14
-0.95 -1.23232323232 0 0 -0.00552035424095 -1.57181877883e-14
-0.05 -1.21212121212 0 0 -0.000711395772214 -2.28855981361e-14
-0.2 -1.21212121212 0 0 -0.00267993073404 -1.94017643908e-14
-0.3 -1.21212121212 0 0 -0.00365053465858 -1.76221328469e-14
-0.5 -1.21212121212 0 0 -0.00459267927906 -1.59775711103e-14
-0.7 -1.21212121212 0 0 -0.00499703855019 -1.54021533353e-14
-0.95 -1.21212121212 0 0 -0.00529195444996 -1.5091812438e-14
-0.05 -1.19191919192 0 0 -0.000705468459856 -2.18657347567e-14
-0.2 -1.19191919192 0 0 -0.00263984007091 -1.84362243187e-14
-0.3 -1.19191919192 0 0 -0.00356161352801 -1.67430704338e-14
-0.5 -1.19191919192 0 0 -0.00442612828593 -1.52452185638e-14
-0.7 -1.19191919192 0 0 -0.00479281148342 -1.47396888065e-14
-0.95 -1.19191919192 0 0 -0.00506168015021 -1.44761895588e-14
-0.05 -1.17171717172 0 0 -0.000699084591833 -2.0855174848e-14
-0.2 -1.17171717172 0 0 -0.00259588591865 -1.74852116696e-14
-0.3 -1.17171717172 0 0 -0.00346613333912 -1.58840174842e-14
-0.5 -1.17171717172 0 0 -0.00425465441983 -1.45299514897e-14
-0.7 -1.17171717172 0 0 -0.00458551402592 -1.4090766986e-14
-0.95 -1.17171717172 0 0 -0.00482990549369 -1.38710632534e-14
-0.05 -1.15151515152 0 0 -0.000692195558125 -1.98544525302e-14
-0.2 -1.15151515152 0 0 -0.00254763873292 -1.65499480747e-14
-0.3 -1.15151515152 0 0 -0.00336390562622 -1.50458514099e-14
-0.5 -1.15151515152 0 0 -0.00407850670652 -1.38318203626e-14
-0.7 -1.15151515152 0 0 -0.00437550733624 -1.3455219313e-14
-0.95 -1.15151515152 0 0 -0.00459703628484 -1.32761612276e-14
-0.05 -1.13131313131 0 0 -0.000684746409988 -1.88641517028e-14
-0.2 -1.13131313131 0 0 -0.0024946421057 -1.56317684474e-14
-0.3 -1.13131313131 0 0 -0.00325481471395 -1.42293697332e-14
-0.5 -1.13131313131 0 0 -0.00389800666873 -1.31507904792e-14
-0.7 -1.13131313131 0 0 -0.00416318579569 -1.28328694741e-14
-0.95 -1.13131313131 0 0 -0.00436351499153 -1.26911887604e-14
-0.05 -1.11111111111 0 0 -0.000676674952638 -1.78849122912e-14
-0.2 -1.11111111111 0 0 -0.00243642333701 -1.47321131727e-14
-0.3 -1.11111111111 0 0 -0.00313883220348 -1.34352691404e-14
-0.5 -1.11111111111 0 0 -0.00371355885407 -1.24867239453e-14
-0.7 -1.11111111111 0 0 -0.00394901077073 -1.2223463942e-14
-0.95 -1.11111111111 0 0 -0.00412982386883 -1.2115827291e-14
-0.05 -1.09090909091 0 0 -0.000667910723185 -1.69174374332e-14
-0.2 -1.09090909091 0 0 -0.00237250972413 -1.38525106174e-14
-0.3 -1.09090909091 0 0 -0.00301603126044 -1.2664125579e-14
-0.5 -1.09090909091 0 0 -0.00352566348769 -1.1839356933e-14
-0.7 -1.09090909091 0 0 -0.00373353473064 -1.16266229902e-14
-0.95 -1.09090909091 0 0 -0.00389648669427 -1.15497366472e-14
-0.05 -1.07070707071 0 0 -0.00065837385544 -1.59625017509e-14
-0.2 -1.07070707071 0 0 -0.00230245151437 -1.29945476946e-14
-0.3 -1.07070707071 0 0 -0.00288660037532 -1.1916375945e-14
-0.5 -1.07070707071 0 0 -0.00333492556509 -1.12082850551e-14
-0.7 -1.07070707071 0 0 -0.00351740728427 -1.10418319935e-14
-0.95 -1.07070707071 0 0 -0.00366406952661 -1.09925601179e-14
-0.05 -1.05050505051 0 0 -0.000647973846227 -1.50209608656e-14
-0.2 -1.05050505051 0 0 -0.00222585194817 -1.21598270189e-14
-0.3 -1.05050505051 0 0 -0.00275085634349 -1.11923016728e-14
-0.5 -1.05050505051 0 0 -0.00314204321835 -1.05929955123e-14
-0.7 -1.05050505051 0 0 -0.00330134889625 -1.04685066694e-14
-0.95 -1.05050505051 0 0 -0.00343318068142 -1.04439320457e-14
-0.05 -1.0303030303 0 0 -0.000636608260542 -1.40937623153e-14
-0.2 -1.0303030303 0 0 -0.00214240395229 -1.1349910719e-14
-0.3 -1.0303030303 0 0 -0.0026092563122 -1.04920142269e-14
-0.5 -1.0303030303 0 0 -0.00294776441444 -9.99297296217e-15
-0.7 -1.0303030303 0 0 -0.00308611490984 -9.906082446e-15
-0.95 -1.0303030303 0 0 -0.00320446995457 -9.90348795117e-15
-0.05 -1.0101010101 0 0 -0.000624161451139 -1.3181958021e-14
-0.2 -1.0101010101 0 0 -0.00205193188182 -1.05662531622e-14
-0.3 -1.0101010101 0 0 -0.00246240883093 -9.8154421607e-15
-0.5 -1.0101010101 0 0 -0.00275284802387 -9.40780036814e-15
-0.7 -1.0101010101 0 0 -0.00287248164371 -9.35405597781e-15
-0.95 -1.0101010101 0 0 -0.0029786270219 -9.37087740648e-15
-0.05 -0.989898989899 0 0 -0.000610503431011 -1.22867183891e-14
-0.2 -0.989898989899 0 0 -0.00195443543603 -9.81012737451e-15
-0.3 -0.989898989899 0 0 -0.00231108380341 -9.16231925551e-15
-0.5 -0.989898989899 0 0 -0.00255808283304 -8.8371300669e-15
-0.7 -0.989898989899 0 0 -0.00266125010807 -8.81198790593e-15
-0.95 -0.989898989899 0 0 -0.00275637887324 -8.84577998365e-15
-0.05 -0.969696969697 0 0 -0.000595489138184 -1.14093480194e-14
-0.2 -0.969696969697 0 0 -0.00185013179422 -9.08255218771e-15
-0.3 -0.969696969697 0 0 -0.00215622074596 -8.53217397736e-15
-0.5 -0.969696969697 0 0 -0.00236433970601 -8.28057524049e-15
-0.7 -0.969696969697 0 0 -0.00245325182124 -8.2795013085e-15
-0.95 -0.969696969697 0 0 -0.00253848608406 -8.32792465744e-15
-0.05 -0.949494949495 0 0 -0.000578958490644 -1.05513027395e-14
-0.2 -0.949494949495 0 0 -0.00173949148706 -8.38422834452e-15
-0.3 -0.949494949495 0 0 -0.00199893292039 -7.92432431553e-15
-0.5 -0.949494949495 0 0 -0.00217260538871 -7.73763840552e-15
-0.7 -0.949494949495 0 0 -0.00224935001857 -7.75629077649e-15
-0.95 -0.949494949495 0 0 -0.00232573768081 -7.81711303687e-15
-0.05 -0.929292929293 0 0 -0.000560737870509 -9.71420723365e-15
-0.2 -0.929292929293 0 0 -0.00162326378297 -7.71549133418e-15
-0.3 -0.929292929293 0 0 -0.00184049951363 -7.33789502887e-15
-0.5 -0.929292929293 0 0 -0.00198398863502 -7.20770102132e-15
-0.7 -0.929292929293 0 0 -0.00205043566661 -7.24214320399e-15
-0.95 -0.929292929293 0 0 -0.00211894431721 -7.31324671926e-15
-0.05 -0.909090909091 0 0 -0.000540644029104 -8.89987173572e-15
-0.2 -0.909090909091 0 0 -0.00150248833173 -7.07628665404e-15
-0.3 -0.909090909091 0 0 -0.00168232720541 -6.77190239772e-15
-0.5 -0.909090909091 0 0 -0.00179967646756 -6.69012927271e-15
-0.7 -0.909090909091 0 0 -0.00185741911303 -6.7369678712e-15
-0.95 -0.909090909091 0 0 -0.00191892945351 -6.81635886366e-15
-0.05 -0.888888888889 0 0 -0.000518491887552 -8.11030491708e-15
-0.2 -0.888888888889 0 0 -0.00137849060534 -6.46617121873e-15
-0.3 -0.888888888889 0 0 -0.00152586116561 -6.22545977061e-15
-0.5 -0.888888888889 0 0 -0.00162085643413 -6.18446156807e-15
-0.7 -0.888888888889 0 0 -0.00167121797826 -6.24083342213e-15
-0.95 -0.888888888889 0 0 -0.0017265182275 -6.32664970688e-15
-0.05 -0.868686868687 0 0 -0.000494108298375 -7.34771797716e-15
-0.2 -0.868686868687 0 0 -0.00125285693412 -5.88434823822e-15
-0.3 -0.868686868687 0 0 -0.00137247624686 -5.69803884173e-15
-0.5 -0.868686868687 0 0 -0.00144866440027 -5.690536509e-15
-0.7 -0.868686868687 0 0 -0.00149274151266 -5.75400951616e-15
-0.95 -0.868686868687 0 0 -0.00154252373313 -5.84452511038e-15
-0.05 -0.848484848485 0 0 -0.000467354400547 -6.61451181143e-15
-0.2 -0.848484848485 0 0 -0.00112737679566 -5.32976229338e-15
-0.3 -0.848484848485 0 0 -0.00122344382723 -5.18955513559e-15
-0.5 -0.848484848485 0 0 -0.0012841668192 -5.20853418716e-15
-0.7 -0.848484848485 0 0 -0.00132287143772 -5.2770104026e-15
-0.95 -0.848484848485 0 0 -0.00136773048164 -5.37063622192e-15
-0.05 -0.828282828283 0 0 -0.000438159381038 -5.91323499759e-15
-0.2 -0.828282828283 0 0 -0.00100392799966 -4.80131395445e-15
-0.3 -0.828282828283 0 0 -0.00107999000209 -4.70021785343e-15
-0.5 -0.828282828283 0 0 -0.00112835130122 -4.73898536627e-15
-0.7 -0.828282828283 0 0 -0.00116243924901 -4.81063628247e-15
-0.95 -0.828282828283 0 0 -0.0012028749013 -4.90591682844e-15
-0.05 -0.808080808081 0 0 -0.0004065674823 -5.24649593569e-15
-0.2 -0.808080808081 0 0 -0.000884296090556 -4.29822430461e-15
-0.3 -0.808080808081 0 0 -0.000943341068491 -4.23037359818e-15
-0.5 -0.808080808081 0 0 -0.000982109771392 -4.2827781879e-15
-0.7 -0.808080808081 0 0 -0.00101220000589 -4.3560060244e-15
-0.95 -0.808080808081 0 0 -0.00104862280498 -4.45161281239e-15
-0.05 -0.787878787879 0 0 -0.000372796588949 -4.61681024107e-15
-0.2 -0.787878787879 0 0 -0.000770002124758 -3.82037734663e-15
-0.3 -0.787878787879 0 0 -0.000814712232407 -3.78044158007e-15
-0.5 -0.787878787879 0 0 -0.000846211848845 -3.84115818006e-15
-0.7 -0.787878787879 0 0 -0.000872802694481 -3.91457152567e-15
-0.95 -0.787878787879 0 0 -0.000905543779507 -4.00929515087e-15
-0.05 -0.767676767677 0 0 -0.000337298499671 -4.0263705671e-15
-0.2 -0.767676767677 0 0 -0.000662261858802 -3.36831519623e-15
-0.3 -0.767676767677 0 0 -0.000695241995309 -3.35092821813e-15
-0.5 -0.767676767677 0 0 -0.000721270628077 -3.41570256158e-15
-0.7 -0.767676767677 0 0 -0.000744757303282 -3.48809985263e-15
-0.95 -0.767676767677 0 0 -0.000774082412821 -3.5808440871e-15
-0.05 -0.747474747475 0 0 -0.000300795169061 -3.47675360859e-15
-0.2 -0.747474747475 0 0 -0.000562053780245 -2.94288517371e-15
-0.3 -0.747474747475 0 0 -0.000585862362679 -2.94254234517e-15
-0.5 -0.747474747475 0 0 -0.00060770362772 -3.00824506691e-15
-0.7 -0.747474747475 0 0 -0.000628398961054 -3.07860511433e-15
-0.95 -0.747474747475 0 0 -0.000654526315701 -3.16838798788e-15
-0.05 -0.727272727273 0 0 -0.00026424162599 -2.96864767584e-15
-0.2 -0.727272727273 0 0 -0.000470153469785 -2.54486317547e-15
-0.3 -0.727272727273 0 0 -0.000487166907113 -2.55625682339e-15
-0.5 -0.727272727273 0 0 -0.00050569242788 -2.62072917827e-15
-0.7 -0.727272727273 0 0 -0.000523850536809 -2.68821109654e-15
-0.95 -0.727272727273 0 0 -0.00054697158665 -2.77417840764e-15
-0.05 -0.707070707071 0 0 -0.000228654354695 -2.50178779091e-15
-0.2 -0.707070707071 0 0 -0.000387106607906 -2.17466282975e-15
-0.3 -0.707070707071 0 0 -0.000399347357195 -2.19315694299e-15
-0.5 -0.707070707071 0 0 -0.000415148180575 -2.25498439472e-15
-0.7 -0.707070707071 0 0 -0.000430988631163 -2.31893724208e-15
-0.95 -0.707070707071 0 0 -0.000451289153745 -2.40039041919e-15
-0.05 -0.686868686869 0 0 -0.000194810054791 -2.0753027854e-15
-0.2 -0.686868686869 0 0 -0.000313186073721 -1.83215252798e-15
-0.3 -0.686868686869 0 0 -0.000322203881666 -1.85415836519e-15
-0.5 -0.686868686869 0 0 -0.000335699013633 -1.91247173606e-15
-0.7 -0.686868686869 0 0 -0.000349426212757 -1.97244306998e-15
-0.95 -0.686868686869 0 0 -0.000367102616432 -2.04887063485e-15
-0.05 -0.666666666667 0 0 -0.000163011171803 -1.68840935427e-15
-0.2 -0.666666666667 0 0 -0.000248362750701 -1.51677729762e-15
-0.3 -0.666666666667 0 0 -0.000255223353647 -1.53984215983e-15
-0.5 -0.666666666667 0 0 -0.000266726933963 -1.59414283533e-15
-0.7 -0.666666666667 0 0 -0.000278537370088 -1.64985563532e-15
-0.95 -0.666666666667 0 0 -0.00029380022864 -1.72093366783e-15
-0.05 -0.646464646465 0 0 -0.000133212683734 -1.34101848148e-15
-0.2 -0.646464646465 0 0 -0.000192358574769 -1.22808983647e-15
-0.3 -0.646464646465 0 0 -0.000197729186657 -1.25067456575e-15
-0.5 -0.646464646465 0 0 -0.000207478627009 -1.30063822093e-15
-0.7 -0.646464646465 0 0 -0.000217551621951 -1.35189778295e-15
-0.95 -0.646464646465 0 0 -0.00023061025042 -1.41740845482e-15
-0.05 -0.626262626263 0 0 -0.000105460608948 -1.03395149736e-15
-0.2 -0.626262626263 0 0 -0.00014479526774 -9.66528652954e-16
-0.3 -0.626262626263 0 0 -0.000149063581019 -9.87653049536e-16
-0.5 -0.626262626263 0 0 -0.000157227365493 -1.03291797476e-15
-0.7 -0.626262626263 0 0 -0.000165707700711 -1.07945625032e-15
-0.95 -0.626262626263 0 0 -0.000176742673909 -1.13911450258e-15
-0.05 -0.606060606061 0 0 -8.01760028963e-05 -7.6880202531e-16
-0.2 -0.606060606061 0 0 -0.000105312811579 -7.33962099859e-16
-0.3 -0.606060606061 0 0 -0.000108694946704 -7.52923000361e-16
-0.5 -0.606060606061 0 0 -0.000115387533991 -7.92963278293e-16
-0.7 -0.606060606061 0 0 -0.000122381206402 -8.3432072937e-16
-0.95 -0.606060606061 0 0 -0.000131529377837 -8.87611447777e-16
-0.05 -0.585858585859 0 0 -5.80438233766e-05 -5.47332047291e-16
-0.2 -0.585858585859 0 0 -7.35463398822e-05 -5.33426246478e-16
-0.3 -0.585858585859 0 0 -7.61704839028e-05 -5.49679055436e-16
-0.5 -0.585858585859 0 0 -8.14851835551e-05 -5.83857505725e-16
-0.7 -0.585858585859 0 0 -8.70800187751e-05 -6.19420244144e-16
-0.95 -0.585858585859 0 0 -9.44515360023e-05 -6.65603984986e-16
-0.05 -0.565656565657 0 0 -3.97214782606e-05 -3.7040914742e-16
-0.2 -0.565656565657 0 0 -4.9011900082e-05 -3.68026443395e-16
-0.3 -0.565656565657 0 0 -5.09736081623e-05 -3.81196439329e-16
-0.5 -0.565656565657 0 0 -5.50171487084e-05 -4.08963786978e-16
-0.7 -0.565656565657 0 0 -5.93133104261e-05 -4.38153507361e-16
-0.95 -0.565656565657 0 0 -6.50277691789e-05 -4.76475167902e-16
-0.05 -0.545454545455 0 0 -2.55749744388e-05 -2.36939066444e-16
-0.2 -0.545454545455 0 0 -3.10145922672e-05 -2.39474844444e-16
-0.3 -0.545454545455 0 0 -3.24068611821e-05 -2.49432007427e-16
-0.5 -0.545454545455 0 0 -3.53202400955e-05 -2.70580110225e-16
-0.7 -0.545454545455 0 0 -3.84511583377e-05 -2.93108352485e-16
-0.95 -0.545454545455 0 0 -4.26660453536e-05 -3.23106901627e-16
-0.05 -0.525252525253 0 0 -1.54978672773e-05 -1.43053161924e-16
-0.2 -0.525252525253 0 0 -1.86097795258e-05 -1.4666188828e-16
-0.3 -0.525252525253 0 0 -1.95367661233e-05 -1.53605431572e-16
-0.5 -0.525252525253 0 0 -2.15036351393e-05 -1.68505264821e-16
-0.7 -0.525252525253 0 0 -2.36454830686e-05 -1.84625742371e-16
-0.95 -0.525252525253 0 0 -2.65703095167e-05 -2.06458684392e-16
-0.05 -0.505050505051 0 0 -8.89619078424e-06 -8.19218429876e-17
-0.2 -0.505050505051 0 0 -1.06303270615e-05 -8.49239304643e-17
-0.3 -0.505050505051 0 0 -1.12068559875e-05 -8.93781539847e-17
-0.5 -0.505050505051 0 0 -1.24454965882e-05 -9.90420450579e-17
-0.7 -0.505050505051 0 0 -1.38127192315e-05 -1.09663828766e-16
-0.95 -0.505050505051 0 0 -1.57080708282e-05 -1.24306718293e-16
-0.05 -0.484848484848 0 0 -4.89022084208e-06 -4.49488611379e-17
-0.2 -0.484848484848 0 0 -5.83093450243e-06 -4.69701768954e-17
-0.3 -0.484848484848 0 0 -6.16791004141e-06 -4.96235598492e-17
-0.5 -0.484848484848 0 0 -6.89943783121e-06 -5.54370629425e-17
-0.7 -0.484848484848 0 0 -7.71671147328e-06 -6.19156800217e-17
-0.95 -0.484848484848 0 0 -8.86537921744e-06 -7.09901401083e-17
-0.05 -0.464646464646 0 0 -2.60481033246e-06 -2.39052993383e-17
-0.2 -0.464646464646 0 0 -3.10333525451e-06 -2.51168154994e-17
-0.3 -0.464646464646 0 0 -3.29084937135e-06 -2.6609527319e-17
-0.5 -0.464646464646 0 0 -3.70119397074e-06 -2.99054869157e-17
-0.7 -0.464646464646 0 0 -4.16407326476e-06 -3.36183658742e-17
-0.95 -0.464646464646 0 0 -4.82191997291e-06 -3.88847877087e-17
-0.05 -0.444444444444 0 0 -1.35814931916e-06 -1.24486595185e-17
-0.2 -0.444444444444 0 0 -1.61769537413e-06 -1.31264957239e-17
-0.3 -0.444444444444 0 0 -1.71844471545e-06 -1.3933348239e-17
-0.5 -0.444444444444 0 0 -1.94023424281e-06 -1.57252412983e-17
-0.7 -0.444444444444 0 0 -2.19222639512e-06 -1.77597852996e-17
-0.95 -0.444444444444 0 0 -2.55334618114e-06 -2.067228447e-17
-0.05 -0.424242424242 0 0 -6.98410837242e-07 -6.39544012711e-18
-0.2 -0.424242424242 0 0 -8.31885653417e-07 -6.75934703267e-18
-0.3 -0.424242424242 0 0 -8.84766596664e-07 -7.18421508876e-18
-0.5 -0.424242424242 0 0 -1.00169158334e-06 -8.13181590425e-18
-0.7 -0.424242424242 0 0 -1.1352405137e-06 -9.21383330198e-18
-0.95 -0.424242424242 0 0 -1.32777322169e-06 -1.07728518633e-17
-0.05 -0.40404040404 0 0 -3.56031673207e-07 -3.25795199945e-18
-0.2 -0.40404040404 0 0 -4.24121035015e-07 -3.44854459366e-18
-0.3 -0.40404040404 0 0 -4.51465191407e-07 -3.66861712617e-18
-0.5 -0.40404040404 0 0 -5.12127557387e-07 -4.16103985045e-18
-0.7 -0.40404040404 0 0 -5.81685445281e-07 -4.72562583561e-18
-0.95 -0.40404040404 0 0 -6.82398256173e-07 -5.54284706803e-18
-0.05 -0.383838383838 0 0 -1.80515002225e-07 -1.65103453563e-18
-0.2 -0.383838383838 0 0 -2.15071770764e-07 -1.74938492003e-18
-0.3 -0.383838383838 0 0 -2.29079658004e-07 -1.86222707763e-18
-0.5 -0.383838383838 0 0 -2.60237936678e-07 -2.11536206829e-18
-0.7 -0.383838383838 0 0 -2.96072565682e-07 -2.40649622335e-18
-0.95 -0.383838383838 0 0 -3.48123827378e-07 -2.82931584021e-18
-0.05 -0.363636363636 0 0 -9.12184040711e-08 -8.34028554216e-19
-0.2 -0.363636363636 0 0 -1.08700687999e-07 -8.84328039007e-19
-0.3 -0.363636363636 0 0 -1.15835288099e-07 -9.41829978377e-19
-0.5 -0.363636363636 0 0 -1.31740026952e-07 -1.0710973392e-18
-0.7 -0.363636363636 0 0 -1.50076227215e-07 -1.22013878868e-18
-0.95 -0.363636363636 0 0 -1.76776654687e-07 -1.43714989983e-18
-0.05 -0.343434343434 0 0 -4.59994895436e-08 -4.20492041616e-19
-0.2 -0.343434343434 0 0 -5.4826321479e-08 -4.4607735928e-19
-0.3 -0.343434343434 0 0 -5.84471983613e-08 -4.75268084257e-19
-0.5 -0.343434343434 0 0 -6.65345801367e-08 -5.41013211797e-19
-0.7 -0.343434343434 0 0 -7.58776192432e-08 -6.16974307339e-19
-0.95 -0.343434343434 0 0 -8.9510383376e-08 -7.27807459019e-19
-0.05 -0.323232323232 0 0 -2.31671786836e-08 -2.11748463949e-19
-0.2 -0.323232323232 0 0 -2.76184506289e-08 -2.24719374742e-19
-0.3 -0.323232323232 0 0 -2.945201102e-08 -2.39503461117e-19
-0.5 -0.323232323232 0 0 -3.3554539361e-08 -2.72857969641e-19
-0.7 -0.323232323232 0 0 -3.83027630389e-08 -3.11466878032e-19
-0.95 -0.323232323232 0 0 -4.52432975002e-08 -3.67900835348e-19
-0.05 -0.30303030303 0 0 -1.16590676561e-08 -1.06555883983e-19
-0.2 -0.30303030303 0 0 -1.39021378835e-08 -1.13118314604e-19
-0.3 -0.30303030303 0 0 -1.48293579618e-08 -1.20595256278e-19
-0.5 -0.30303030303 0 0 -1.690739094e-08 -1.37491082323e-19
-0.7 -0.30303030303 0 0 -1.93165638494e-08 -1.57081840374e-19
-0.95 -0.30303030303 0 0 -2.28436711248e-08 -1.85763053784e-19
-0.05 -0.282828282828 0 0 -5.86495536432e-09 -5.35993871814e-20
-0.2 -0.282828282828 0 0 -6.99478224457e-09 -5.69155091379e-20
-0.3 -0.282828282828 0 0 -7.46328535329e-09 -6.06936816322e-20
-0.5 -0.282828282828 0 0 -8.51491426107e-09 -6.92443836942e-20
-0.7 -0.282828282828 0 0 -9.73607193937e-09 -7.91748259534e-20
-0.95 -0.282828282828 0 0 -1.15265162874e-08 -9.37346277625e-20
-0.05 -0.262626262626 0 0 -2.9495848719e-09 -2.69554247614e-20
-0.2 -0.262626262626 0 0 -3.51853352505e-09 -2.86299559426e-20
-0.3 -0.262626262626 0 0 -3.755144238e-09 -3.05381593622e-20
-0.5 -0.262626262626 0 0 -4.28706010422e-09 -3.48631833964e-20
-0.7 -0.262626262626 0 0 -4.90567125062e-09 -3.98938024287e-20
-0.95 -0.262626262626 0 0 -5.8139350301e-09 -4.72798924312e-20
-0.05 -0.242424242424 0 0 -1.48320567239e-09 -1.35544395343e-20
-0.2 -0.242424242424 0 0 -1.76967314378e-09 -1.43996963297e-20
-0.3 -0.242424242424 0 0 -1.88913794434e-09 -1.53631868716e-20
-0.5 -0.242424242424 0 0 -2.15810095939e-09 -1.75501500543e-20
-0.7 -0.242424242424 0 0 -2.47136798925e-09 -2.0097694825e-20
-0.95 -0.242424242424 0 0 -2.93193524213e-09 -2.38431074576e-20
-0.05 -0.222222222222 0 0 -7.45783800927e-10 -6.81538711811e-21
-0.2 -0.222222222222 0 0 -8.90010691606e-10 -7.24196038161e-21
-0.3 -0.222222222222 0 0 -9.50319583949e-10 -7.72837220356e-21
-0.5 -0.222222222222 0 0 -1.08629750199e-09 -8.83402587197e-21
-0.7 -0.222222222222 0 0 -1.24490587564e-09 -1.01238633223e-20
-0.95 -0.222222222222 0 0 -1.47839984958e-09 -1.20226855907e-20
-0.05 -0.20202020202 0 0 -3.74981401669e-10 -3.42677817027e-21
-0.2 -0.20202020202 0 0 -4.47592118671e-10 -3.64203132513e-21
-0.3 -0.20202020202 0 0 -4.78035080121e-10 -3.88757226419e-21
-0.5 -0.20202020202 0 0 -5.46773822932e-10 -4.44649704021e-21
-0.7 -0.20202020202 0 0 -6.27068561727e-10 -5.09947246534e-21
-0.95 -0.20202020202 0 0 -7.45427193061e-10 -6.06199209481e-21
-0.05 -0.181818181818 0 0 -1.88538049653e-10 -1.72295766991e-21
-0.2 -0.181818181818 0 0 -2.2509302781e-10 -1.83156971476e-21
-0.3 -0.181818181818 0 0 -2.4045940454e-10 -1.95551275887e-21
-0.5 -0.181818181818 0 0 -2.75205707679e-10 -2.23804047166e-21
-0.7 -0.181818181818 0 0 -3.15851563924e-10 -2.56858233268e-21
-0.95 -0.181818181818 0 0 -3.75842732333e-10 -3.05644489356e-21
-0.05 -0.161616161616 0 0 -9.47947980359e-11 -8.66282948374e-22
-0.2 -0.161616161616 0 0 -1.13197756066e-10 -9.21084155864e-22
-0.3 -0.161616161616 0 0 -1.20953844327e-10 -9.83645599487e-22
-0.5 -0.161616161616 0 0 -1.38516814422e-10 -1.12645306004e-21
-0.7 -0.161616161616 0 0 -1.59091035145e-10 -1.29376764588e-21
-0.95 -0.161616161616 0 0 -1.89496320297e-10 -1.5410308592e-21
-0.05 -0.141414141414 0 0 -4.76615421807e-11 -4.35555179606e-22
-0.2 -0.141414141414 0 0 -5.69261294043e-11 -4.63204953448e-22
-0.3 -0.141414141414 0 0 -6.08408848204e-11 -4.94782744904e-22
-0.5 -0.141414141414 0 0 -6.97180448891e-11 -5.66964487052e-22
-0.7 -0.141414141414 0 0 -8.01319462281e-11 -6.5165289596e-22
-0.95 -0.141414141414 0 0 -9.55415353869e-11 -7.76967479432e-22
-0.05 -0.121212121212 0 0 -2.39635257533e-11 -2.18990725369e-22
-0.2 -0.121212121212 0 0 -2.86275725187e-11 -2.32941078424e-22
-0.3 -0.121212121212 0 0 -3.06034457653e-11 -2.48879643486e-22
-0.5 -0.121212121212 0 0 -3.50902705011e-11 -2.85362829469e-22
-0.7 -0.121212121212 0 0 -4.0361222618e-11 -3.28227515537e-22
-0.95 -0.121212121212 0 0 -4.81705980355e-11 -3.91735293595e-22
-0.05 -0.10101010101 0 0 -1.20484962743e-11 -1.10105198504e-22
-0.2 -0.10101010101 0 0 -1.43964994784e-11 -1.17143572816e-22
-0.3 -0.10101010101 0 0 -1.53937566894e-11 -1.25188279038e-22
-0.5 -0.10101010101 0 0 -1.76615023311e-11 -1.43627742314e-22
-0.7 -0.10101010101 0 0 -2.03292918458e-11 -1.65322872066e-22
-0.95 -0.10101010101 0 0 -2.4286841914e-11 -1.97506653382e-22
-0.05 -0.0808080808081 0 0 -6.05779711227e-12 -5.53591878399e-23
-0.2 -0.0808080808081 0 0 -7.23984084369e-12 -5.89102150257e-23
-0.3 -0.0808080808081 0 0 -7.74316700183e-12 -6.29705812216e-23
-0.5 -0.0808080808081 0 0 -8.88931380203e-12 -7.2290124247e-23
-0.7 -0.0808080808081 0 0 -1.02395257662e-11 -8.32703796232e-23
-0.95 -0.0808080808081 0 0 -1.22450237796e-11 -9.95795925192e-23
-0.05 -0.0606060606061 0 0 -3.04576563462e-12 -2.78337345351e-23
-0.2 -0.0606060606061 0 0 -3.64083506688e-12 -2.96252909502e-23
-0.3 -0.0606060606061 0 0 -3.89486575659e-12 -3.16746338403e-23
-0.5 -0.0606060606061 0 0 -4.47413127422e-12 -3.63847533195e-23
-0.7 -0.0606060606061 0 0 -5.1574764671e-12 -4.19418876792e-23
-0.95 -0.0606060606061 0 0 -6.17373531587e-12 -5.02063617289e-23
-0.05 -0.040404040404 0 0 -1.5313631438e-12 -1.39943647822e-23
-0.2 -0.040404040404 0 0 -1.83093506569e-12 -1.48982263919e-23
-0.3 -0.040404040404 0 0 -1.95914353473e-12 -1.59325559501e-23
-0.5 -0.040404040404 0 0 -2.25189982404e-12 -1.83130149089e-23
-0.7 -0.040404040404 0 0 -2.59773343448e-12 -2.112541805e-23
-0.95 -0.040404040404 0 0 -3.11269292504e-12 -2.53131999491e-23
-0.05 -0.020202020202 0 0 -7.69945322199e-13 -7.03614639811e-24
-0.2 -0.020202020202 0 0 -9.20756730306e-13 -7.49214996603e-24
-0.3 -0.020202020202 0 0 -9.85462031352e-13 -8.01418396547e-24
-0.5 -0.020202020202 0 0 -1.1334162069e-12 -9.21722539189e-24
-0.7 -0.020202020202 0 0 -1.30843416531e-12 -1.06405138582e-23
-0.95 -0.020202020202 0 0 -1.56936712116e-12 -1.27624857004e-23
-0.05 0.0 0 0 -3.87116206351e-13 -3.53766419558e-24
-0.2 0.0 0 0 -4.63038046038e-13 -3.7677181451e-24
-0.3 0.0 0 0 -4.95693832168e-13 -4.03118881408e-24
-0.5 0.0 0 0 -5.70465885269e-13 -4.63917308253e-24
-0.7 0.0 0 0 -6.5903562989e-13 -5.35944691223e-24
-0.95 0.0 0 0 -7.91248048865e-13 -6.43462914632e-24
