VD VG VS VB Ids Qg  
-0.05 -2.0 0 0 -0.00119623654854 -5.0504897173e-14
-0.2 -2.0 0 0 -0.00474585218311 -4.77972565e-14
-0.3 -2.0 0 0 -0.00705793793272 -4.6020709554e-14
-0.5 -2.0 0 0 -0.0112975925523 -4.27315810029e-14
-0.7 -2.0 0 0 -0.0143614522942 -4.04560194289e-14
-0.95 -2.0 0 0 -0.0167078062127 -3.90067779799e-14
-0.05 -1.9797979798 0 0 -0.00119406302273 -4.96627540734e-14
-0.2 -1.9797979798 0 0 -0.00473579398654 -4.69605819944e-14
-0.3 -1.9797979798 0 0 -0.00704029893811 -4.51890062177e-14
-0.5 -1.9797979798 0 0 -0.0112468023252 -4.19245369802e-14
-0.7 -1.9797979798 0 0 -0.0142531127677 -3.96989962812e-14
-0.95 -1.9797979798 0 0 -0.0165457144119 -3.82970848553e-14
-0.05 -1.9595959596 0 0 -0.0011918227968 -4.88221439301e-14
-0.2 -1.9595959596 0 0 -0.00472539912027 -4.61255812442e-14
-0.3 -1.9595959596 0 0 -0.00702200264177 -4.43591637481e-14
-0.5 -1.9595959596 0 0 -0.0111938292423 -4.11205904485e-14
-0.7 -1.9595959596 0 0 -0.0141416151203 -3.89459877705e-14
-0.95 -1.9595959596 0 0 -0.016380515056 -3.75913168608e-14
-0.05 -1.93939393939 0 0 -0.00118951290942 -4.798310073e-14
-0.2 -1.93939393939 0 0 -0.00471465103177 -4.52922948484e-14
-0.3 -1.93939393939 0 0 -0.00700301280085 -4.35312353707e-14
-0.5 -1.93939393939 0 0 -0.0111385676677 -4.03198597513e-14
-0.7 -1.93939393939 0 0 -0.0140268884872 -3.81970818424e-14
-0.95 -1.93939393939 0 0 -0.0162121567095 -3.68895448144e-14
-0.05 -1.91919191919 0 0 -0.00118713022816 -4.71456597368e-14
-0.2 -1.91919191919 0 0 -0.00470353209274 -4.44607651441e-14
-0.3 -1.91919191919 0 0 -0.00698329057218 -4.27052771898e-14
-0.5 -1.91919191919 0 0 -0.0110809080018 -3.9522468063e-14
-0.7 -1.91919191919 0 0 -0.013908861761 -3.7452367764e-14
-0.95 -1.91919191919 0 0 -0.016040587864 -3.61918409074e-14
-0.05 -1.89898989899 0 0 -0.00118467143733 -4.6309857558e-14
-0.2 -1.89898989899 0 0 -0.0046920235123 -4.36310363171e-14
-0.3 -1.89898989899 0 0 -0.00696279429149 -4.1881348418e-14
-0.5 -1.89898989899 0 0 -0.011020736746 -3.87285434199e-14
-0.7 -1.89898989899 0 0 -0.0137874636777 -3.67119361357e-14
-0.95 -1.89898989899 0 0 -0.0158657570469 -3.54982787042e-14
-0.05 -1.87878787879 0 0 -0.00118213302488 -4.54757322176e-14
-0.2 -1.87878787879 0 0 -0.00468010524184 -4.28031545213e-14
-0.3 -1.87878787879 0 0 -0.0069414792326 -4.10595116285e-14
-0.5 -1.87878787879 0 0 -0.0109579366004 -3.79382187266e-14
-0.7 -1.87878787879 0 0 -0.0136626229121 -3.59758789018e-14
-0.95 -1.87878787879 0 0 -0.0156876129441 -3.48089331373e-14
-0.05 -1.85858585859 0 0 -0.00117951126813 -4.46433232324e-14
-0.2 -1.85858585859 0 0 -0.00466775587058 -4.19771680088e-14
-0.3 -1.85858585859 0 0 -0.00691929734478 -4.0239833032e-14
-0.5 -1.85858585859 0 0 -0.0108923865963 -3.71516317376e-14
-0.7 -1.85858585859 0 0 -0.0135342681867 -3.52442893598e-14
-0.95 -1.85858585859 0 0 -0.0155061045377 -3.41238804964e-14
-0.05 -1.83838383838 0 0 -0.00117680221834 -4.38126716948e-14
-0.2 -1.83838383838 0 0 -0.00465495251098 -4.11531272721e-14
-0.3 -1.83838383838 0 0 -0.00689619696668 -3.94223827809e-14
-0.5 -1.83838383838 0 0 -0.0108239622683 -3.63689250103e-14
-0.7 -1.83838383838 0 0 -0.0134023283926 -3.45172621673e-14
-0.95 -1.83838383838 0 0 -0.0153211812606 -3.34431984134e-14
-0.05 -1.81818181818 0 0 -0.00117400168393 -4.29838203606e-14
-0.2 -1.81818181818 0 0 -0.00464167067272 -4.03310851983e-14
-0.3 -1.81818181818 0 0 -0.006872122515 -3.86072353039e-14
-0.5 -1.81818181818 0 0 -0.0107525358661 -3.55902458289e-14
-0.7 -1.81818181818 0 0 -0.0132667327267 -3.3794893345e-14
-0.95 -1.81818181818 0 0 -0.015132793169 -3.27669658386e-14
-0.05 -1.79797979798 0 0 -0.00117110521221 -4.21568137443e-14
-0.2 -1.79797979798 0 0 -0.00462788412399 -3.95110972387e-14
-0.3 -1.79797979798 0 0 -0.00684701414623 -3.77944696736e-14
-0.5 -1.79797979798 0 0 -0.010677976611 -3.48157460972e-14
-0.7 -1.79797979798 0 0 -0.013127410846 -3.30772802769e-14
-0.95 -1.79797979798 0 0 -0.0149408911362 -3.20952630108e-14
-0.05 -1.77777777778 0 0 -0.00116810806952 -4.13316982199e-14
-0.2 -1.77777777778 0 0 -0.00461356473881 -3.86932215938e-14
-0.3 -1.77777777778 0 0 -0.00682080738987 -3.698417001e-14
-0.5 -1.77777777778 0 0 -0.0106001509977 -3.40455821995e-14
-0.7 -1.77777777778 0 0 -0.0129842930415 -3.23645217043e-14
-0.95 -1.77777777778 0 0 -0.0147454270688 -3.14281714166e-14
-0.05 -1.75757575758 0 0 -0.00116500521963 -4.05085221305e-14
-0.2 -1.75757575758 0 0 -0.00459868232858 -3.78775194168e-14
-0.3 -1.75757575758 0 0 -0.0067934327516 -3.61764259237e-14
-0.5 -1.75757575758 0 0 -0.0105189231436 -3.32799148282e-14
-0.7 -1.75757575758 0 0 -0.0128373104332 -3.1656717714e-14
-0.95 -1.75757575758 0 0 -0.0145463541496 -3.07657737391e-14
-0.05 -1.73737373737 0 0 -0.00116179130017 -3.96873359054e-14
-0.2 -1.73737373737 0 0 -0.00458320445625 -3.7064055037e-14
-0.3 -1.73737373737 0 0 -0.0067648152852 -3.5371333001e-14
-0.5 -1.73737373737 0 0 -0.0104341551888 -3.25189087792e-14
-0.7 -1.73737373737 0 0 -0.012686395191 -3.09539697198e-14
-0.95 -1.73737373737 0 0 -0.0143436271089 -3.0108153794e-14
-0.05 -1.71717171717 0 0 -0.00115846059686 -3.88681921863e-14
-0.2 -1.71717171717 0 0 -0.00456709623103 -3.62528962061e-14
-0.3 -1.71717171717 0 0 -0.00673487413256 -3.4568993336e-14
-0.5 -1.71717171717 0 0 -0.0103457077463 -3.17627327132e-14
-0.7 -1.71717171717 0 0 -0.0125314807811 -3.02563804344e-14
-0.95 -1.71717171717 0 0 -0.0141372025296 -2.94553964485e-14
-0.05 -1.69696969697 0 0 -0.00115500701549 -3.80511459638e-14
-0.2 -1.69696969697 0 0 -0.00455032008154 -3.544411437e-14
-0.3 -1.69696969697 0 0 -0.00670352203134 -3.37695161101e-14
-0.5 -1.69696969697 0 0 -0.0102534404054 -3.10115588846e-14
-0.7 -1.69696969697 0 0 -0.0123725022439 -2.95640538316e-14
-0.95 -1.69696969697 0 0 -0.0139270391903 -2.88075875215e-14
-0.05 -1.67676767677 0 0 -0.00115142405119 -3.72362547243e-14
-0.2 -1.67676767677 0 0 -0.00453283550479 -3.4637784969e-14
-0.3 -1.67676767677 0 0 -0.00667066479115 -3.29730182251e-14
-0.5 -1.67676767677 0 0 -0.0101572122885 -3.0265562839e-14
-0.7 -1.67676767677 0 0 -0.0122093965049 -2.88770950972e-14
-0.95 -1.67676767677 0 0 -0.0137130984519 -2.81648136598e-14
-0.05 -1.65656565657 0 0 -0.00114770475485 -3.64235786086e-14
-0.2 -1.65656565657 0 0 -0.00451459878845 -3.38339877709e-14
-0.3 -1.65656565657 0 0 -0.00663620073968 -3.21796249892e-14
-0.5 -1.65656565657 0 0 -0.010056882663 -2.95249230798e-14
-0.7 -1.65656565657 0 0 -0.0120421027222 -2.81956105655e-14
-0.95 -1.65656565657 0 0 -0.0134953446952 -2.75271621847e-14
-0.05 -1.63636363636 0 0 -0.00114384169638 -3.56131805837e-14
-0.2 -1.63636363636 0 0 -0.00449556270334 -3.303280724e-14
-0.3 -1.63636363636 0 0 -0.00660002014208 -3.138947086e-14
-0.5 -1.63636363636 0 0 -0.0099523116083 -2.87898207052e-14
-0.7 -1.63636363636 0 0 -0.0118705626758 -2.75197076418e-14
-0.95 -1.63636363636 0 0 -0.0132737458179 -2.68947209014e-14
-0.05 -1.61616161616 0 0 -0.00113982692437 -3.48051266291e-14
-0.2 -1.61616161616 0 0 -0.00447567616286 -3.22343329482e-14
-0.3 -1.61616161616 0 0 -0.00656200459841 -3.06027002427e-14
-0.5 -1.61616161616 0 0 -0.00984336073977 -2.80604390185e-14
-0.7 -1.61616161616 0 0 -0.0116947212005 -2.68494947061e-14
-0.95 -1.61616161616 0 0 -0.0130482738007 -2.62675778637e-14
-0.05 -1.59595959596 0 0 -0.00113565192193 -3.39994859389e-14
-0.2 -1.59595959596 0 0 -0.00445488384584 -3.14386600319e-14
-0.3 -1.59595959596 0 0 -0.00652202642647 -2.98194683453e-14
-0.5 -1.59595959596 0 0 -0.00972989398982 -2.73369631125e-14
-0.7 -1.59595959596 0 0 -0.0115145266698 -2.61850809979e-14
-0.95 -1.59595959596 0 0 -0.0128189053563 -2.56458210801e-14
-0.05 -1.57575757576 0 0 -0.00113130755816 -3.31963311401e-14
-0.2 -1.57575757576 0 0 -0.00443312577902 -3.06458897025e-14
-0.3 -1.57575757576 0 0 -0.00647994804031 -2.90399420852e-14
-0.5 -1.57575757576 0 0 -0.00961177844797 -2.66195794305e-14
-0.7 -1.57575757576 0 0 -0.0113299315327 -2.55265764781e-14
-0.95 -1.57575757576 0 0 -0.0125856226752 -2.50295381484e-14
-0.05 -1.55555555556 0 0 -0.00112678403484 -3.23957385324e-14
-0.2 -1.55555555556 0 0 -0.00441033687501 -2.98561298163e-14
-0.3 -1.55555555556 0 0 -0.00643562133796 -2.82643010434e-14
-0.5 -1.55555555556 0 0 -0.00948888526108 -2.59084753044e-14
-0.7 -1.55555555556 0 0 -0.0111408929118 -2.48740916651e-14
-0.95 -1.55555555556 0 0 -0.0123484142839 -2.44188158032e-14
-0.05 -1.53535353535 0 0 -0.00112207082782 -3.15977883468e-14
-0.2 -1.53535353535 0 0 -0.00438644642169 -2.90694955124e-14
-0.3 -1.53535353535 0 0 -0.00638888711687 -2.74927384567e-14
-0.5 -1.53535353535 0 0 -0.00936109059578 -2.52038384737e-14
-0.7 -1.53535353535 0 0 -0.0109473732667 -2.4227737441e-14
-0.95 -1.53535353535 0 0 -0.012107276029 -2.38137393596e-14
-0.05 -1.51515151515 0 0 -0.0011171566225 -3.08025650295e-14
-0.2 -1.51515151515 0 0 -0.00436137751855 -2.82861099263e-14
-0.3 -1.51515151515 0 0 -0.00633957453993 -2.67254622347e-14
-0.5 -1.51515151515 0 0 -0.00922827666575 -2.4505856584e-14
-0.7 -1.51515151515 0 0 -0.0107493411303 -2.3587624825e-14
-0.95 -1.51515151515 0 0 -0.0118622121853 -2.32143920528e-14
-0.05 -1.49494949495 0 0 -0.00111202924285 -3.00101575516e-14
-0.2 -1.49494949495 0 0 -0.00433504645608 -2.75061049905e-14
-0.3 -1.49494949495 0 0 -0.00628750068173 -2.59626959839e-14
-0.5 -1.49494949495 0 0 -0.00909033282672 -2.38147166675e-14
-0.7 -1.49494949495 0 0 -0.0105467719266 -2.29538647058e-14
-0.95 -1.49494949495 0 0 -0.0116132366536 -2.26208542938e-14
-0.05 -1.47474747475 0 0 -0.00110667557309 -2.92206597475e-14
-0.2 -1.47474747475 0 0 -0.0043073620342 -2.6729622332e-14
-0.3 -1.47474747475 0 0 -0.00623247019098 -2.52046800139e-14
-0.5 -1.47474747475 0 0 -0.0089471567434 -2.3130604605e-14
-0.7 -1.47474747475 0 0 -0.0103396488789 -2.23265675283e-14
-0.95 -1.47474747475 0 0 -0.0113603741762 -2.20332029016e-14
-0.05 -1.45454545455 0 0 -0.00110108147145 -2.84341706864e-14
-0.2 -1.45454545455 0 0 -0.00427822481697 -2.59568142778e-14
-0.3 -1.45454545455 0 0 -0.00617427511283 -2.44516722958e-14
-0.5 -1.45454545455 0 0 -0.00879865563266 -2.24537045685e-14
-0.7 -1.45454545455 0 0 -0.0101279640189 -2.17058429242e-14
-0.95 -1.45454545455 0 0 -0.0111036615236 -2.14515103401e-14
-0.05 -1.43434343434 0 0 -0.00109523167492 -2.76507950795e-14
-0.2 -1.43434343434 0 0 -0.0042475263216 -2.51878449828e-14
-0.3 -1.43434343434 0 0 -0.00611269492321 -2.37039493327e-14
-0.5 -1.43434343434 0 0 -0.00864474758854 -2.17841984437e-14
-0.7 -1.43434343434 0 0 -0.00991171931197 -2.10917992756e-14
-0.95 -1.43434343434 0 0 -0.0108431488092 -2.0875843802e-14
-0.05 -1.41414141414 0 0 -0.00108910969431 -2.6870643729e-14
-0.2 -1.41414141414 0 0 -0.00421514814227 -2.44228916911e-14
-0.3 -1.41414141414 0 0 -0.00604749683527 -2.29618068959e-14
-0.5 -1.41414141414 0 0 -0.00848536299509 -2.11222652296e-14
-0.7 -1.41414141414 0 0 -0.0096909279138 -2.04845431948e-14
-0.95 -1.41414141414 0 0 -0.0105789014106 -2.03062636777e-14
-0.05 -1.39393939394 0 0 -0.00108269769821 -2.60938340212e-14
-0.2 -1.39393939394 0 0 -0.00418096101196 -2.36621461456e-14
-0.3 -1.39393939394 0 0 -0.00597843644671 -2.222556057e-14
-0.5 -1.39393939394 0 0 -0.00832044603408 -2.04680804127e-14
-0.7 -1.39393939394 0 0 -0.00946561558094 -1.98841789009e-14
-0.95 -1.39393939394 0 0 -0.0103110030246 -1.97428208896e-14
-0.05 -1.37373737374 0 0 -0.00107597638509 -2.53204904719e-14
-0.2 -1.37373737374 0 0 -0.00414482381012 -2.29058161563e-14
-0.3 -1.37373737374 0 0 -0.00590525880378 -2.14955460432e-14
-0.5 -1.37373737374 0 0 -0.00814995629495 -1.98218153119e-14
-0.7 -1.37373737374 0 0 -0.00923582226132 -1.92908074633e-14
-0.95 -1.37373737374 0 0 -0.0100395598865 -1.91855530142e-14
-0.05 -1.35353535354 0 0 -0.00106892484206 -2.45507453289e-14
-0.2 -1.35353535354 0 0 -0.00410658253009 -2.21541273402e-14
-0.3 -1.35353535354 0 0 -0.00582769996358 -2.07721190712e-14
-0.5 -1.35353535354 0 0 -0.00797387049537 -1.91836363888e-14
-0.7 -1.35353535354 0 0 -0.00900160389932 -1.87045258765e-14
-0.95 -1.35353535354 0 0 -0.00976470563596 -1.8634479636e-14
-0.05 -1.33333333333 0 0 -0.00106152038898 -2.378473924e-14
-0.2 -1.33333333333 0 0 -0.00406606922872 -2.14073250375e-14
-0.3 -1.33333333333 0 0 -0.00574548913911 -2.00556550362e-14
-0.5 -1.33333333333 0 0 -0.00779218432105 -1.85537045175e-14
-0.7 -1.33333333333 0 0 -0.00876303449745 -1.81254259155e-14
-0.95 -1.33333333333 0 0 -0.00948660596743 -1.80895977871e-14
-0.05 -1.31313131313 0 0 -0.00105373840673 -2.30226219939e-14
-0.2 -1.31313131313 0 0 -0.0040231009925 -2.06656764058e-14
-0.3 -1.31313131313 0 0 -0.00565835151053 -1.93465480232e-14
-0.5 -1.31313131313 0 0 -0.0076049143945 -1.79321742069e-14
-0.7 -1.31313131313 0 0 -0.0085202084834 -1.75535927119e-14
-0.95 -1.31313131313 0 0 -0.00920546112763 -1.75508795704e-14
-0.05 -1.29292929293 0 0 -0.001045552148 -2.22645533448e-14
-0.2 -1.29292929293 0 0 -0.00397747896944 -1.99294726857e-14
-0.3 -1.29292929293 0 0 -0.00556601177983 -1.86452093349e-14
-0.5 -1.29292929293 0 0 -0.00741210038303 -1.73191927647e-14
-0.7 -1.29292929293 0 0 -0.0082732434279 -1.69891029849e-14
-0.95 -1.29292929293 0 0 -0.00892150251391 -1.70182761387e-14
-0.05 -1.27272727273 0 0 -0.00103693252922 -2.15107039313e-14
-0.2 -1.27272727273 0 0 -0.00392898753626 -1.91990316133e-14
-0.3 -1.27272727273 0 0 -0.00546819853378 -1.79520653754e-14
-0.5 -1.27272727273 0 0 -0.00721380725794 -1.67148993928e-14
-0.7 -1.27272727273 0 0 -0.0080222831335 -1.64320228744e-14
-0.95 -1.27272727273 0 0 -0.00863498136858 -1.6491730528e-14
-0.05 -1.25252525253 0 0 -0.00102784790239 -2.07612563027e-14
-0.2 -1.25252525253 0 0 -0.00387739369548 -1.84746999431e-14
-0.3 -1.25252525253 0 0 -0.00536464946019 -1.72675548476e-14
-0.5 -1.25252525253 0 0 -0.007010127719 -1.61194241956e-14
-0.7 -1.25252525253 0 0 -0.00776750105989 -1.58824053615e-14
-0.95 -1.25252525253 0 0 -0.00834615694704 -1.597119161e-14
-0.05 -1.23232323232 0 0 -0.00101826380541 -2.00164060679e-14
-0.2 -1.23232323232 0 0 -0.00382244682818 -1.77568560132e-14
-0.3 -1.23232323232 0 0 -0.0052551174351 -1.65921252296e-14
-0.5 -1.23232323232 0 0 -0.0068011848017 -1.55328870793e-14
-0.7 -1.23232323232 0 0 -0.0075091040193 -1.53402872778e-14
-0.95 -1.23232323232 0 0 -0.0080552972831 -1.54566145484e-14
-0.05 -1.21212121212 0 0 -0.00100814269014 -1.92763631838e-14
-0.2 -1.21212121212 0 0 -0.00376387896567 -1.70459122556e-14
-0.3 -1.21212121212 0 0 -0.00513937746325 -1.59262285255e-14
-0.5 -1.21212121212 0 0 -0.00658713469057 -1.495539651e-14
-0.7 -1.21212121212 0 0 -0.00724733622117 -1.4805685754e-14
-0.95 -1.21212121212 0 0 -0.00776269233383 -1.49479473797e-14
-0.05 -1.19191919192 0 0 -0.000997443627807 -1.85413534032e-14
-0.2 -1.19191919192 0 0 -0.00370140578565 -1.63423175116e-14
-0.3 -1.19191919192 0 0 -0.00501723441286 -1.52703163219e-14
-0.5 -1.19191919192 0 0 -0.0063681697702 -1.43870480832e-14
-0.7 -1.19191919192 0 0 -0.00698248414071 -1.42785935817e-14
-0.95 -1.19191919192 0 0 -0.00746866719509 -1.44451170962e-14
-0.05 -1.17171717172 0 0 -0.000986121992147 -1.78116199065e-14
-0.2 -1.17171717172 0 0 -0.00363472858464 -1.56465589621e-14
-0.3 -1.17171717172 0 0 -0.00488853143899 -1.46248342232e-14
-0.5 -1.17171717172 0 0 -0.00614452195732 -1.38279228375e-14
-0.7 -1.17171717172 0 0 -0.00671488276745 -1.37589729143e-14
-0.95 -1.17171717172 0 0 -0.00717359051987 -1.39480207517e-14
-0.05 -1.15151515152 0 0 -0.00097412912201 -1.7087425142e-14
-0.2 -1.15151515152 0 0 -0.00356353752415 -1.49591634266e-14
-0.3 -1.15151515152 0 0 -0.00475315894189 -1.39902157826e-14
-0.5 -1.15151515152 0 0 -0.00591646637359 -1.32780852183e-14
-0.7 -1.15151515152 0 0 -0.00644492227419 -1.32467483738e-14
-0.95 -1.15151515152 0 0 -0.00687787446142 -1.34565260143e-14
-0.05 -1.13131313131 0 0 -0.00096141196706 -1.63690529072e-14
-0.2 -1.13131313131 0 0 -0.0034875164862 -1.42806977258e-14
-0.3 -1.13131313131 0 0 -0.00461106386023 -1.336687609e-14
-0.5 -1.13131313131 0 0 -0.00568432543485 -1.27375805595e-14
-0.7 -1.13131313131 0 0 -0.00617305056221 -1.2741804665e-14
-0.95 -1.13131313131 0 0 -0.00658196119083 -1.29704873337e-14
-0.05 -1.11111111111 0 0 -0.00094791272285 -1.56568107059e-14
-0.2 -1.11111111111 0 0 -0.00340634989598 -1.36117677495e-14
-0.3 -1.11111111111 0 0 -0.00446225905892 -1.27552052168e-14
-0.5 -1.11111111111 0 0 -0.00544847344188 -1.22064319217e-14
-0.7 -1.11111111111 0 0 -0.00589976434121 -1.22439974065e-14
-0.95 -1.11111111111 0 0 -0.0062863063553 -1.24897663454e-14
-0.05 -1.09090909091 0 0 -0.000933568465607 -1.49510324213e-14
-0.2 -1.09090909091 0 0 -0.00331973186096 -1.29530158291e-14
-0.3 -1.09090909091 0 0 -0.00430683254094 -1.21555617465e-14
-0.5 -1.09090909091 0 0 -0.00520934173644 -1.16846361044e-14
-0.7 -1.09090909091 0 0 -0.00562558723955 -1.17531798264e-14
-0.95 -1.09090909091 0 0 -0.00599137261552 -1.20142413427e-14
-0.05 -1.07070707071 0 0 -0.000918310802701 -1.42520813505e-14
-0.2 -1.07070707071 0 0 -0.00322737792261 -1.23051160149e-14
-0.3 -1.07070707071 0 0 -0.00414495619664 -1.15682666383e-14
-0.5 -1.07070707071 0 0 -0.00496742440476 -1.11721586947e-14
-0.7 -1.07070707071 0 0 -0.00535105101273 -1.12692272812e-14
-0.95 -1.07070707071 0 0 -0.00569763238662 -1.15438064019e-14
-0.05 -1.05050505051 0 0 -0.000902065562863 -1.35603536524e-14
-0.2 -1.05050505051 0 0 -0.00312903960069 -1.16687668923e-14
-0.3 -1.05050505051 0 0 -0.00397689380494 -1.09935976649e-14
-0.5 -1.05050505051 0 0 -0.00472328434196 -1.06689281503e-14
-0.7 -1.05050505051 0 0 -0.00507670067546 -1.07920342803e-14
-0.95 -1.05050505051 0 0 -0.00540557313556 -1.1078367574e-14
-0.05 -1.0303030303 0 0 -0.000884752561514 -1.28762822616e-14
-0.2 -1.0303030303 0 0 -0.00302452171932 -1.10446816902e-14
-0.3 -1.0303030303 0 0 -0.00380300802074 -1.04317846469e-14
-0.5 -1.0303030303 0 0 -0.00447755917241 -1.01748292876e-14
-0.7 -1.0303030303 0 0 -0.00480311689255 -1.03214901987e-14
-0.95 -1.0303030303 0 0 -0.00511570147735 -1.06178404636e-14
-0.05 -1.0101010101 0 0 -0.000866285492406 -1.22003413279e-14
-0.2 -1.0101010101 0 0 -0.00291370223133 -1.04335756246e-14
-0.3 -1.0101010101 0 0 -0.00362376612296 -9.88300565346e-15
-0.5 -1.0101010101 0 0 -0.00423096556155 -9.68969786634e-15
-0.7 -1.0101010101 0 0 -0.00453093447526 -9.85745828743e-15
-0.95 -1.0101010101 0 0 -0.00482854531575 -1.01621501471e-14
-0.05 -0.989898989899 0 0 -0.000846572018682 -1.15330512378e-14
-0.2 -0.989898989899 0 0 -0.00279655391329 -9.83615070457e-15
-0.3 -0.989898989899 0 0 -0.00343974435614 -9.34738426424e-15
-0.5 -0.989898989899 0 0 -0.00398429748079 -9.21332199117e-15
-0.7 -0.989898989899 0 0 -0.00426085182164 -9.39976463652e-15
-0.95 -0.989898989899 0 0 -0.00454465438504 -9.71123309949e-15
-0.05 -0.969696969697 0 0 -0.000825514166346 -1.08749842655e-14
-0.2 -0.969696969697 0 0 -0.00267316691665 -9.25307857532e-15
-0.3 -0.969696969697 0 0 -0.00325163077317 -8.82498788087e-15
-0.5 -0.969696969697 0 0 -0.00373840949128 -8.74546232225e-15
-0.7 -0.969696969697 0 0 -0.00399362391787 -8.94820698742e-15
-0.95 -0.969696969697 0 0 -0.00426459965978 -9.26504064916e-15
-0.05 -0.949494949495 0 0 -0.000803009163568 -1.02267708858e-14
-0.2 -0.949494949495 0 0 -0.00254377078265 -8.68498236088e-15
-0.3 -0.949494949495 0 0 -0.00306022656654 -8.31582694257e-15
-0.5 -0.949494949495 0 0 -0.00349418026173 -8.28589892055e-15
-0.7 -0.949494949495 0 0 -0.0037300327708 -8.50259249533e-15
-0.95 -0.949494949495 0 0 -0.00398897194876 -8.82354363774e-15
-0.05 -0.929292929293 0 0 -0.000778950922481 -9.58910673882e-15
-0.2 -0.929292929293 0 0 -0.00240875422992 -8.13241881231e-15
-0.3 -0.929292929293 0 0 -0.00286644592864 -7.81985477166e-15
-0.5 -0.929292929293 0 0 -0.00325247582169 -7.83448199277e-15
-0.7 -0.929292929293 0 0 -0.00347085661933 -8.06277925698e-15
-0.95 -0.929292929293 0 0 -0.00371837984045 -8.38673811857e-15
-0.05 -0.909090909091 0 0 -0.000753232428525 -8.96276017657e-15
-0.2 -0.909090909091 0 0 -0.0022686808806 -7.59586229997e-15
-0.3 -0.909090909091 0 0 -0.00267131440762 -7.33696776529e-15
-0.5 -0.909090909091 0 0 -0.00301414745351 -7.39114112846e-15
-0.7 -0.909090909091 0 0 -0.00321685777955 -7.62869634167e-15
-0.95 -0.909090909091 0 0 -0.00345344707115 -7.95465202747e-15
-0.05 -0.888888888889 0 0 -0.000725749386105 -8.34858020213e-15
-0.2 -0.888888888889 0 0 -0.00212429916658 -7.07569221203e-15
-0.3 -0.888888888889 0 0 -0.0024759652322 -6.86700615619e-15
-0.5 -0.888888888889 0 0 -0.00278006236699 -6.95585104002e-15
-0.7 -0.888888888889 0 0 -0.00296878463771 -7.20034652466e-15
-0.95 -0.888888888889 0 0 -0.00319480933237 -7.52735280765e-15
-0.05 -0.868686868687 0 0 -0.0006964055645 -7.74750444017e-15
-0.2 -0.868686868687 0 0 -0.00197654497284 -6.57218508093e-15
-0.3 -0.868686868687 0 0 -0.00228163146784 -6.40975764375e-15
-0.5 -0.868686868687 0 0 -0.00255113060826 -6.52859792558e-15
-0.7 -0.868686868687 0 0 -0.00272737639815 -6.77780520249e-15
-0.95 -0.868686868687 0 0 -0.00294311050358 -7.10495598414e-15
-0.05 -0.848484848485 0 0 -0.000665120381975 -7.16056649966e-15
-0.2 -0.848484848485 0 0 -0.00182653607071 -6.08551227228e-15
-0.3 -0.848484848485 0 0 -0.00208962812805 -5.96497167189e-15
-0.5 -0.848484848485 0 0 -0.00232831445848 -6.10936458283e-15
-0.7 -0.848484848485 0 0 -0.00249336493179 -6.36122245569e-15
-0.95 -0.848484848485 0 0 -0.00269899827832 -6.68763467092e-15
-0.05 -0.828282828283 0 0 -0.000631839330341 -6.58890168797e-15
-0.2 -0.828282828283 0 0 -0.00167555785239 -5.61574355764e-15
-0.3 -0.828282828283 0 0 -0.00190131349876 -5.53240056096e-15
-0.5 -0.828282828283 0 0 -0.00211261691794 -5.6981408276e-15
-0.7 -0.828282828283 0 0 -0.00226747284416 -5.95082939834e-15
-0.95 -0.828282828283 0 0 -0.00246311913541 -6.27562996066e-15
-0.05 -0.808080808081 0 0 -0.000596547822987 -6.0337494709e-15
-0.2 -0.808080808081 0 0 -0.00152503975632 -5.16285707804e-15
-0.3 -0.808080808081 0 0 -0.00171802224699 -5.11188249205e-15
-0.5 -0.808080808081 0 0 -0.00190503778607 -5.29497854697e-15
-0.7 -0.808080808081 0 0 -0.00205040846503 -5.54694783048e-15
-0.95 -0.808080808081 0 0 -0.00223611258802 -5.86926209077e-15
-0.05 -0.787878787879 0 0 -0.0005592888573 -5.49645032723e-15
-0.2 -0.787878787879 0 0 -0.00137652002246 -4.72675878695e-15
-0.3 -0.787878787879 0 0 -0.00154098899137 -4.70344620991e-15
-0.5 -0.787878787879 0 0 -0.00170651773887 -4.90006718887e-15
-0.7 -0.787878787879 0 0 -0.00184285851636 -5.15000190051e-15
-0.95 -0.787878787879 0 0 -0.00201860461335 -5.46894219364e-15
-0.05 -0.767676767677 0 0 -0.000520184387609 -4.97843373852e-15
-0.2 -0.767676767677 0 0 -0.00123159213677 -4.30732157174e-15
-0.3 -0.767676767677 0 0 -0.00137131079206 -4.30736775975e-15
-0.5 -0.767676767677 0 0 -0.00151790455431 -4.51378136937e-15
-0.7 -0.767676767677 0 0 -0.00164547889268 -4.76053058571e-15
-0.95 -0.767676767677 0 0 -0.00181120012006 -5.07518431261e-15
-0.05 -0.747474747475 0 0 -0.000479459346684 -4.48119307938e-15
-0.2 -0.747474747475 0 0 -0.00109182266477 -3.90446274668e-15
-0.3 -0.747474747475 0 0 -0.00120996862912 -3.92413741354e-15
-0.5 -0.747474747475 0 0 -0.00133994370015 -4.13669228409e-15
-0.7 -0.747474747475 0 0 -0.00145888367045 -4.37919979672e-15
-0.95 -0.747474747475 0 0 -0.00161447424427 -4.68861717417e-15
-0.05 -0.727272727273 0 0 -0.000437465666157 -4.00624239204e-15
-0.2 -0.727272727273 0 0 -0.00095864035359 -3.51826821622e-15
-0.3 -0.727272727273 0 0 -0.00105786248645 -3.55438851777e-15
-0.5 -0.727272727273 0 0 -0.00117327669373 -3.76956125501e-15
-0.7 -0.727272727273 0 0 -0.00128363221696 -4.00681266218e-15
-0.95 -0.727272727273 0 0 -0.00142896217518 -4.30999491738e-15
-0.05 -0.707070707071 0 0 -0.000394701268949 -3.55505009029e-15
-0.2 -0.707070707071 0 0 -0.000833231142176 -3.1491175478e-15
-0.3 -0.707070707071 0 0 -0.000915818886535 -3.19884404522e-15
-0.5 -0.707070707071 0 0 -0.0010184358234 -3.41332781542e-15
-0.7 -0.707070707071 0 0 -0.00112021408493 -3.64431599656e-15
-0.95 -0.707070707071 0 0 -0.00125514710462 -3.94020553285e-15
-0.05 -0.686868686869 0 0 -0.000351815624874 -3.12894717347e-15
-0.2 -0.686868686869 0 0 -0.000716496451169 -2.79771127178e-15
-0.3 -0.686868686869 0 0 -0.000784572547736 -2.85827743853e-15
-0.5 -0.686868686869 0 0 -0.000875831979423 -3.06909301171e-15
-0.7 -0.686868686869 0 0 -0.000969031264864 -3.29280002429e-15
-0.95 -0.686868686869 0 0 -0.00109344579122 -3.58027507199e-15
-0.05 -0.666666666667 0 0 -0.000309588848554 -2.72901615897e-15
-0.2 -0.666666666667 0 0 -0.000609081933955 -2.46495839919e-15
-0.3 -0.666666666667 0 0 -0.000664718405982 -2.53349457965e-15
-0.5 -0.666666666667 0 0 -0.000745736097589 -2.73809194028e-15
-0.7 -0.666666666667 0 0 -0.000830377378057 -2.95348706593e-15
-0.95 -0.666666666667 0 0 -0.000944191174418 -3.23136464729e-15
-0.05 -0.646464646465 0 0 -0.000268866700418 -2.35598683714e-15
-0.2 -0.646464646465 0 0 -0.000511414864965 -2.15179840259e-15
-0.3 -0.646464646465 0 0 -0.000556633733051 -2.22534372689e-15
-0.5 -0.646464646465 0 0 -0.000628255890005 -2.42164678467e-15
-0.7 -0.646464646465 0 0 -0.000704413664112 -2.62770317809e-15
-0.95 -0.646464646465 0 0 -0.000807611556312 -2.8947557862e-15
-0.05 -0.626262626263 0 0 -0.000230437377769 -2.01019435753e-15
-0.2 -0.626262626263 0 0 -0.000423710616914 -1.85902849048e-15
-0.3 -0.626262626263 0 0 -0.00046040807599 -1.93469969097e-15
-0.5 -0.626262626263 0 0 -0.00052331056237 -2.12109170212e-15
-0.7 -0.626262626263 0 0 -0.000591142418714 -2.3168253431e-15
-0.95 -0.626262626263 0 0 -0.000683806255802 -2.57181797373e-15
-0.05 -0.606060606061 0 0 -0.00019486782983 -1.69166550126e-15
-0.2 -0.606060606061 0 0 -0.000345965852936 -1.58714766143e-15
-0.3 -0.606060606061 0 0 -0.000375816847813 -1.66237629694e-15
-0.5 -0.606060606061 0 0 -0.000430608630746 -1.83766655257e-15
-0.7 -0.606060606061 0 0 -0.00049038036636 -2.02219787827e-15
-0.95 -0.606060606061 0 0 -0.000572718638568 -2.26395107195e-15
-0.05 -0.585858585859 0 0 -0.000162385461672 -1.40034098866e-15
-0.2 -0.585858585859 0 0 -0.000277956879313 -1.33627576649e-15
-0.3 -0.585858585859 0 0 -0.000302344277518 -1.40900604378e-15
-0.5 -0.585858585859 0 0 -0.000349638566255 -1.57239446888e-15
-0.7 -0.585858585859 0 0 -0.000401738015108 -1.74502026637e-15
-0.95 -0.585858585859 0 0 -0.000474109569538 -1.9724972982e-15
-0.05 -0.565656565657 0 0 -0.000132925338576 -1.13633720964e-15
-0.2 -0.565656565657 0 0 -0.00021925788896 -1.10625766953e-15
-0.3 -0.565656565657 0 0 -0.000239253020171 -1.17499374663e-15
-0.5 -0.565656565657 0 0 -0.000279687578484 -1.32599428531e-15
-0.7 -0.565656565657 0 0 -0.000324616562608 -1.48623214353e-15
-0.95 -0.565656565657 0 0 -0.00038753829537 -1.6986280874e-15
-0.05 -0.545454545455 0 0 -0.000106348352445 -9.00129648571e-16
-0.2 -0.545454545455 0 0 -0.000169304718279 -8.96982872166e-16
-0.3 -0.545454545455 0 0 -0.000185695127279 -9.60653520659e-16
-0.5 -0.545454545455 0 0 -0.00021990353873 -1.09891776893e-15
-0.7 -0.545454545455 0 0 -0.000258238654947 -1.24646102671e-15
-0.95 -0.545454545455 0 0 -0.0003123634195 -1.44323768279e-15
-0.05 -0.525252525253 0 0 -8.26504325281e-05 -6.92597492323e-16
-0.2 -0.525252525253 0 0 -0.000127488970595 -7.08787764227e-16
-0.3 -0.525252525253 0 0 -0.000140833613767 -7.66525546028e-16
-0.5 -0.525252525253 0 0 -0.000169396175859 -8.91582061861e-16
-0.7 -0.525252525253 0 0 -0.000201723943475 -1.02612523485e-15
-0.95 -0.525252525253 0 0 -0.000247780232613 -1.2069152868e-15
-0.05 -0.505050505051 0 0 -6.19949075881e-05 -5.14838225654e-16
-0.2 -0.505050505051 0 0 -9.32138043573e-05 -5.42664030493e-16
-0.3 -0.505050505051 0 0 -0.000103913993607 -5.93659049711e-16
-0.5 -0.505050505051 0 0 -0.000127335402748 -7.04721178516e-16
-0.7 -0.505050505051 0 0 -0.000154193521075 -8.25724935805e-16
-0.95 -0.505050505051 0 0 -0.000192901896102 -9.90083654624e-16
-0.05 -0.484848484848 0 0 -4.46021596489e-05 -3.6767704371e-16
-0.2 -0.484848484848 0 0 -6.58734781484e-05 -4.00046050372e-16
-0.3 -0.484848484848 0 0 -7.4246778351e-05 -4.4356451116e-16
-0.5 -0.484848484848 0 0 -9.29850494621e-05 -5.3958848618e-16
-0.7 -0.484848484848 0 0 -0.000114849859836 -6.46173211558e-16
-0.95 -0.484848484848 0 0 -0.000146861632612 -7.93309689397e-16
-0.05 -0.464646464646 0 0 -3.06172234916e-05 -2.5102744411e-16
-0.2 -0.464646464646 0 0 -4.47982977795e-05 -2.82230597104e-16
-0.3 -0.464646464646 0 0 -5.11352590086e-05 -3.17760290645e-16
-0.5 -0.464646464646 0 0 -6.5655220937e-05 -3.97765495068e-16
-0.7 -0.464646464646 0 0 -8.2979394851e-05 -4.88875682793e-16
-0.95 -0.464646464646 0 0 -0.000108879298482 -6.17604532298e-16
-0.05 -0.444444444444 0 0 -1.99989962791e-05 -1.63356554799e-16
-0.2 -0.444444444444 0 0 -2.92195221471e-05 -1.89654889658e-16
-0.3 -0.444444444444 0 0 -3.38152914326e-05 -2.17100990763e-16
-0.5 -0.444444444444 0 0 -4.4626681635e-05 -2.80614536239e-16
-0.7 -0.444444444444 0 0 -5.78877454572e-05 -3.55399773903e-16
-0.95 -0.444444444444 0 0 -7.82484614568e-05 -4.64429103254e-16
-0.05 -0.424242424242 0 0 -1.24476781884e-05 -1.01396421272e-16
-0.2 -0.424242424242 0 0 -1.82618561929e-05 -1.21214102957e-16
-0.3 -0.424242424242 0 0 -2.14297861671e-05 -1.41080636649e-16
-0.5 -0.424242424242 0 0 -2.91024995326e-05 -1.88588569135e-16
-0.7 -0.424242424242 0 0 -3.88308566227e-05 -2.46861593909e-16
-0.95 -0.424242424242 0 0 -5.42673458568e-05 -3.35302024184e-16
-0.05 -0.40404040404 0 0 -7.42475788431e-06 -6.03401480036e-17
-0.2 -0.40404040404 0 0 -1.09659167581e-05 -7.39206199373e-17
-0.3 -0.40404040404 0 0 -1.30332114437e-05 -8.73433779018e-17
-0.5 -0.40404040404 0 0 -1.81923664898e-05 -1.20575235318e-16
-0.7 -0.40404040404 0 0 -2.49797013757e-05 -1.63234988826e-16
-0.95 -0.40404040404 0 0 -3.6176496619e-05 -2.31169404414e-16
-0.05 -0.383838383838 0 0 -4.27987231124e-06 -3.47086555856e-17
-0.2 -0.383838383838 0 0 -6.36465613218e-06 -4.33306018475e-17
-0.3 -0.383838383838 0 0 -7.64529919298e-06 -5.18370708767e-17
-0.5 -0.383838383838 0 0 -1.09306478737e-05 -7.35810505085e-17
-0.7 -0.383838383838 0 0 -1.5414674931e-05 -1.02769978623e-16
-0.95 -0.383838383838 0 0 -2.3130214288e-05 -1.51726580061e-16
-0.05 -0.363636363636 0 0 -2.40514224697e-06 -1.94686975758e-17
-0.2 -0.363636363636 0 0 -3.59758648997e-06 -2.4639065592e-17
-0.3 -0.363636363636 0 0 -4.35699225804e-06 -2.97540809692e-17
-0.5 -0.363636363636 0 0 -6.35020361731e-06 -4.31750433469e-17
-0.7 -0.363636363636 0 0 -9.16046157784e-06 -6.19019990553e-17
-0.95 -0.363636363636 0 0 -1.41966335492e-05 -9.48962815293e-17
-0.05 -0.343434343434 0 0 -1.32768156826e-06 -1.07303841738e-17
-0.2 -0.343434343434 0 0 -1.99480960812e-06 -1.37092311561e-17
-0.3 -0.343434343434 0 0 -2.43038191788e-06 -1.66670472017e-17
-0.5 -0.343434343434 0 0 -3.59383725567e-06 -2.45819376851e-17
-0.7 -0.343434343434 0 0 -5.27743659652e-06 -3.5965387499e-17
-0.95 -0.343434343434 0 0 -8.40186022241e-06 -5.68694607912e-17
-0.05 -0.323232323232 0 0 -7.24106998922e-07 -5.84512169057e-18
-0.2 -0.323232323232 0 0 -1.09149474578e-06 -7.51579153671e-18
-0.3 -0.323232323232 0 0 -1.33547548807e-06 -9.18025768519e-18
-0.5 -0.323232323232 0 0 -1.9955797068e-06 -1.36974661309e-17
-0.7 -0.323232323232 0 0 -2.96960900629e-06 -2.03398785431e-17
-0.95 -0.323232323232 0 0 -4.82755327615e-06 -3.29317851335e-17
-0.05 -0.30303030303 0 0 -3.91788232362e-07 -3.15967927687e-18
-0.2 -0.30303030303 0 0 -5.91943330442e-07 -4.08034303429e-18
-0.3 -0.30303030303 0 0 -7.26420368737e-07 -5.0001323643e-18
-0.5 -0.30303030303 0 0 -1.09361578209e-06 -7.52122118268e-18
-0.7 -0.30303030303 0 0 -1.64313691763e-06 -1.12869899043e-17
-0.95 -0.30303030303 0 0 -2.71292621211e-06 -1.85921732574e-17
-0.05 -0.282828282828 0 0 -2.10886056674e-07 -1.69960844139e-18
-0.2 -0.282828282828 0 0 -3.19156817286e-07 -2.20126707969e-18
-0.3 -0.282828282828 0 0 -3.92491253066e-07 -2.70357263157e-18
-0.5 -0.282828282828 0 0 -5.94061832812e-07 -4.09003097184e-18
-0.7 -0.282828282828 0 0 -8.98780193292e-07 -6.18387848459e-18
-0.95 -0.282828282828 0 0 -1.50077399902e-06 -1.0312269082e-17
-0.05 -0.262626262626 0 0 -1.13132409158e-07 -9.11344065065e-19
-0.2 -0.262626262626 0 0 -1.71427907583e-07 -1.18273127596e-18
-0.3 -0.262626262626 0 0 -2.11142603983e-07 -1.45497191866e-18
-0.5 -0.262626262626 0 0 -3.20835735015e-07 -2.21021847683e-18
-0.7 -0.262626262626 0 0 -4.87875602211e-07 -3.35972791135e-18
-0.95 -0.262626262626 0 0 -8.21366303688e-07 -5.65219821459e-18
-0.05 -0.242424242424 0 0 -6.05598482035e-08 -4.87684414566e-19
-0.2 -0.242424242424 0 0 -9.18530773883e-08 -6.33827642589e-19
-0.3 -0.242424242424 0 0 -1.13264423525e-07 -7.80664301768e-19
-0.5 -0.242424242424 0 0 -1.72622494563e-07 -1.18956852562e-18
-0.7 -0.242424242424 0 0 -2.63504093253e-07 -1.8154897406e-18
-0.95 -0.242424242424 0 0 -4.46339705827e-07 -3.07397039113e-18
-0.05 -0.222222222222 0 0 -3.23724820561e-08 -2.60637381789e-19
-0.2 -0.222222222222 0 0 -4.91381329834e-08 -3.39105689549e-19
-0.3 -0.222222222222 0 0 -6.06481586459e-08 -4.18059301181e-19
-0.5 -0.222222222222 0 0 -9.26514272839e-08 -6.38586141953e-19
-0.7 -0.222222222222 0 0 -1.41856906429e-07 -9.77623166898e-19
-0.95 -0.222222222222 0 0 -2.41417475836e-07 -1.66339710857e-18
-0.05 -0.20202020202 0 0 -1.72894313314e-08 -1.39181781783e-19
-0.2 -0.20202020202 0 0 -2.6260524352e-08 -1.81234383974e-19
-0.3 -0.20202020202 0 0 -3.2436318762e-08 -2.23603370804e-19
-0.5 -0.20202020202 0 0 -4.96503314723e-08 -3.42239402209e-19
-0.7 -0.20202020202 0 0 -7.62073317101e-08 -5.25266332693e-19
-0.95 -0.20202020202 0 0 -1.30183052415e-07 -8.9719416843e-19
-0.05 -0.181818181818 0 0 -9.22879486624e-09 -7.42867047823e-20
-0.2 -0.181818181818 0 0 -1.40252695978e-08 -9.67964637124e-20
-0.3 -0.181818181818 0 0 -1.73349282858e-08 -1.19504160675e-19
-0.5 -0.181818181818 0 0 -2.65798816031e-08 -1.83224107273e-19
-0.7 -0.181818181818 0 0 -4.08837764238e-08 -2.81816921281e-19
-0.95 -0.181818181818 0 0 -7.00625130132e-08 -4.82919013519e-19
-0.05 -0.161616161616 0 0 -4.92453067786e-09 -3.96378757472e-20
-0.2 -0.161616161616 0 0 -7.48772759507e-09 -5.1677822777e-20
-0.3 -0.161616161616 0 0 -9.26003920182e-09 -6.38383110198e-20
-0.5 -0.161616161616 0 0 -1.42202502586e-08 -9.80276169279e-20
-0.7 -0.161616161616 0 0 -2.19142566779e-08 -1.51063888999e-19
-0.95 -0.161616161616 0 0 -3.76586617198e-08 -2.59587621709e-19
-0.05 -0.141414141414 0 0 -2.62724796714e-09 -2.11463324795e-20
-0.2 -0.141414141414 0 0 -3.99658812125e-09 -2.75833308803e-20
-0.3 -0.141414141414 0 0 -4.94520804183e-09 -3.40923692184e-20
-0.5 -0.141414141414 0 0 -7.60487802303e-09 -5.24251503334e-20
-0.7 -0.141414141414 0 0 -1.17399349221e-08 -8.09299333242e-20
-0.95 -0.141414141414 0 0 -2.0225130959e-08 -1.39420568405e-19
-0.05 -0.121212121212 0 0 -1.40149095287e-09 -1.12802301075e-20
-0.2 -0.121212121212 0 0 -2.13290810969e-09 -1.47207906887e-20
-0.3 -0.121212121212 0 0 -2.64051002646e-09 -1.82038229182e-20
-0.5 -0.121212121212 0 0 -4.06609473852e-09 -2.80303329087e-20
-0.7 -0.121212121212 0 0 -6.28725774014e-09 -4.33420939638e-20
-0.95 -0.121212121212 0 0 -1.08566956906e-08 -7.48414148656e-20
-0.05 -0.10101010101 0 0 -7.47573149613e-10 -6.01697106181e-21
-0.2 -0.10101010101 0 0 -1.13821285652e-09 -7.85567256334e-21
-0.3 -0.10101010101 0 0 -1.40978461881e-09 -9.71915940618e-21
-0.5 -0.10101010101 0 0 -2.17373115868e-09 -1.49850561393e-20
-0.7 -0.10101010101 0 0 -3.36645727191e-09 -2.32072927517e-20
-0.95 -0.10101010101 0 0 -5.82600855222e-09 -4.01624480689e-20
-0.05 -0.0808080808081 0 0 -3.98752177949e-10 -3.20941183584e-21
-0.2 -0.0808080808081 0 0 -6.0737608061e-10 -4.19196886033e-21
-0.3 -0.0808080808081 0 0 -7.52656295393e-10 -5.18887553317e-21
-0.5 -0.0808080808081 0 0 -1.16199036333e-09 -8.01043354872e-21
-0.7 -0.0808080808081 0 0 -1.80234342164e-09 -1.24248281837e-20
-0.95 -0.0808080808081 0 0 -3.12584311849e-09 -2.15485860371e-20
-0.05 -0.0606060606061 0 0 -2.12688932632e-10 -1.71185226987e-21
-0.2 -0.0606060606061 0 0 -3.24102676982e-10 -2.23688283492e-21
-0.3 -0.0606060606061 0 0 -4.01817859809e-10 -2.77016807711e-21
-0.5 -0.0606060606061 0 0 -6.21129159441e-10 -4.28189410694e-21
-0.7 -0.0606060606061 0 0 -9.64885419693e-10 -6.65164983726e-21
-0.95 -0.0606060606061 0 0 -1.67694757846e-09 -1.15603890701e-20
-0.05 -0.040404040404 0 0 -1.13444296281e-10 -9.13068854586e-22
-0.2 -0.040404040404 0 0 -1.72942835722e-10 -1.19361242029e-21
-0.3 -0.040404040404 0 0 -2.14513999176e-10 -1.47887919615e-21
-0.5 -0.040404040404 0 0 -3.3201059359e-10 -2.28879143155e-21
-0.7 -0.040404040404 0 0 -5.16534844593e-10 -3.56085000692e-21
-0.95 -0.040404040404 0 0 -8.99596137501e-10 -6.20156468386e-21
-0.05 -0.020202020202 0 0 -6.0508762695e-11 -4.87011096476e-22
-0.2 -0.020202020202 0 0 -9.22826091316e-11 -6.36913851192e-22
-0.3 -0.020202020202 0 0 -1.14519317772e-10 -7.89506859567e-22
-0.5 -0.020202020202 0 0 -1.7746672e-10 -1.22340808251e-21
-0.7 -0.020202020202 0 0 -2.76513128759e-10 -1.90620690743e-21
-0.95 -0.020202020202 0 0 -4.82572373255e-10 -3.32672225848e-21
-0.05 0.0 0 0 -3.22739951134e-11 -2.59760527095e-22
-0.2 0.0 0 0 -4.92420058265e-11 -3.39857294616e-22
-0.3 0.0 0 0 -6.11364341378e-11 -4.21480329794e-22
-0.5 0.0 0 0 -9.4859143581e-11 -6.53933668613e-22
-0.7 0.0 0 0 -1.48022494364e-10 -1.02042742186e-21
-0.95 0.0 0 0 -2.58863110758e-10 -1.78453251372e-21
